frame,face_id,timestamp,confidence,success,gaze_0_x,gaze_0_y,gaze_0_z,gaze_1_x,gaze_1_y,gaze_1_z,gaze_angle_x,gaze_angle_y,eye_lmk_x_0,eye_lmk_x_1,eye_lmk_x_2,eye_lmk_x_3,eye_lmk_x_4,eye_lmk_x_5,eye_lmk_x_6,eye_lmk_x_7,eye_lmk_x_8,eye_lmk_x_9,eye_lmk_x_10,eye_lmk_x_11,eye_lmk_x_12,eye_lmk_x_13,eye_lmk_x_14,eye_lmk_x_15,eye_lmk_x_16,eye_lmk_x_17,eye_lmk_x_18,eye_lmk_x_19,eye_lmk_x_20,eye_lmk_x_21,eye_lmk_x_22,eye_lmk_x_23,eye_lmk_x_24,eye_lmk_x_25,eye_lmk_x_26,eye_lmk_x_27,eye_lmk_x_28,eye_lmk_x_29,eye_lmk_x_30,eye_lmk_x_31,eye_lmk_x_32,eye_lmk_x_33,eye_lmk_x_34,eye_lmk_x_35,eye_lmk_x_36,eye_lmk_x_37,eye_lmk_x_38,eye_lmk_x_39,eye_lmk_x_40,eye_lmk_x_41,eye_lmk_x_42,eye_lmk_x_43,eye_lmk_x_44,eye_lmk_x_45,eye_lmk_x_46,eye_lmk_x_47,eye_lmk_x_48,eye_lmk_x_49,eye_lmk_x_50,eye_lmk_x_51,eye_lmk_x_52,eye_lmk_x_53,eye_lmk_x_54,eye_lmk_x_55,eye_lmk_y_0,eye_lmk_y_1,eye_lmk_y_2,eye_lmk_y_3,eye_lmk_y_4,eye_lmk_y_5,eye_lmk_y_6,eye_lmk_y_7,eye_lmk_y_8,eye_lmk_y_9,eye_lmk_y_10,eye_lmk_y_11,eye_lmk_y_12,eye_lmk_y_13,eye_lmk_y_14,eye_lmk_y_15,eye_lmk_y_16,eye_lmk_y_17,eye_lmk_y_18,eye_lmk_y_19,eye_lmk_y_20,eye_lmk_y_21,eye_lmk_y_22,eye_lmk_y_23,eye_lmk_y_24,eye_lmk_y_25,eye_lmk_y_26,eye_lmk_y_27,eye_lmk_y_28,eye_lmk_y_29,eye_lmk_y_30,eye_lmk_y_31,eye_lmk_y_32,eye_lmk_y_33,eye_lmk_y_34,eye_lmk_y_35,eye_lmk_y_36,eye_lmk_y_37,eye_lmk_y_38,eye_lmk_y_39,eye_lmk_y_40,eye_lmk_y_41,eye_lmk_y_42,eye_lmk_y_43,eye_lmk_y_44,eye_lmk_y_45,eye_lmk_y_46,eye_lmk_y_47,eye_lmk_y_48,eye_lmk_y_49,eye_lmk_y_50,eye_lmk_y_51,eye_lmk_y_52,eye_lmk_y_53,eye_lmk_y_54,eye_lmk_y_55,eye_lmk_X_0,eye_lmk_X_1,eye_lmk_X_2,eye_lmk_X_3,eye_lmk_X_4,eye_lmk_X_5,eye_lmk_X_6,eye_lmk_X_7,eye_lmk_X_8,eye_lmk_X_9,eye_lmk_X_10,eye_lmk_X_11,eye_lmk_X_12,eye_lmk_X_13,eye_lmk_X_14,eye_lmk_X_15,eye_lmk_X_16,eye_lmk_X_17,eye_lmk_X_18,eye_lmk_X_19,eye_lmk_X_20,eye_lmk_X_21,eye_lmk_X_22,eye_lmk_X_23,eye_lmk_X_24,eye_lmk_X_25,eye_lmk_X_26,eye_lmk_X_27,eye_lmk_X_28,eye_lmk_X_29,eye_lmk_X_30,eye_lmk_X_31,eye_lmk_X_32,eye_lmk_X_33,eye_lmk_X_34,eye_lmk_X_35,eye_lmk_X_36,eye_lmk_X_37,eye_lmk_X_38,eye_lmk_X_39,eye_lmk_X_40,eye_lmk_X_41,eye_lmk_X_42,eye_lmk_X_43,eye_lmk_X_44,eye_lmk_X_45,eye_lmk_X_46,eye_lmk_X_47,eye_lmk_X_48,eye_lmk_X_49,eye_lmk_X_50,eye_lmk_X_51,eye_lmk_X_52,eye_lmk_X_53,eye_lmk_X_54,eye_lmk_X_55,eye_lmk_Y_0,eye_lmk_Y_1,eye_lmk_Y_2,eye_lmk_Y_3,eye_lmk_Y_4,eye_lmk_Y_5,eye_lmk_Y_6,eye_lmk_Y_7,eye_lmk_Y_8,eye_lmk_Y_9,eye_lmk_Y_10,eye_lmk_Y_11,eye_lmk_Y_12,eye_lmk_Y_13,eye_lmk_Y_14,eye_lmk_Y_15,eye_lmk_Y_16,eye_lmk_Y_17,eye_lmk_Y_18,eye_lmk_Y_19,eye_lmk_Y_20,eye_lmk_Y_21,eye_lmk_Y_22,eye_lmk_Y_23,eye_lmk_Y_24,eye_lmk_Y_25,eye_lmk_Y_26,eye_lmk_Y_27,eye_lmk_Y_28,eye_lmk_Y_29,eye_lmk_Y_30,eye_lmk_Y_31,eye_lmk_Y_32,eye_lmk_Y_33,eye_lmk_Y_34,eye_lmk_Y_35,eye_lmk_Y_36,eye_lmk_Y_37,eye_lmk_Y_38,eye_lmk_Y_39,eye_lmk_Y_40,eye_lmk_Y_41,eye_lmk_Y_42,eye_lmk_Y_43,eye_lmk_Y_44,eye_lmk_Y_45,eye_lmk_Y_46,eye_lmk_Y_47,eye_lmk_Y_48,eye_lmk_Y_49,eye_lmk_Y_50,eye_lmk_Y_51,eye_lmk_Y_52,eye_lmk_Y_53,eye_lmk_Y_54,eye_lmk_Y_55,eye_lmk_Z_0,eye_lmk_Z_1,eye_lmk_Z_2,eye_lmk_Z_3,eye_lmk_Z_4,eye_lmk_Z_5,eye_lmk_Z_6,eye_lmk_Z_7,eye_lmk_Z_8,eye_lmk_Z_9,eye_lmk_Z_10,eye_lmk_Z_11,eye_lmk_Z_12,eye_lmk_Z_13,eye_lmk_Z_14,eye_lmk_Z_15,eye_lmk_Z_16,eye_lmk_Z_17,eye_lmk_Z_18,eye_lmk_Z_19,eye_lmk_Z_20,eye_lmk_Z_21,eye_lmk_Z_22,eye_lmk_Z_23,eye_lmk_Z_24,eye_lmk_Z_25,eye_lmk_Z_26,eye_lmk_Z_27,eye_lmk_Z_28,eye_lmk_Z_29,eye_lmk_Z_30,eye_lmk_Z_31,eye_lmk_Z_32,eye_lmk_Z_33,eye_lmk_Z_34,eye_lmk_Z_35,eye_lmk_Z_36,eye_lmk_Z_37,eye_lmk_Z_38,eye_lmk_Z_39,eye_lmk_Z_40,eye_lmk_Z_41,eye_lmk_Z_42,eye_lmk_Z_43,eye_lmk_Z_44,eye_lmk_Z_45,eye_lmk_Z_46,eye_lmk_Z_47,eye_lmk_Z_48,eye_lmk_Z_49,eye_lmk_Z_50,eye_lmk_Z_51,eye_lmk_Z_52,eye_lmk_Z_53,eye_lmk_Z_54,eye_lmk_Z_55,pose_Tx,pose_Ty,pose_Tz,pose_Rx,pose_Ry,pose_Rz
1,0,1656521706.704,0.00,0,0.000000,0.000000,0.000000,0.000000,0.000000,0.000000,0.000,0.000,0.0,0.0,0.0,0.0,0.0,0.0,0.0,0.0,0.0,0.0,0.0,0.0,0.0,0.0,0.0,0.0,0.0,0.0,0.0,0.0,0.0,0.0,0.0,0.0,0.0,0.0,0.0,0.0,0.0,0.0,0.0,0.0,0.0,0.0,0.0,0.0,0.0,0.0,0.0,0.0,0.0,0.0,0.0,0.0,0.0,0.0,0.0,0.0,0.0,0.0,0.0,0.0,0.0,0.0,0.0,0.0,0.0,0.0,0.0,0.0,0.0,0.0,0.0,0.0,0.0,0.0,0.0,0.0,0.0,0.0,0.0,0.0,0.0,0.0,0.0,0.0,0.0,0.0,0.0,0.0,0.0,0.0,0.0,0.0,0.0,0.0,0.0,0.0,0.0,0.0,0.0,0.0,0.0,0.0,0.0,0.0,0.0,0.0,0.0,0.0,0.0,0.0,0.0,0.0,0.0,0.0,0.0,0.0,0.0,0.0,0.0,0.0,-321.3,-321.6,-321.6,-321.4,-321.0,-320.8,-320.7,-320.9,-323.6,-322.2,-320.9,-320.2,-320.4,-321.1,-321.9,-321.0,-320.2,-320.1,-320.8,-322.1,-321.5,-321.4,-321.4,-321.5,-321.7,-321.8,-321.8,-321.6,-321.0,-321.4,-321.6,-321.6,-321.3,-320.9,-320.7,-320.8,-321.9,-321.1,-320.4,-320.2,-320.9,-322.2,-323.6,-322.1,-320.8,-320.1,-320.2,-321.0,-321.4,-321.4,-321.5,-321.6,-321.8,-321.8,-321.7,-321.5,-233.4,-233.6,-233.7,-233.5,-233.2,-233.1,-233.0,-233.1,-235.1,-234.1,-233.1,-232.6,-232.8,-233.3,-233.9,-233.2,-232.7,-232.6,-233.1,-234.0,-233.6,-233.5,-233.5,-233.6,-233.7,-233.8,-233.8,-233.7,-233.2,-233.5,-233.7,-233.6,-233.4,-233.1,-233.0,-233.1,-233.9,-233.3,-232.8,-232.6,-233.1,-234.1,-235.1,-234.0,-233.1,-232.6,-232.7,-233.2,-233.5,-233.5,-233.6,-233.7,-233.8,-233.8,-233.7,-233.6,603.0,603.6,603.7,603.3,602.5,602.2,601.8,602.3,607.3,604.7,602.2,600.9,601.3,602.6,604.1,602.5,601.0,600.9,602.2,604.6,603.4,603.2,603.2,603.5,603.8,604.0,603.9,603.7,602.5,603.3,603.7,603.6,603.0,602.3,601.8,602.2,604.1,602.6,601.3,600.9,602.2,604.7,607.3,604.6,602.2,600.9,601.0,602.5,603.2,603.2,603.4,603.7,603.9,604.0,603.8,603.5,-19634612.0,-14265477.0,36851256.0,-0.409,0.442,0.059
2,0,1656521706.759,0.00,0,0.000000,0.000000,0.000000,0.000000,0.000000,0.000000,0.000,0.000,0.0,0.0,0.0,0.0,0.0,0.0,0.0,0.0,0.0,0.0,0.0,0.0,0.0,0.0,0.0,0.0,0.0,0.0,0.0,0.0,0.0,0.0,0.0,0.0,0.0,0.0,0.0,0.0,0.0,0.0,0.0,0.0,0.0,0.0,0.0,0.0,0.0,0.0,0.0,0.0,0.0,0.0,0.0,0.0,0.0,0.0,0.0,0.0,0.0,0.0,0.0,0.0,0.0,0.0,0.0,0.0,0.0,0.0,0.0,0.0,0.0,0.0,0.0,0.0,0.0,0.0,0.0,0.0,0.0,0.0,0.0,0.0,0.0,0.0,0.0,0.0,0.0,0.0,0.0,0.0,0.0,0.0,0.0,0.0,0.0,0.0,0.0,0.0,0.0,0.0,0.0,0.0,0.0,0.0,0.0,0.0,0.0,0.0,0.0,0.0,0.0,0.0,0.0,0.0,0.0,0.0,0.0,0.0,0.0,0.0,0.0,0.0,-321.3,-321.6,-321.6,-321.4,-321.0,-320.8,-320.7,-320.9,-323.6,-322.2,-320.9,-320.2,-320.4,-321.1,-321.9,-321.0,-320.2,-320.1,-320.8,-322.1,-321.5,-321.4,-321.4,-321.5,-321.7,-321.8,-321.8,-321.6,-321.0,-321.4,-321.6,-321.6,-321.3,-320.9,-320.7,-320.8,-321.9,-321.1,-320.4,-320.2,-320.9,-322.2,-323.6,-322.1,-320.8,-320.1,-320.2,-321.0,-321.4,-321.4,-321.5,-321.6,-321.8,-321.8,-321.7,-321.5,-233.4,-233.6,-233.7,-233.5,-233.2,-233.1,-233.0,-233.1,-235.1,-234.1,-233.1,-232.6,-232.8,-233.3,-233.9,-233.2,-232.7,-232.6,-233.1,-234.0,-233.6,-233.5,-233.5,-233.6,-233.7,-233.8,-233.8,-233.7,-233.2,-233.5,-233.7,-233.6,-233.4,-233.1,-233.0,-233.1,-233.9,-233.3,-232.8,-232.6,-233.1,-234.1,-235.1,-234.0,-233.1,-232.6,-232.7,-233.2,-233.5,-233.5,-233.6,-233.7,-233.8,-233.8,-233.7,-233.6,603.0,603.6,603.7,603.3,602.5,602.2,601.8,602.3,607.3,604.7,602.2,600.9,601.3,602.6,604.1,602.5,601.0,600.9,602.2,604.6,603.4,603.2,603.2,603.5,603.8,604.0,603.9,603.7,602.5,603.3,603.7,603.6,603.0,602.3,601.8,602.2,604.1,602.6,601.3,600.9,602.2,604.7,607.3,604.6,602.2,600.9,601.0,602.5,603.2,603.2,603.4,603.7,603.9,604.0,603.8,603.5,-19634612.0,-14265477.0,36851256.0,-0.409,0.442,0.059
3,0,1656521706.764,0.00,0,0.000000,0.000000,0.000000,0.000000,0.000000,0.000000,0.000,0.000,0.0,0.0,0.0,0.0,0.0,0.0,0.0,0.0,0.0,0.0,0.0,0.0,0.0,0.0,0.0,0.0,0.0,0.0,0.0,0.0,0.0,0.0,0.0,0.0,0.0,0.0,0.0,0.0,0.0,0.0,0.0,0.0,0.0,0.0,0.0,0.0,0.0,0.0,0.0,0.0,0.0,0.0,0.0,0.0,0.0,0.0,0.0,0.0,0.0,0.0,0.0,0.0,0.0,0.0,0.0,0.0,0.0,0.0,0.0,0.0,0.0,0.0,0.0,0.0,0.0,0.0,0.0,0.0,0.0,0.0,0.0,0.0,0.0,0.0,0.0,0.0,0.0,0.0,0.0,0.0,0.0,0.0,0.0,0.0,0.0,0.0,0.0,0.0,0.0,0.0,0.0,0.0,0.0,0.0,0.0,0.0,0.0,0.0,0.0,0.0,0.0,0.0,0.0,0.0,0.0,0.0,0.0,0.0,0.0,0.0,0.0,0.0,-321.3,-321.6,-321.6,-321.4,-321.0,-320.8,-320.7,-320.9,-323.6,-322.2,-320.9,-320.2,-320.4,-321.1,-321.9,-321.0,-320.2,-320.1,-320.8,-322.1,-321.5,-321.4,-321.4,-321.5,-321.7,-321.8,-321.8,-321.6,-321.0,-321.4,-321.6,-321.6,-321.3,-320.9,-320.7,-320.8,-321.9,-321.1,-320.4,-320.2,-320.9,-322.2,-323.6,-322.1,-320.8,-320.1,-320.2,-321.0,-321.4,-321.4,-321.5,-321.6,-321.8,-321.8,-321.7,-321.5,-233.4,-233.6,-233.7,-233.5,-233.2,-233.1,-233.0,-233.1,-235.1,-234.1,-233.1,-232.6,-232.8,-233.3,-233.9,-233.2,-232.7,-232.6,-233.1,-234.0,-233.6,-233.5,-233.5,-233.6,-233.7,-233.8,-233.8,-233.7,-233.2,-233.5,-233.7,-233.6,-233.4,-233.1,-233.0,-233.1,-233.9,-233.3,-232.8,-232.6,-233.1,-234.1,-235.1,-234.0,-233.1,-232.6,-232.7,-233.2,-233.5,-233.5,-233.6,-233.7,-233.8,-233.8,-233.7,-233.6,603.0,603.6,603.7,603.3,602.5,602.2,601.8,602.3,607.3,604.7,602.2,600.9,601.3,602.6,604.1,602.5,601.0,600.9,602.2,604.6,603.4,603.2,603.2,603.5,603.8,604.0,603.9,603.7,602.5,603.3,603.7,603.6,603.0,602.3,601.8,602.2,604.1,602.6,601.3,600.9,602.2,604.7,607.3,604.6,602.2,600.9,601.0,602.5,603.2,603.2,603.4,603.7,603.9,604.0,603.8,603.5,-19634612.0,-14265477.0,36851256.0,-0.409,0.442,0.059
4,0,1656521707.147,0.00,0,0.000000,0.000000,0.000000,0.000000,0.000000,0.000000,0.000,0.000,0.0,0.0,0.0,0.0,0.0,0.0,0.0,0.0,0.0,0.0,0.0,0.0,0.0,0.0,0.0,0.0,0.0,0.0,0.0,0.0,0.0,0.0,0.0,0.0,0.0,0.0,0.0,0.0,0.0,0.0,0.0,0.0,0.0,0.0,0.0,0.0,0.0,0.0,0.0,0.0,0.0,0.0,0.0,0.0,0.0,0.0,0.0,0.0,0.0,0.0,0.0,0.0,0.0,0.0,0.0,0.0,0.0,0.0,0.0,0.0,0.0,0.0,0.0,0.0,0.0,0.0,0.0,0.0,0.0,0.0,0.0,0.0,0.0,0.0,0.0,0.0,0.0,0.0,0.0,0.0,0.0,0.0,0.0,0.0,0.0,0.0,0.0,0.0,0.0,0.0,0.0,0.0,0.0,0.0,0.0,0.0,0.0,0.0,0.0,0.0,0.0,0.0,0.0,0.0,0.0,0.0,0.0,0.0,0.0,0.0,0.0,0.0,-321.3,-321.6,-321.6,-321.4,-321.0,-320.8,-320.7,-320.9,-323.6,-322.2,-320.9,-320.2,-320.4,-321.1,-321.9,-321.0,-320.2,-320.1,-320.8,-322.1,-321.5,-321.4,-321.4,-321.5,-321.7,-321.8,-321.8,-321.6,-321.0,-321.4,-321.6,-321.6,-321.3,-320.9,-320.7,-320.8,-321.9,-321.1,-320.4,-320.2,-320.9,-322.2,-323.6,-322.1,-320.8,-320.1,-320.2,-321.0,-321.4,-321.4,-321.5,-321.6,-321.8,-321.8,-321.7,-321.5,-233.4,-233.6,-233.7,-233.5,-233.2,-233.1,-233.0,-233.1,-235.1,-234.1,-233.1,-232.6,-232.8,-233.3,-233.9,-233.2,-232.7,-232.6,-233.1,-234.0,-233.6,-233.5,-233.5,-233.6,-233.7,-233.8,-233.8,-233.7,-233.2,-233.5,-233.7,-233.6,-233.4,-233.1,-233.0,-233.1,-233.9,-233.3,-232.8,-232.6,-233.1,-234.1,-235.1,-234.0,-233.1,-232.6,-232.7,-233.2,-233.5,-233.5,-233.6,-233.7,-233.8,-233.8,-233.7,-233.6,603.0,603.6,603.7,603.3,602.5,602.2,601.8,602.3,607.3,604.7,602.2,600.9,601.3,602.6,604.1,602.5,601.0,600.9,602.2,604.6,603.4,603.2,603.2,603.5,603.8,604.0,603.9,603.7,602.5,603.3,603.7,603.6,603.0,602.3,601.8,602.2,604.1,602.6,601.3,600.9,602.2,604.7,607.3,604.6,602.2,600.9,601.0,602.5,603.2,603.2,603.4,603.7,603.9,604.0,603.8,603.5,-19634612.0,-14265477.0,36851256.0,-0.409,0.442,0.059
5,0,1656521707.180,0.00,0,0.000000,0.000000,0.000000,0.000000,0.000000,0.000000,0.000,0.000,0.0,0.0,0.0,0.0,0.0,0.0,0.0,0.0,0.0,0.0,0.0,0.0,0.0,0.0,0.0,0.0,0.0,0.0,0.0,0.0,0.0,0.0,0.0,0.0,0.0,0.0,0.0,0.0,0.0,0.0,0.0,0.0,0.0,0.0,0.0,0.0,0.0,0.0,0.0,0.0,0.0,0.0,0.0,0.0,0.0,0.0,0.0,0.0,0.0,0.0,0.0,0.0,0.0,0.0,0.0,0.0,0.0,0.0,0.0,0.0,0.0,0.0,0.0,0.0,0.0,0.0,0.0,0.0,0.0,0.0,0.0,0.0,0.0,0.0,0.0,0.0,0.0,0.0,0.0,0.0,0.0,0.0,0.0,0.0,0.0,0.0,0.0,0.0,0.0,0.0,0.0,0.0,0.0,0.0,0.0,0.0,0.0,0.0,0.0,0.0,0.0,0.0,0.0,0.0,0.0,0.0,0.0,0.0,0.0,0.0,0.0,0.0,-321.3,-321.6,-321.6,-321.4,-321.0,-320.8,-320.7,-320.9,-323.6,-322.2,-320.9,-320.2,-320.4,-321.1,-321.9,-321.0,-320.2,-320.1,-320.8,-322.1,-321.5,-321.4,-321.4,-321.5,-321.7,-321.8,-321.8,-321.6,-321.0,-321.4,-321.6,-321.6,-321.3,-320.9,-320.7,-320.8,-321.9,-321.1,-320.4,-320.2,-320.9,-322.2,-323.6,-322.1,-320.8,-320.1,-320.2,-321.0,-321.4,-321.4,-321.5,-321.6,-321.8,-321.8,-321.7,-321.5,-233.4,-233.6,-233.7,-233.5,-233.2,-233.1,-233.0,-233.1,-235.1,-234.1,-233.1,-232.6,-232.8,-233.3,-233.9,-233.2,-232.7,-232.6,-233.1,-234.0,-233.6,-233.5,-233.5,-233.6,-233.7,-233.8,-233.8,-233.7,-233.2,-233.5,-233.7,-233.6,-233.4,-233.1,-233.0,-233.1,-233.9,-233.3,-232.8,-232.6,-233.1,-234.1,-235.1,-234.0,-233.1,-232.6,-232.7,-233.2,-233.5,-233.5,-233.6,-233.7,-233.8,-233.8,-233.7,-233.6,603.0,603.6,603.7,603.3,602.5,602.2,601.8,602.3,607.3,604.7,602.2,600.9,601.3,602.6,604.1,602.5,601.0,600.9,602.2,604.6,603.4,603.2,603.2,603.5,603.8,604.0,603.9,603.7,602.5,603.3,603.7,603.6,603.0,602.3,601.8,602.2,604.1,602.6,601.3,600.9,602.2,604.7,607.3,604.6,602.2,600.9,601.0,602.5,603.2,603.2,603.4,603.7,603.9,604.0,603.8,603.5,-19634612.0,-14265477.0,36851256.0,-0.409,0.442,0.059
6,0,1656521707.214,0.00,0,0.000000,0.000000,0.000000,0.000000,0.000000,0.000000,0.000,0.000,0.0,0.0,0.0,0.0,0.0,0.0,0.0,0.0,0.0,0.0,0.0,0.0,0.0,0.0,0.0,0.0,0.0,0.0,0.0,0.0,0.0,0.0,0.0,0.0,0.0,0.0,0.0,0.0,0.0,0.0,0.0,0.0,0.0,0.0,0.0,0.0,0.0,0.0,0.0,0.0,0.0,0.0,0.0,0.0,0.0,0.0,0.0,0.0,0.0,0.0,0.0,0.0,0.0,0.0,0.0,0.0,0.0,0.0,0.0,0.0,0.0,0.0,0.0,0.0,0.0,0.0,0.0,0.0,0.0,0.0,0.0,0.0,0.0,0.0,0.0,0.0,0.0,0.0,0.0,0.0,0.0,0.0,0.0,0.0,0.0,0.0,0.0,0.0,0.0,0.0,0.0,0.0,0.0,0.0,0.0,0.0,0.0,0.0,0.0,0.0,0.0,0.0,0.0,0.0,0.0,0.0,0.0,0.0,0.0,0.0,0.0,0.0,-321.3,-321.6,-321.6,-321.4,-321.0,-320.8,-320.7,-320.9,-323.6,-322.2,-320.9,-320.2,-320.4,-321.1,-321.9,-321.0,-320.2,-320.1,-320.8,-322.1,-321.5,-321.4,-321.4,-321.5,-321.7,-321.8,-321.8,-321.6,-321.0,-321.4,-321.6,-321.6,-321.3,-320.9,-320.7,-320.8,-321.9,-321.1,-320.4,-320.2,-320.9,-322.2,-323.6,-322.1,-320.8,-320.1,-320.2,-321.0,-321.4,-321.4,-321.5,-321.6,-321.8,-321.8,-321.7,-321.5,-233.4,-233.6,-233.7,-233.5,-233.2,-233.1,-233.0,-233.1,-235.1,-234.1,-233.1,-232.6,-232.8,-233.3,-233.9,-233.2,-232.7,-232.6,-233.1,-234.0,-233.6,-233.5,-233.5,-233.6,-233.7,-233.8,-233.8,-233.7,-233.2,-233.5,-233.7,-233.6,-233.4,-233.1,-233.0,-233.1,-233.9,-233.3,-232.8,-232.6,-233.1,-234.1,-235.1,-234.0,-233.1,-232.6,-232.7,-233.2,-233.5,-233.5,-233.6,-233.7,-233.8,-233.8,-233.7,-233.6,603.0,603.6,603.7,603.3,602.5,602.2,601.8,602.3,607.3,604.7,602.2,600.9,601.3,602.6,604.1,602.5,601.0,600.9,602.2,604.6,603.4,603.2,603.2,603.5,603.8,604.0,603.9,603.7,602.5,603.3,603.7,603.6,603.0,602.3,601.8,602.2,604.1,602.6,601.3,600.9,602.2,604.7,607.3,604.6,602.2,600.9,601.0,602.5,603.2,603.2,603.4,603.7,603.9,604.0,603.8,603.5,-19634612.0,-14265477.0,36851256.0,-0.409,0.442,0.059
7,0,1656521707.247,0.00,0,0.000000,0.000000,0.000000,0.000000,0.000000,0.000000,0.000,0.000,0.0,0.0,0.0,0.0,0.0,0.0,0.0,0.0,0.0,0.0,0.0,0.0,0.0,0.0,0.0,0.0,0.0,0.0,0.0,0.0,0.0,0.0,0.0,0.0,0.0,0.0,0.0,0.0,0.0,0.0,0.0,0.0,0.0,0.0,0.0,0.0,0.0,0.0,0.0,0.0,0.0,0.0,0.0,0.0,0.0,0.0,0.0,0.0,0.0,0.0,0.0,0.0,0.0,0.0,0.0,0.0,0.0,0.0,0.0,0.0,0.0,0.0,0.0,0.0,0.0,0.0,0.0,0.0,0.0,0.0,0.0,0.0,0.0,0.0,0.0,0.0,0.0,0.0,0.0,0.0,0.0,0.0,0.0,0.0,0.0,0.0,0.0,0.0,0.0,0.0,0.0,0.0,0.0,0.0,0.0,0.0,0.0,0.0,0.0,0.0,0.0,0.0,0.0,0.0,0.0,0.0,0.0,0.0,0.0,0.0,0.0,0.0,-321.3,-321.6,-321.6,-321.4,-321.0,-320.8,-320.7,-320.9,-323.6,-322.2,-320.9,-320.2,-320.4,-321.1,-321.9,-321.0,-320.2,-320.1,-320.8,-322.1,-321.5,-321.4,-321.4,-321.5,-321.7,-321.8,-321.8,-321.6,-321.0,-321.4,-321.6,-321.6,-321.3,-320.9,-320.7,-320.8,-321.9,-321.1,-320.4,-320.2,-320.9,-322.2,-323.6,-322.1,-320.8,-320.1,-320.2,-321.0,-321.4,-321.4,-321.5,-321.6,-321.8,-321.8,-321.7,-321.5,-233.4,-233.6,-233.7,-233.5,-233.2,-233.1,-233.0,-233.1,-235.1,-234.1,-233.1,-232.6,-232.8,-233.3,-233.9,-233.2,-232.7,-232.6,-233.1,-234.0,-233.6,-233.5,-233.5,-233.6,-233.7,-233.8,-233.8,-233.7,-233.2,-233.5,-233.7,-233.6,-233.4,-233.1,-233.0,-233.1,-233.9,-233.3,-232.8,-232.6,-233.1,-234.1,-235.1,-234.0,-233.1,-232.6,-232.7,-233.2,-233.5,-233.5,-233.6,-233.7,-233.8,-233.8,-233.7,-233.6,603.0,603.6,603.7,603.3,602.5,602.2,601.8,602.3,607.3,604.7,602.2,600.9,601.3,602.6,604.1,602.5,601.0,600.9,602.2,604.6,603.4,603.2,603.2,603.5,603.8,604.0,603.9,603.7,602.5,603.3,603.7,603.6,603.0,602.3,601.8,602.2,604.1,602.6,601.3,600.9,602.2,604.7,607.3,604.6,602.2,600.9,601.0,602.5,603.2,603.2,603.4,603.7,603.9,604.0,603.8,603.5,-19634612.0,-14265477.0,36851256.0,-0.409,0.442,0.059
8,0,1656521707.281,0.00,0,0.000000,0.000000,0.000000,0.000000,0.000000,0.000000,0.000,0.000,0.0,0.0,0.0,0.0,0.0,0.0,0.0,0.0,0.0,0.0,0.0,0.0,0.0,0.0,0.0,0.0,0.0,0.0,0.0,0.0,0.0,0.0,0.0,0.0,0.0,0.0,0.0,0.0,0.0,0.0,0.0,0.0,0.0,0.0,0.0,0.0,0.0,0.0,0.0,0.0,0.0,0.0,0.0,0.0,0.0,0.0,0.0,0.0,0.0,0.0,0.0,0.0,0.0,0.0,0.0,0.0,0.0,0.0,0.0,0.0,0.0,0.0,0.0,0.0,0.0,0.0,0.0,0.0,0.0,0.0,0.0,0.0,0.0,0.0,0.0,0.0,0.0,0.0,0.0,0.0,0.0,0.0,0.0,0.0,0.0,0.0,0.0,0.0,0.0,0.0,0.0,0.0,0.0,0.0,0.0,0.0,0.0,0.0,0.0,0.0,0.0,0.0,0.0,0.0,0.0,0.0,0.0,0.0,0.0,0.0,0.0,0.0,-321.3,-321.6,-321.6,-321.4,-321.0,-320.8,-320.7,-320.9,-323.6,-322.2,-320.9,-320.2,-320.4,-321.1,-321.9,-321.0,-320.2,-320.1,-320.8,-322.1,-321.5,-321.4,-321.4,-321.5,-321.7,-321.8,-321.8,-321.6,-321.0,-321.4,-321.6,-321.6,-321.3,-320.9,-320.7,-320.8,-321.9,-321.1,-320.4,-320.2,-320.9,-322.2,-323.6,-322.1,-320.8,-320.1,-320.2,-321.0,-321.4,-321.4,-321.5,-321.6,-321.8,-321.8,-321.7,-321.5,-233.4,-233.6,-233.7,-233.5,-233.2,-233.1,-233.0,-233.1,-235.1,-234.1,-233.1,-232.6,-232.8,-233.3,-233.9,-233.2,-232.7,-232.6,-233.1,-234.0,-233.6,-233.5,-233.5,-233.6,-233.7,-233.8,-233.8,-233.7,-233.2,-233.5,-233.7,-233.6,-233.4,-233.1,-233.0,-233.1,-233.9,-233.3,-232.8,-232.6,-233.1,-234.1,-235.1,-234.0,-233.1,-232.6,-232.7,-233.2,-233.5,-233.5,-233.6,-233.7,-233.8,-233.8,-233.7,-233.6,603.0,603.6,603.7,603.3,602.5,602.2,601.8,602.3,607.3,604.7,602.2,600.9,601.3,602.6,604.1,602.5,601.0,600.9,602.2,604.6,603.4,603.2,603.2,603.5,603.8,604.0,603.9,603.7,602.5,603.3,603.7,603.6,603.0,602.3,601.8,602.2,604.1,602.6,601.3,600.9,602.2,604.7,607.3,604.6,602.2,600.9,601.0,602.5,603.2,603.2,603.4,603.7,603.9,604.0,603.8,603.5,-19634612.0,-14265477.0,36851256.0,-0.409,0.442,0.059
9,0,1656521707.314,0.00,0,0.000000,0.000000,0.000000,0.000000,0.000000,0.000000,0.000,0.000,0.0,0.0,0.0,0.0,0.0,0.0,0.0,0.0,0.0,0.0,0.0,0.0,0.0,0.0,0.0,0.0,0.0,0.0,0.0,0.0,0.0,0.0,0.0,0.0,0.0,0.0,0.0,0.0,0.0,0.0,0.0,0.0,0.0,0.0,0.0,0.0,0.0,0.0,0.0,0.0,0.0,0.0,0.0,0.0,0.0,0.0,0.0,0.0,0.0,0.0,0.0,0.0,0.0,0.0,0.0,0.0,0.0,0.0,0.0,0.0,0.0,0.0,0.0,0.0,0.0,0.0,0.0,0.0,0.0,0.0,0.0,0.0,0.0,0.0,0.0,0.0,0.0,0.0,0.0,0.0,0.0,0.0,0.0,0.0,0.0,0.0,0.0,0.0,0.0,0.0,0.0,0.0,0.0,0.0,0.0,0.0,0.0,0.0,0.0,0.0,0.0,0.0,0.0,0.0,0.0,0.0,0.0,0.0,0.0,0.0,0.0,0.0,-321.3,-321.6,-321.6,-321.4,-321.0,-320.8,-320.7,-320.9,-323.6,-322.2,-320.9,-320.2,-320.4,-321.1,-321.9,-321.0,-320.2,-320.1,-320.8,-322.1,-321.5,-321.4,-321.4,-321.5,-321.7,-321.8,-321.8,-321.6,-321.0,-321.4,-321.6,-321.6,-321.3,-320.9,-320.7,-320.8,-321.9,-321.1,-320.4,-320.2,-320.9,-322.2,-323.6,-322.1,-320.8,-320.1,-320.2,-321.0,-321.4,-321.4,-321.5,-321.6,-321.8,-321.8,-321.7,-321.5,-233.4,-233.6,-233.7,-233.5,-233.2,-233.1,-233.0,-233.1,-235.1,-234.1,-233.1,-232.6,-232.8,-233.3,-233.9,-233.2,-232.7,-232.6,-233.1,-234.0,-233.6,-233.5,-233.5,-233.6,-233.7,-233.8,-233.8,-233.7,-233.2,-233.5,-233.7,-233.6,-233.4,-233.1,-233.0,-233.1,-233.9,-233.3,-232.8,-232.6,-233.1,-234.1,-235.1,-234.0,-233.1,-232.6,-232.7,-233.2,-233.5,-233.5,-233.6,-233.7,-233.8,-233.8,-233.7,-233.6,603.0,603.6,603.7,603.3,602.5,602.2,601.8,602.3,607.3,604.7,602.2,600.9,601.3,602.6,604.1,602.5,601.0,600.9,602.2,604.6,603.4,603.2,603.2,603.5,603.8,604.0,603.9,603.7,602.5,603.3,603.7,603.6,603.0,602.3,601.8,602.2,604.1,602.6,601.3,600.9,602.2,604.7,607.3,604.6,602.2,600.9,601.0,602.5,603.2,603.2,603.4,603.7,603.9,604.0,603.8,603.5,-19634612.0,-14265477.0,36851256.0,-0.409,0.442,0.059
10,0,1656521707.347,0.00,0,0.000000,0.000000,0.000000,0.000000,0.000000,0.000000,0.000,0.000,0.0,0.0,0.0,0.0,0.0,0.0,0.0,0.0,0.0,0.0,0.0,0.0,0.0,0.0,0.0,0.0,0.0,0.0,0.0,0.0,0.0,0.0,0.0,0.0,0.0,0.0,0.0,0.0,0.0,0.0,0.0,0.0,0.0,0.0,0.0,0.0,0.0,0.0,0.0,0.0,0.0,0.0,0.0,0.0,0.0,0.0,0.0,0.0,0.0,0.0,0.0,0.0,0.0,0.0,0.0,0.0,0.0,0.0,0.0,0.0,0.0,0.0,0.0,0.0,0.0,0.0,0.0,0.0,0.0,0.0,0.0,0.0,0.0,0.0,0.0,0.0,0.0,0.0,0.0,0.0,0.0,0.0,0.0,0.0,0.0,0.0,0.0,0.0,0.0,0.0,0.0,0.0,0.0,0.0,0.0,0.0,0.0,0.0,0.0,0.0,0.0,0.0,0.0,0.0,0.0,0.0,0.0,0.0,0.0,0.0,0.0,0.0,-321.3,-321.6,-321.6,-321.4,-321.0,-320.8,-320.7,-320.9,-323.6,-322.2,-320.9,-320.2,-320.4,-321.1,-321.9,-321.0,-320.2,-320.1,-320.8,-322.1,-321.5,-321.4,-321.4,-321.5,-321.7,-321.8,-321.8,-321.6,-321.0,-321.4,-321.6,-321.6,-321.3,-320.9,-320.7,-320.8,-321.9,-321.1,-320.4,-320.2,-320.9,-322.2,-323.6,-322.1,-320.8,-320.1,-320.2,-321.0,-321.4,-321.4,-321.5,-321.6,-321.8,-321.8,-321.7,-321.5,-233.4,-233.6,-233.7,-233.5,-233.2,-233.1,-233.0,-233.1,-235.1,-234.1,-233.1,-232.6,-232.8,-233.3,-233.9,-233.2,-232.7,-232.6,-233.1,-234.0,-233.6,-233.5,-233.5,-233.6,-233.7,-233.8,-233.8,-233.7,-233.2,-233.5,-233.7,-233.6,-233.4,-233.1,-233.0,-233.1,-233.9,-233.3,-232.8,-232.6,-233.1,-234.1,-235.1,-234.0,-233.1,-232.6,-232.7,-233.2,-233.5,-233.5,-233.6,-233.7,-233.8,-233.8,-233.7,-233.6,603.0,603.6,603.7,603.3,602.5,602.2,601.8,602.3,607.3,604.7,602.2,600.9,601.3,602.6,604.1,602.5,601.0,600.9,602.2,604.6,603.4,603.2,603.2,603.5,603.8,604.0,603.9,603.7,602.5,603.3,603.7,603.6,603.0,602.3,601.8,602.2,604.1,602.6,601.3,600.9,602.2,604.7,607.3,604.6,602.2,600.9,601.0,602.5,603.2,603.2,603.4,603.7,603.9,604.0,603.8,603.5,-19634612.0,-14265477.0,36851256.0,-0.409,0.442,0.059
11,0,1656521707.381,0.00,0,0.000000,0.000000,0.000000,0.000000,0.000000,0.000000,0.000,0.000,0.0,0.0,0.0,0.0,0.0,0.0,0.0,0.0,0.0,0.0,0.0,0.0,0.0,0.0,0.0,0.0,0.0,0.0,0.0,0.0,0.0,0.0,0.0,0.0,0.0,0.0,0.0,0.0,0.0,0.0,0.0,0.0,0.0,0.0,0.0,0.0,0.0,0.0,0.0,0.0,0.0,0.0,0.0,0.0,0.0,0.0,0.0,0.0,0.0,0.0,0.0,0.0,0.0,0.0,0.0,0.0,0.0,0.0,0.0,0.0,0.0,0.0,0.0,0.0,0.0,0.0,0.0,0.0,0.0,0.0,0.0,0.0,0.0,0.0,0.0,0.0,0.0,0.0,0.0,0.0,0.0,0.0,0.0,0.0,0.0,0.0,0.0,0.0,0.0,0.0,0.0,0.0,0.0,0.0,0.0,0.0,0.0,0.0,0.0,0.0,0.0,0.0,0.0,0.0,0.0,0.0,0.0,0.0,0.0,0.0,0.0,0.0,-321.3,-321.6,-321.6,-321.4,-321.0,-320.8,-320.7,-320.9,-323.6,-322.2,-320.9,-320.2,-320.4,-321.1,-321.9,-321.0,-320.2,-320.1,-320.8,-322.1,-321.5,-321.4,-321.4,-321.5,-321.7,-321.8,-321.8,-321.6,-321.0,-321.4,-321.6,-321.6,-321.3,-320.9,-320.7,-320.8,-321.9,-321.1,-320.4,-320.2,-320.9,-322.2,-323.6,-322.1,-320.8,-320.1,-320.2,-321.0,-321.4,-321.4,-321.5,-321.6,-321.8,-321.8,-321.7,-321.5,-233.4,-233.6,-233.7,-233.5,-233.2,-233.1,-233.0,-233.1,-235.1,-234.1,-233.1,-232.6,-232.8,-233.3,-233.9,-233.2,-232.7,-232.6,-233.1,-234.0,-233.6,-233.5,-233.5,-233.6,-233.7,-233.8,-233.8,-233.7,-233.2,-233.5,-233.7,-233.6,-233.4,-233.1,-233.0,-233.1,-233.9,-233.3,-232.8,-232.6,-233.1,-234.1,-235.1,-234.0,-233.1,-232.6,-232.7,-233.2,-233.5,-233.5,-233.6,-233.7,-233.8,-233.8,-233.7,-233.6,603.0,603.6,603.7,603.3,602.5,602.2,601.8,602.3,607.3,604.7,602.2,600.9,601.3,602.6,604.1,602.5,601.0,600.9,602.2,604.6,603.4,603.2,603.2,603.5,603.8,604.0,603.9,603.7,602.5,603.3,603.7,603.6,603.0,602.3,601.8,602.2,604.1,602.6,601.3,600.9,602.2,604.7,607.3,604.6,602.2,600.9,601.0,602.5,603.2,603.2,603.4,603.7,603.9,604.0,603.8,603.5,-19634612.0,-14265477.0,36851256.0,-0.409,0.442,0.059
12,0,1656521707.414,0.00,0,0.000000,0.000000,0.000000,0.000000,0.000000,0.000000,0.000,0.000,0.0,0.0,0.0,0.0,0.0,0.0,0.0,0.0,0.0,0.0,0.0,0.0,0.0,0.0,0.0,0.0,0.0,0.0,0.0,0.0,0.0,0.0,0.0,0.0,0.0,0.0,0.0,0.0,0.0,0.0,0.0,0.0,0.0,0.0,0.0,0.0,0.0,0.0,0.0,0.0,0.0,0.0,0.0,0.0,0.0,0.0,0.0,0.0,0.0,0.0,0.0,0.0,0.0,0.0,0.0,0.0,0.0,0.0,0.0,0.0,0.0,0.0,0.0,0.0,0.0,0.0,0.0,0.0,0.0,0.0,0.0,0.0,0.0,0.0,0.0,0.0,0.0,0.0,0.0,0.0,0.0,0.0,0.0,0.0,0.0,0.0,0.0,0.0,0.0,0.0,0.0,0.0,0.0,0.0,0.0,0.0,0.0,0.0,0.0,0.0,0.0,0.0,0.0,0.0,0.0,0.0,0.0,0.0,0.0,0.0,0.0,0.0,-321.3,-321.6,-321.6,-321.4,-321.0,-320.8,-320.7,-320.9,-323.6,-322.2,-320.9,-320.2,-320.4,-321.1,-321.9,-321.0,-320.2,-320.1,-320.8,-322.1,-321.5,-321.4,-321.4,-321.5,-321.7,-321.8,-321.8,-321.6,-321.0,-321.4,-321.6,-321.6,-321.3,-320.9,-320.7,-320.8,-321.9,-321.1,-320.4,-320.2,-320.9,-322.2,-323.6,-322.1,-320.8,-320.1,-320.2,-321.0,-321.4,-321.4,-321.5,-321.6,-321.8,-321.8,-321.7,-321.5,-233.4,-233.6,-233.7,-233.5,-233.2,-233.1,-233.0,-233.1,-235.1,-234.1,-233.1,-232.6,-232.8,-233.3,-233.9,-233.2,-232.7,-232.6,-233.1,-234.0,-233.6,-233.5,-233.5,-233.6,-233.7,-233.8,-233.8,-233.7,-233.2,-233.5,-233.7,-233.6,-233.4,-233.1,-233.0,-233.1,-233.9,-233.3,-232.8,-232.6,-233.1,-234.1,-235.1,-234.0,-233.1,-232.6,-232.7,-233.2,-233.5,-233.5,-233.6,-233.7,-233.8,-233.8,-233.7,-233.6,603.0,603.6,603.7,603.3,602.5,602.2,601.8,602.3,607.3,604.7,602.2,600.9,601.3,602.6,604.1,602.5,601.0,600.9,602.2,604.6,603.4,603.2,603.2,603.5,603.8,604.0,603.9,603.7,602.5,603.3,603.7,603.6,603.0,602.3,601.8,602.2,604.1,602.6,601.3,600.9,602.2,604.7,607.3,604.6,602.2,600.9,601.0,602.5,603.2,603.2,603.4,603.7,603.9,604.0,603.8,603.5,-19634612.0,-14265477.0,36851256.0,-0.409,0.442,0.059
13,0,1656521707.447,0.98,1,-0.041059,0.047606,-0.998022,-0.228819,0.053643,-0.971990,-0.136,0.051,559.3,560.7,564.6,568.6,570.5,569.3,565.2,561.2,553.3,556.3,560.2,564.5,568.6,571.7,573.9,571.7,568.4,564.5,560.4,556.4,563.1,564.9,566.6,567.2,566.4,564.6,562.9,562.3,606.3,607.3,610.5,614.1,616.0,615.0,611.8,607.9,602.9,605.2,608.3,612.1,615.5,618.1,619.7,618.3,616.0,613.0,609.4,605.8,609.6,611.2,612.6,613.1,612.2,610.6,609.2,608.8,229.9,225.8,224.1,225.7,229.7,234.1,235.5,233.9,231.9,229.8,228.3,227.6,228.2,229.8,232.1,233.2,233.6,233.8,233.7,233.2,231.8,232.5,231.8,230.0,228.2,227.5,228.3,230.1,229.0,225.3,223.6,224.9,228.5,232.1,233.8,232.8,231.4,229.0,227.2,226.3,226.9,228.2,230.2,231.5,232.2,232.5,232.5,232.3,230.6,231.1,230.4,228.8,227.3,226.7,227.4,229.0,250.4,252.4,256.9,261.4,263.1,261.5,256.6,252.1,245.0,247.5,251.1,255.6,260.5,264.6,267.7,264.4,259.9,255.3,251.0,247.5,254.9,256.8,258.8,259.7,258.9,257.0,255.0,254.1,330.3,332.2,336.7,341.4,343.4,341.6,337.0,332.1,326.5,328.9,332.4,337.3,342.5,347.1,350.5,347.2,342.8,338.1,333.4,329.4,335.0,337.0,339.1,339.9,339.0,336.9,334.9,334.1,-3.4,-7.7,-9.6,-7.9,-3.6,1.0,2.5,0.8,-1.3,-3.5,-5.1,-5.9,-5.3,-3.6,-1.2,0.1,0.4,0.7,0.6,0.0,-1.4,-0.7,-1.5,-3.4,-5.2,-6.0,-5.1,-3.3,-4.9,-9.1,-11.1,-9.6,-5.5,-1.2,0.7,-0.4,-2.1,-4.9,-6.9,-8.0,-7.3,-5.8,-3.4,-1.9,-1.1,-0.8,-0.8,-0.9,-3.0,-2.4,-3.2,-5.1,-6.9,-7.5,-6.7,-4.8,634.4,635.7,636.9,637.4,636.8,635.8,634.3,633.8,637.0,635.2,633.9,633.8,635.2,637.2,639.2,636.7,634.3,633.0,633.2,634.8,635.6,635.8,636.3,636.9,637.2,637.0,636.4,635.9,699.0,700.5,702.2,703.2,702.8,701.3,699.5,698.7,699.1,698.6,698.6,699.6,702.1,705.3,708.3,704.8,701.4,699.0,697.9,698.2,700.6,701.0,701.8,702.5,702.6,702.2,701.4,700.8,360.6,31.5,812.9,-0.029,0.019,0.006
14,0,1656521707.523,0.98,1,-0.062130,0.055468,-0.996526,-0.234321,0.058967,-0.970369,-0.150,0.058,559.5,560.8,564.6,568.6,570.5,569.4,565.4,561.4,553.7,556.6,560.3,564.5,568.6,571.7,573.9,571.7,568.4,564.6,560.6,556.8,563.3,565.0,566.7,567.3,566.5,564.7,563.1,562.5,605.8,606.7,609.9,613.5,615.3,614.3,611.2,607.3,602.4,604.6,607.7,611.5,614.9,617.4,619.0,617.6,615.3,612.3,608.8,605.2,609.0,610.6,612.0,612.4,611.6,610.1,608.7,608.2,230.3,226.2,224.5,225.9,229.8,234.2,235.7,234.2,232.3,230.2,228.7,227.8,228.3,229.8,232.0,233.3,233.8,234.1,234.1,233.6,232.0,232.7,231.9,230.1,228.4,227.8,228.6,230.3,228.8,225.2,223.5,224.8,228.3,231.9,233.6,232.6,231.2,228.8,227.1,226.2,226.8,228.0,230.0,231.3,232.0,232.3,232.3,232.2,230.4,230.9,230.2,228.6,227.1,226.5,227.3,228.8,256.5,258.4,262.9,267.3,269.1,267.6,262.8,258.3,251.5,253.7,257.2,261.6,266.5,270.6,273.8,270.5,266.0,261.4,257.3,253.8,261.1,263.0,265.0,265.8,265.0,263.0,261.1,260.3,334.6,336.4,341.0,345.7,347.7,345.8,341.3,336.3,330.8,333.1,336.7,341.6,346.8,351.3,354.8,351.4,347.1,342.4,337.7,333.6,339.3,341.3,343.3,344.1,343.2,341.2,339.2,338.4,-3.1,-7.5,-9.4,-7.8,-3.6,1.1,2.7,1.1,-1.0,-3.2,-4.8,-5.7,-5.2,-3.6,-1.3,0.1,0.7,1.0,1.0,0.4,-1.2,-0.5,-1.4,-3.3,-5.1,-5.8,-5.0,-3.1,-5.1,-9.4,-11.4,-9.9,-5.7,-1.5,0.5,-0.7,-2.4,-5.1,-7.2,-8.2,-7.6,-6.1,-3.7,-2.1,-1.3,-1.0,-1.0,-1.2,-3.3,-2.6,-3.5,-5.4,-7.2,-7.8,-7.0,-5.1,649.4,650.5,651.5,651.9,651.4,650.6,649.3,648.9,652.4,650.4,648.9,648.6,649.8,651.7,653.7,651.4,649.1,648.0,648.4,650.1,650.6,650.7,651.2,651.6,651.9,651.7,651.3,650.8,709.4,710.8,712.5,713.4,713.1,711.7,710.0,709.1,709.6,709.0,708.9,709.9,712.4,715.6,718.7,715.2,711.8,709.4,708.4,708.7,711.0,711.5,712.2,712.8,713.0,712.5,711.8,711.2,364.5,31.4,819.8,-0.027,0.044,-0.023
15,0,1656521707.539,0.98,1,-0.072979,0.062904,-0.995348,-0.236447,0.065156,-0.969457,-0.156,0.065,559.6,560.9,564.7,568.6,570.5,569.4,565.4,561.4,553.9,556.7,560.4,564.6,568.6,571.8,574.0,571.7,568.4,564.6,560.6,556.9,563.4,565.1,566.7,567.3,566.5,564.8,563.1,562.6,605.6,606.6,609.8,613.3,615.2,614.2,611.0,607.2,602.2,604.5,607.5,611.3,614.7,617.2,618.8,617.5,615.2,612.2,608.6,605.0,608.9,610.4,611.8,612.3,611.5,609.9,608.5,608.1,230.3,226.3,224.5,226.0,229.9,234.2,235.7,234.2,232.3,230.2,228.7,227.9,228.4,229.9,232.0,233.3,233.8,234.2,234.1,233.6,232.1,232.7,231.9,230.2,228.5,227.8,228.6,230.4,228.6,225.0,223.3,224.6,228.1,231.7,233.4,232.4,231.0,228.7,226.9,226.1,226.6,227.8,229.7,231.1,231.8,232.1,232.1,232.0,230.2,230.7,230.0,228.4,226.9,226.3,227.0,228.6,258.5,260.4,264.8,269.3,271.1,269.6,264.8,260.3,253.6,255.8,259.1,263.5,268.4,272.6,275.8,272.5,268.0,263.4,259.2,255.9,263.1,265.0,266.9,267.8,267.0,265.0,263.1,262.3,333.2,334.9,339.5,344.2,346.2,344.4,339.9,334.9,329.3,331.7,335.2,340.1,345.3,349.9,353.3,350.0,345.6,340.9,336.3,332.2,337.8,339.9,341.9,342.7,341.8,339.7,337.7,336.9,-3.1,-7.4,-9.4,-7.8,-3.6,1.1,2.7,1.1,-0.9,-3.2,-4.8,-5.7,-5.2,-3.6,-1.3,0.2,0.7,1.1,1.1,0.5,-1.2,-0.5,-1.3,-3.3,-5.1,-5.8,-4.9,-3.0,-5.3,-9.6,-11.6,-10.1,-6.0,-1.7,0.3,-0.9,-2.6,-5.3,-7.3,-8.3,-7.7,-6.3,-4.1,-2.4,-1.6,-1.2,-1.2,-1.4,-3.5,-2.9,-3.7,-5.6,-7.4,-8.1,-7.2,-5.3,654.3,655.2,656.2,656.5,656.0,655.3,654.1,653.8,657.4,655.3,653.7,653.3,654.5,656.3,658.3,656.1,653.9,652.8,653.3,655.0,655.3,655.5,655.9,656.3,656.5,656.4,656.0,655.5,706.7,708.0,709.7,710.7,710.5,709.1,707.5,706.5,706.9,706.3,706.2,707.2,709.7,712.9,716.1,712.6,709.2,706.8,705.8,706.1,708.4,708.8,709.6,710.2,710.3,709.8,709.1,708.5,365.3,31.3,821.0,-0.019,0.065,-0.045
16,0,1656521707.555,0.98,1,-0.077065,0.064625,-0.994929,-0.239574,0.066573,-0.968593,-0.160,0.067,559.6,561.0,564.7,568.7,570.5,569.5,565.5,561.5,554.0,556.7,560.4,564.6,568.6,571.8,574.0,571.8,568.5,564.6,560.7,556.9,563.4,565.1,566.8,567.4,566.5,564.8,563.2,562.6,605.5,606.5,609.7,613.3,615.1,614.2,610.9,607.1,602.1,604.4,607.5,611.2,614.7,617.2,618.8,617.4,615.1,612.1,608.5,604.9,608.8,610.4,611.8,612.2,611.4,609.9,608.4,608.0,230.5,226.5,224.6,226.1,230.0,234.3,235.8,234.3,232.4,230.4,228.8,228.0,228.4,229.9,232.1,233.4,233.9,234.3,234.3,233.8,232.2,232.8,232.0,230.3,228.6,227.9,228.7,230.5,228.5,224.8,223.1,224.4,227.9,231.6,233.3,232.3,230.9,228.6,226.8,225.9,226.4,227.7,229.6,231.0,231.7,232.1,232.1,231.9,230.0,230.6,229.9,228.3,226.7,226.2,226.9,228.5,258.7,260.6,265.0,269.4,271.3,269.8,265.0,260.6,253.8,256.0,259.3,263.7,268.6,272.8,276.0,272.7,268.2,263.6,259.5,256.1,263.3,265.2,267.1,268.0,267.1,265.2,263.3,262.5,332.6,334.3,338.9,343.6,345.6,343.8,339.3,334.3,328.7,331.0,334.6,339.5,344.7,349.2,352.7,349.4,345.0,340.3,335.7,331.6,337.2,339.3,341.3,342.1,341.2,339.1,337.1,336.3,-2.9,-7.3,-9.3,-7.7,-3.5,1.2,2.8,1.3,-0.8,-3.1,-4.7,-5.6,-5.1,-3.5,-1.2,0.3,0.8,1.3,1.2,0.6,-1.1,-0.4,-1.3,-3.2,-5.0,-5.7,-4.8,-2.9,-5.5,-9.8,-11.8,-10.3,-6.1,-1.8,0.2,-1.0,-2.6,-5.4,-7.4,-8.5,-7.9,-6.5,-4.3,-2.6,-1.7,-1.3,-1.3,-1.5,-3.7,-3.0,-3.9,-5.8,-7.6,-8.2,-7.4,-5.5,654.7,655.6,656.5,656.8,656.4,655.7,654.5,654.2,657.8,655.7,654.1,653.7,654.8,656.7,658.6,656.4,654.3,653.2,653.7,655.5,655.7,655.9,656.3,656.7,656.9,656.8,656.4,655.9,705.6,706.9,708.5,709.5,709.3,708.0,706.4,705.5,705.9,705.2,705.1,706.1,708.5,711.8,715.0,711.5,708.1,705.7,704.7,705.0,707.3,707.7,708.5,709.0,709.1,708.7,708.0,707.4,366.7,31.2,824.0,-0.012,0.075,-0.056
17,0,1656521707.581,0.98,1,-0.082063,0.069464,-0.994203,-0.241259,0.069204,-0.967990,-0.163,0.071,559.5,560.9,564.6,568.6,570.4,569.3,565.3,561.4,553.9,556.6,560.3,564.5,568.6,571.7,573.9,571.7,568.4,564.5,560.5,556.8,563.3,565.0,566.7,567.3,566.5,564.7,563.1,562.5,605.5,606.5,609.7,613.3,615.1,614.1,610.9,607.0,602.0,604.3,607.4,611.2,614.7,617.2,618.8,617.4,615.1,612.1,608.5,604.9,608.8,610.3,611.8,612.2,611.4,609.8,608.4,608.0,230.5,226.5,224.7,226.2,230.0,234.3,235.8,234.4,232.5,230.4,228.9,228.0,228.5,230.0,232.1,233.5,234.0,234.4,234.3,233.8,232.2,232.9,232.1,230.3,228.6,228.0,228.8,230.5,228.5,224.8,223.1,224.4,228.0,231.7,233.4,232.4,231.0,228.6,226.9,226.0,226.5,227.7,229.6,231.0,231.7,232.1,232.1,232.0,230.1,230.7,229.9,228.3,226.8,226.2,226.9,228.5,258.4,260.2,264.6,269.1,270.9,269.4,264.6,260.2,253.5,255.6,259.0,263.3,268.2,272.4,275.6,272.3,267.8,263.2,259.1,255.8,262.9,264.8,266.8,267.6,266.8,264.9,262.9,262.1,330.7,332.4,337.0,341.7,343.8,342.0,337.4,332.5,326.8,329.2,332.7,337.6,342.8,347.4,350.8,347.5,343.2,338.5,333.8,329.7,335.4,337.4,339.4,340.2,339.3,337.2,335.2,334.5,-2.9,-7.3,-9.2,-7.6,-3.4,1.3,2.9,1.3,-0.8,-3.0,-4.7,-5.6,-5.0,-3.4,-1.1,0.4,0.9,1.3,1.3,0.7,-1.0,-0.3,-1.2,-3.1,-4.9,-5.6,-4.8,-2.9,-5.4,-9.7,-11.7,-10.2,-6.1,-1.7,0.3,-0.9,-2.6,-5.3,-7.3,-8.3,-7.8,-6.4,-4.2,-2.6,-1.7,-1.2,-1.2,-1.4,-3.6,-2.9,-3.8,-5.7,-7.5,-8.2,-7.3,-5.4,654.1,655.0,655.9,656.1,655.7,655.0,653.9,653.6,657.3,655.2,653.5,653.0,654.2,656.0,657.9,655.8,653.6,652.6,653.2,654.9,655.1,655.3,655.6,656.1,656.3,656.1,655.8,655.3,701.8,703.0,704.7,705.8,705.6,704.3,702.6,701.7,702.0,701.4,701.3,702.3,704.8,708.0,711.2,707.8,704.4,702.0,700.9,701.2,703.5,704.0,704.7,705.3,705.3,704.9,704.2,703.6,366.7,31.0,823.8,-0.006,0.086,-0.065
18,0,1656521707.614,0.98,1,-0.091872,0.072082,-0.993158,-0.243705,0.071284,-0.967226,-0.170,0.073,559.5,560.9,564.6,568.6,570.4,569.3,565.3,561.4,553.9,556.6,560.2,564.4,568.5,571.7,574.0,571.7,568.3,564.5,560.5,556.8,563.3,565.0,566.7,567.3,566.5,564.7,563.1,562.5,605.3,606.3,609.6,613.2,615.0,614.0,610.8,606.9,601.9,604.2,607.3,611.1,614.6,617.1,618.7,617.3,615.0,611.9,608.3,604.7,608.6,610.2,611.6,612.1,611.3,609.7,608.3,607.8,230.6,226.6,224.8,226.2,230.1,234.4,235.9,234.5,232.5,230.5,229.0,228.1,228.6,230.0,232.2,233.5,234.1,234.5,234.4,233.9,232.3,232.9,232.1,230.4,228.7,228.0,228.8,230.6,228.5,224.8,223.1,224.4,228.0,231.7,233.4,232.4,230.9,228.6,226.9,226.0,226.5,227.7,229.5,231.0,231.7,232.1,232.1,231.9,230.1,230.6,229.9,228.3,226.7,226.1,226.9,228.5,258.7,260.6,264.9,269.4,271.2,269.8,265.0,260.6,254.0,256.1,259.3,263.6,268.5,272.7,275.9,272.6,268.1,263.6,259.5,256.2,263.3,265.2,267.1,267.9,267.1,265.2,263.3,262.5,328.6,330.3,334.9,339.6,341.7,339.9,335.3,330.4,324.7,327.1,330.6,335.5,340.7,345.3,348.7,345.4,341.1,336.4,331.7,327.6,333.3,335.3,337.3,338.1,337.2,335.1,333.1,332.4,-2.8,-7.2,-9.2,-7.6,-3.4,1.3,3.0,1.4,-0.7,-2.9,-4.6,-5.5,-5.0,-3.4,-1.1,0.4,1.0,1.4,1.4,0.8,-1.0,-0.3,-1.1,-3.1,-4.9,-5.6,-4.7,-2.8,-5.4,-9.7,-11.7,-10.2,-6.1,-1.7,0.3,-0.9,-2.6,-5.3,-7.3,-8.3,-7.8,-6.4,-4.2,-2.6,-1.7,-1.2,-1.2,-1.4,-3.6,-2.9,-3.8,-5.7,-7.5,-8.2,-7.3,-5.4,655.1,655.9,656.7,656.9,656.4,655.8,654.8,654.6,658.4,656.2,654.4,653.9,654.9,656.7,658.7,656.6,654.5,653.5,654.1,656.0,656.1,656.2,656.5,656.9,657.1,657.0,656.6,656.3,697.7,698.9,700.6,701.7,701.5,700.3,698.6,697.7,698.0,697.3,697.2,698.2,700.7,704.0,707.2,703.7,700.4,697.9,696.9,697.2,699.5,699.9,700.7,701.2,701.3,700.8,700.1,699.5,366.8,31.0,823.7,-0.003,0.098,-0.074
19,0,1656521707.647,0.98,1,-0.089699,0.070883,-0.993443,-0.242468,0.070238,-0.967614,-0.168,0.072,559.6,561.0,564.7,568.7,570.5,569.4,565.4,561.4,554.0,556.7,560.3,564.5,568.6,571.8,574.0,571.7,568.4,564.6,560.6,556.9,563.4,565.1,566.8,567.3,566.5,564.8,563.2,562.6,605.4,606.4,609.6,613.2,615.0,614.0,610.8,606.9,601.9,604.2,607.3,611.1,614.6,617.1,618.7,617.3,615.0,612.0,608.4,604.7,608.7,610.2,611.7,612.1,611.3,609.7,608.3,607.9,230.4,226.4,224.6,226.0,229.9,234.2,235.7,234.2,232.4,230.3,228.7,227.9,228.4,229.9,232.0,233.4,233.9,234.3,234.2,233.7,232.1,232.7,231.9,230.2,228.5,227.9,228.7,230.4,228.4,224.6,222.9,224.2,227.8,231.5,233.2,232.2,230.8,228.4,226.7,225.8,226.3,227.5,229.4,230.8,231.6,231.9,231.9,231.8,229.9,230.5,229.7,228.1,226.6,226.0,226.7,228.4,259.2,261.0,265.4,269.8,271.6,270.2,265.4,261.0,254.4,256.5,259.7,264.1,269.0,273.1,276.4,273.0,268.5,264.0,259.9,256.6,263.7,265.6,267.6,268.4,267.6,265.6,263.7,262.9,328.6,330.3,334.9,339.6,341.7,339.9,335.3,330.4,324.7,327.1,330.6,335.5,340.7,345.3,348.7,345.4,341.1,336.4,331.7,327.6,333.3,335.3,337.3,338.1,337.2,335.1,333.1,332.4,-3.0,-7.4,-9.4,-7.8,-3.6,1.1,2.8,1.2,-0.9,-3.2,-4.8,-5.7,-5.2,-3.6,-1.2,0.2,0.8,1.2,1.2,0.6,-1.2,-0.5,-1.3,-3.2,-5.1,-5.8,-4.9,-3.0,-5.6,-9.9,-11.9,-10.4,-6.2,-1.9,0.1,-1.1,-2.8,-5.5,-7.5,-8.5,-8.0,-6.6,-4.4,-2.7,-1.8,-1.4,-1.4,-1.6,-3.8,-3.1,-4.0,-5.9,-7.7,-8.3,-7.5,-5.6,655.9,656.8,657.6,657.8,657.3,656.7,655.6,655.4,659.1,657.0,655.3,654.8,655.9,657.7,659.6,657.4,655.3,654.4,654.9,656.7,656.9,657.0,657.3,657.7,657.9,657.8,657.5,657.1,697.6,698.9,700.5,701.6,701.5,700.2,698.5,697.5,697.9,697.2,697.1,698.1,700.6,703.9,707.1,703.6,700.3,697.9,696.8,697.1,699.4,699.8,700.6,701.1,701.2,700.7,700.0,699.4,367.0,30.8,824.2,-0.000,0.096,-0.073
20,0,1656521707.681,0.98,1,-0.094981,0.074266,-0.992705,-0.244075,0.072380,-0.967051,-0.171,0.075,559.7,561.0,564.8,568.7,570.6,569.5,565.5,561.5,554.2,556.8,560.4,564.6,568.7,571.8,574.1,571.8,568.5,564.6,560.7,557.0,563.5,565.2,566.8,567.4,566.6,564.9,563.3,562.7,605.4,606.4,609.7,613.3,615.1,614.1,610.8,606.9,601.9,604.2,607.4,611.2,614.6,617.1,618.7,617.4,615.0,612.0,608.4,604.7,608.7,610.3,611.7,612.1,611.3,609.8,608.4,607.9,230.2,226.2,224.4,225.9,229.7,234.0,235.5,234.1,232.2,230.1,228.6,227.7,228.2,229.7,231.8,233.2,233.8,234.1,234.1,233.5,231.9,232.6,231.8,230.0,228.3,227.7,228.5,230.2,228.3,224.5,222.9,224.2,227.8,231.5,233.2,232.1,230.7,228.4,226.6,225.8,226.3,227.5,229.4,230.8,231.5,231.9,231.9,231.7,229.8,230.4,229.7,228.1,226.5,225.9,226.7,228.3,260.1,261.9,266.3,270.7,272.5,271.1,266.3,261.9,255.3,257.4,260.6,265.0,269.8,274.0,277.3,273.9,269.4,264.9,260.8,257.5,264.6,266.5,268.5,269.3,268.5,266.5,264.6,263.8,329.2,330.9,335.5,340.2,342.3,340.5,335.9,330.9,325.3,327.6,331.2,336.1,341.3,345.9,349.3,346.0,341.6,336.9,332.2,328.2,333.8,335.9,337.9,338.7,337.8,335.7,333.7,332.9,-3.2,-7.6,-9.5,-8.0,-3.7,1.0,2.6,1.0,-1.1,-3.3,-5.0,-5.9,-5.4,-3.8,-1.4,0.1,0.7,1.1,1.0,0.4,-1.3,-0.7,-1.5,-3.4,-5.3,-6.0,-5.1,-3.2,-5.7,-10.0,-12.0,-10.5,-6.3,-2.0,0.0,-1.2,-2.9,-5.6,-7.6,-8.6,-8.0,-6.6,-4.5,-2.8,-1.9,-1.5,-1.5,-1.7,-3.9,-3.2,-4.0,-5.9,-7.8,-8.4,-7.6,-5.7,657.9,658.8,659.5,659.8,659.3,658.7,657.7,657.5,661.3,659.1,657.3,656.8,657.8,659.6,661.5,659.4,657.3,656.4,657.0,658.9,658.9,659.0,659.4,659.7,659.9,659.8,659.5,659.1,698.7,699.9,701.6,702.7,702.5,701.3,699.6,698.6,699.0,698.3,698.2,699.2,701.7,705.0,708.2,704.8,701.4,699.0,697.9,698.2,700.5,700.9,701.7,702.2,702.3,701.8,701.1,700.5,367.2,30.7,824.2,0.000,0.104,-0.077
21,0,1656521707.714,0.98,1,-0.093551,0.077156,-0.992620,-0.242158,0.076167,-0.967243,-0.170,0.078,559.6,560.9,564.6,568.6,570.4,569.3,565.4,561.4,554.1,556.7,560.3,564.5,568.5,571.7,573.9,571.7,568.3,564.5,560.6,556.9,563.4,565.1,566.7,567.3,566.5,564.8,563.1,562.6,605.3,606.3,609.5,613.1,614.9,613.9,610.7,606.8,601.8,604.1,607.2,611.1,614.5,617.0,618.5,617.2,614.9,611.8,608.3,604.6,608.6,610.1,611.5,612.0,611.2,609.6,608.2,607.8,230.3,226.3,224.5,225.9,229.8,234.1,235.6,234.1,232.2,230.2,228.7,227.8,228.3,229.7,231.9,233.2,233.8,234.2,234.1,233.6,232.0,232.6,231.8,230.1,228.4,227.8,228.5,230.3,228.1,224.4,222.7,224.0,227.5,231.2,233.0,232.0,230.5,228.2,226.5,225.6,226.1,227.2,229.1,230.5,231.3,231.7,231.7,231.5,229.6,230.2,229.5,227.8,226.3,225.7,226.5,228.1,260.6,262.4,266.8,271.2,273.1,271.6,266.8,262.4,255.8,257.9,261.2,265.5,270.4,274.6,277.8,274.5,270.0,265.4,261.3,258.1,265.1,267.1,269.0,269.8,269.0,267.1,265.1,264.3,329.3,331.1,335.6,340.3,342.4,340.7,336.1,331.1,325.4,327.8,331.4,336.3,341.5,346.0,349.4,346.2,341.8,337.1,332.4,328.3,334.0,336.1,338.1,338.8,337.9,335.9,333.9,333.1,-3.1,-7.5,-9.5,-7.9,-3.7,1.0,2.6,1.1,-1.0,-3.3,-4.9,-5.9,-5.4,-3.8,-1.4,0.1,0.7,1.1,1.1,0.5,-1.3,-0.6,-1.5,-3.4,-5.2,-5.9,-5.1,-3.1,-5.9,-10.2,-12.2,-10.7,-6.6,-2.2,-0.2,-1.4,-3.1,-5.8,-7.8,-8.8,-8.3,-6.9,-4.8,-3.1,-2.2,-1.8,-1.7,-1.9,-4.1,-3.4,-4.3,-6.2,-8.0,-8.7,-7.8,-5.9,659.6,660.4,661.2,661.4,661.0,660.4,659.3,659.1,662.9,660.7,658.9,658.4,659.5,661.3,663.2,661.1,659.0,658.1,658.7,660.5,660.6,660.7,661.0,661.4,661.6,661.5,661.2,660.8,699.3,700.6,702.3,703.4,703.3,702.0,700.4,699.4,699.6,699.0,698.9,699.9,702.4,705.7,709.0,705.5,702.1,699.7,698.6,698.9,701.2,701.7,702.4,702.9,703.0,702.5,701.8,701.2,366.9,30.5,823.7,0.005,0.103,-0.082
22,0,1656521707.747,0.98,1,-0.094327,0.075894,-0.992644,-0.245047,0.074626,-0.966635,-0.172,0.077,559.6,560.9,564.7,568.7,570.5,569.4,565.4,561.4,554.0,556.7,560.3,564.5,568.6,571.8,574.0,571.8,568.4,564.5,560.6,556.9,563.4,565.1,566.8,567.4,566.6,564.8,563.2,562.6,605.4,606.4,609.7,613.3,615.2,614.2,610.9,607.0,601.9,604.2,607.4,611.2,614.7,617.2,618.8,617.5,615.1,612.1,608.4,604.8,608.8,610.3,611.8,612.2,611.4,609.8,608.4,607.9,230.4,226.3,224.5,226.0,229.9,234.2,235.7,234.2,232.3,230.2,228.7,227.8,228.3,229.8,232.0,233.4,233.9,234.3,234.2,233.7,232.1,232.7,231.9,230.1,228.5,227.8,228.6,230.4,228.2,224.5,222.8,224.1,227.7,231.4,233.2,232.2,230.7,228.3,226.6,225.7,226.2,227.4,229.2,230.7,231.5,231.9,231.9,231.7,229.8,230.4,229.6,228.0,226.4,225.8,226.6,228.2,257.9,259.7,264.1,268.5,270.3,268.9,264.1,259.7,253.2,255.2,258.5,262.8,267.7,271.9,275.1,271.7,267.2,262.7,258.6,255.4,262.4,264.4,266.3,267.1,266.3,264.4,262.4,261.6,326.6,328.3,332.9,337.6,339.7,337.9,333.4,328.4,322.7,325.1,328.6,333.5,338.7,343.3,346.7,343.4,339.1,334.4,329.7,325.6,331.3,333.3,335.3,336.1,335.2,333.1,331.1,330.4,-3.0,-7.4,-9.4,-7.8,-3.6,1.1,2.7,1.2,-0.9,-3.2,-4.8,-5.8,-5.2,-3.6,-1.3,0.2,0.8,1.2,1.2,0.6,-1.2,-0.5,-1.4,-3.3,-5.1,-5.8,-4.9,-3.0,-5.7,-10.0,-12.0,-10.5,-6.4,-2.0,-0.0,-1.2,-2.8,-5.5,-7.6,-8.6,-8.1,-6.7,-4.6,-2.9,-2.0,-1.5,-1.5,-1.7,-3.9,-3.2,-4.1,-6.0,-7.8,-8.5,-7.6,-5.7,652.8,653.7,654.4,654.6,654.2,653.6,652.6,652.3,656.1,653.9,652.2,651.6,652.7,654.5,656.4,654.3,652.2,651.3,651.9,653.7,653.8,653.9,654.2,654.6,654.8,654.7,654.4,654.0,693.2,694.4,696.1,697.2,697.1,695.8,694.2,693.2,693.5,692.8,692.7,693.7,696.2,699.5,702.8,699.3,695.9,693.5,692.5,692.7,695.0,695.5,696.2,696.7,696.8,696.3,695.6,695.0,367.2,30.5,824.3,0.006,0.104,-0.079
23,0,1656521707.781,0.98,1,-0.093034,0.077497,-0.992642,-0.242575,0.076475,-0.967114,-0.170,0.078,559.5,560.9,564.6,568.5,570.4,569.3,565.3,561.4,554.0,556.7,560.3,564.4,568.5,571.6,573.9,571.6,568.3,564.5,560.5,556.9,563.3,565.0,566.7,567.2,566.4,564.7,563.1,562.5,605.4,606.4,609.6,613.2,615.0,614.0,610.8,606.9,601.9,604.2,607.3,611.1,614.6,617.1,618.7,617.3,615.0,611.9,608.3,604.7,608.7,610.2,611.6,612.1,611.3,609.7,608.3,607.9,230.1,226.2,224.4,225.8,229.6,233.9,235.4,234.0,232.1,230.0,228.5,227.7,228.1,229.6,231.7,233.1,233.6,234.0,234.0,233.4,231.8,232.5,231.7,229.9,228.2,227.6,228.4,230.1,228.0,224.3,222.6,223.9,227.5,231.2,232.9,231.9,230.4,228.1,226.4,225.5,226.0,227.2,229.0,230.4,231.2,231.6,231.6,231.4,229.6,230.1,229.4,227.8,226.2,225.6,226.4,228.0,260.2,262.1,266.5,270.9,272.7,271.3,266.5,262.1,255.5,257.5,260.8,265.1,270.0,274.2,277.4,274.1,269.6,265.1,261.0,257.7,264.8,266.7,268.6,269.4,268.6,266.7,264.8,264.0,329.0,330.8,335.4,340.1,342.1,340.4,335.8,330.8,325.1,327.5,331.1,336.0,341.2,345.7,349.2,345.9,341.5,336.8,332.1,328.0,333.7,335.8,337.8,338.6,337.7,335.6,333.6,332.8,-3.3,-7.7,-9.7,-8.1,-3.9,0.8,2.5,0.9,-1.2,-3.4,-5.1,-6.0,-5.5,-3.9,-1.6,-0.1,0.5,0.9,0.9,0.3,-1.5,-0.8,-1.6,-3.6,-5.4,-6.1,-5.2,-3.3,-6.0,-10.3,-12.3,-10.8,-6.6,-2.3,-0.3,-1.5,-3.2,-5.9,-7.9,-8.9,-8.3,-7.0,-4.8,-3.2,-2.3,-1.8,-1.8,-2.0,-4.2,-3.5,-4.4,-6.3,-8.1,-8.8,-7.9,-6.0,658.8,659.7,660.4,660.7,660.2,659.6,658.6,658.3,662.0,659.9,658.1,657.6,658.7,660.5,662.5,660.3,658.2,657.3,657.9,659.7,659.8,659.9,660.2,660.6,660.8,660.7,660.4,660.0,698.6,699.8,701.5,702.6,702.5,701.2,699.6,698.6,698.9,698.2,698.1,699.1,701.6,704.9,708.2,704.7,701.3,698.9,697.8,698.1,700.4,700.9,701.6,702.1,702.2,701.7,701.0,700.4,366.2,30.3,822.2,0.006,0.102,-0.078
24,0,1656521707.814,0.98,1,-0.098005,0.074785,-0.992372,-0.244541,0.072967,-0.966890,-0.173,0.075,559.5,560.9,564.6,568.6,570.4,569.3,565.3,561.4,554.0,556.6,560.3,564.4,568.5,571.7,574.0,571.7,568.3,564.5,560.5,556.9,563.3,565.0,566.7,567.3,566.5,564.8,563.1,562.5,605.3,606.3,609.6,613.2,615.0,614.0,610.8,606.9,601.8,604.2,607.3,611.1,614.6,617.1,618.7,617.3,615.0,611.9,608.3,604.7,608.6,610.2,611.6,612.1,611.3,609.7,608.3,607.8,230.2,226.2,224.4,225.8,229.7,234.0,235.5,234.1,232.2,230.1,228.5,227.7,228.2,229.6,231.8,233.2,233.7,234.1,234.1,233.5,231.9,232.5,231.7,230.0,228.3,227.7,228.4,230.2,228.1,224.4,222.7,224.0,227.6,231.4,233.1,232.0,230.6,228.2,226.5,225.6,226.1,227.3,229.2,230.6,231.4,231.8,231.8,231.6,229.7,230.3,229.6,227.9,226.4,225.8,226.5,228.2,259.0,260.9,265.2,269.6,271.4,270.0,265.2,260.9,254.3,256.4,259.6,263.9,268.8,273.0,276.2,272.8,268.3,263.8,259.8,256.5,263.6,265.5,267.4,268.2,267.4,265.5,263.6,262.8,327.6,329.4,333.9,338.6,340.7,338.9,334.3,329.4,323.7,326.1,329.7,334.6,339.8,344.3,347.7,344.4,340.1,335.4,330.7,326.6,332.3,334.3,336.3,337.1,336.2,334.2,332.2,331.4,-3.2,-7.6,-9.6,-8.0,-3.8,0.9,2.6,1.0,-1.1,-3.4,-5.0,-6.0,-5.4,-3.8,-1.5,0.0,0.6,1.1,1.0,0.4,-1.4,-0.7,-1.6,-3.5,-5.3,-6.0,-5.1,-3.2,-5.8,-10.1,-12.1,-10.6,-6.4,-2.1,-0.1,-1.3,-3.0,-5.7,-7.7,-8.7,-8.2,-6.8,-4.6,-2.9,-2.0,-1.6,-1.6,-1.8,-4.0,-3.3,-4.2,-6.1,-7.9,-8.6,-7.7,-5.8,655.8,656.6,657.3,657.5,657.1,656.5,655.5,655.3,659.1,656.9,655.1,654.6,655.6,657.4,659.2,657.2,655.1,654.2,654.9,656.7,656.7,656.8,657.1,657.5,657.7,657.6,657.3,656.9,695.6,696.8,698.5,699.6,699.5,698.2,696.6,695.6,695.9,695.2,695.1,696.1,698.6,701.9,705.1,701.7,698.3,695.9,694.8,695.1,697.4,697.9,698.6,699.1,699.2,698.7,698.0,697.4,366.9,30.4,823.5,0.003,0.106,-0.080
25,0,1656521707.848,0.98,1,-0.095023,0.075178,-0.992632,-0.242399,0.073760,-0.967369,-0.170,0.076,559.6,561.0,564.7,568.6,570.5,569.4,565.4,561.5,554.1,556.8,560.4,564.5,568.6,571.7,574.0,571.7,568.4,564.6,560.6,557.0,563.4,565.1,566.8,567.3,566.5,564.8,563.2,562.6,605.3,606.3,609.6,613.2,615.0,614.0,610.8,606.9,601.9,604.2,607.3,611.1,614.6,617.1,618.6,617.3,615.0,611.9,608.3,604.7,608.6,610.2,611.6,612.1,611.3,609.7,608.3,607.8,230.2,226.2,224.4,225.8,229.6,233.9,235.4,234.0,232.1,230.0,228.5,227.7,228.1,229.6,231.7,233.1,233.7,234.0,234.0,233.4,231.8,232.5,231.7,229.9,228.3,227.6,228.4,230.2,228.1,224.3,222.6,224.0,227.5,231.3,233.0,232.0,230.5,228.2,226.4,225.6,226.1,227.3,229.1,230.5,231.3,231.6,231.6,231.5,229.6,230.2,229.5,227.8,226.3,225.7,226.4,228.1,260.6,262.4,266.8,271.2,273.0,271.6,266.8,262.4,255.9,257.9,261.1,265.5,270.4,274.5,277.8,274.4,269.9,265.4,261.3,258.1,265.1,267.1,269.0,269.8,269.0,267.1,265.1,264.3,328.8,330.5,335.1,339.8,341.9,340.1,335.5,330.6,324.9,327.2,330.8,335.7,340.9,345.5,348.9,345.6,341.3,336.6,331.9,327.8,333.5,335.5,337.5,338.3,337.4,335.3,333.3,332.5,-3.3,-7.7,-9.6,-8.1,-3.9,0.9,2.5,0.9,-1.2,-3.4,-5.1,-6.0,-5.5,-3.9,-1.6,-0.1,0.5,1.0,0.9,0.3,-1.5,-0.8,-1.6,-3.5,-5.4,-6.1,-5.2,-3.3,-5.9,-10.2,-12.2,-10.7,-6.6,-2.2,-0.2,-1.4,-3.1,-5.8,-7.8,-8.8,-8.3,-6.9,-4.7,-3.1,-2.2,-1.8,-1.8,-2.0,-4.1,-3.4,-4.3,-6.2,-8.0,-8.7,-7.8,-5.9,659.4,660.3,661.0,661.2,660.8,660.2,659.2,659.0,662.7,660.6,658.8,658.2,659.3,661.1,663.0,660.9,658.8,657.9,658.5,660.3,660.4,660.5,660.8,661.2,661.4,661.3,661.0,660.6,698.0,699.3,700.9,702.0,701.9,700.7,699.0,698.0,698.3,697.6,697.5,698.5,701.1,704.4,707.6,704.2,700.8,698.3,697.3,697.5,699.8,700.3,701.0,701.6,701.6,701.2,700.4,699.9,367.0,30.4,823.7,0.002,0.104,-0.079
26,0,1656521707.881,0.98,1,-0.096036,0.073423,-0.992666,-0.246254,0.071796,-0.966542,-0.173,0.074,559.5,560.9,564.6,568.6,570.4,569.3,565.3,561.4,554.0,556.7,560.3,564.4,568.5,571.7,573.9,571.6,568.3,564.5,560.5,556.9,563.3,565.0,566.7,567.3,566.5,564.7,563.1,562.5,605.3,606.3,609.6,613.2,615.0,614.0,610.7,606.9,601.8,604.1,607.3,611.1,614.5,617.1,618.7,617.3,615.0,611.9,608.3,604.6,608.6,610.2,611.6,612.1,611.2,609.7,608.2,607.8,230.3,226.3,224.5,225.9,229.8,234.1,235.6,234.1,232.2,230.1,228.6,227.8,228.3,229.7,231.9,233.2,233.8,234.1,234.1,233.5,232.0,232.6,231.8,230.1,228.4,227.7,228.5,230.3,228.2,224.5,222.8,224.1,227.6,231.4,233.1,232.1,230.6,228.3,226.6,225.7,226.2,227.4,229.2,230.6,231.4,231.8,231.8,231.6,229.7,230.3,229.6,228.0,226.4,225.8,226.6,228.2,259.9,261.7,266.1,270.5,272.3,270.9,266.1,261.7,255.1,257.2,260.5,264.8,269.7,273.9,277.1,273.7,269.2,264.7,260.6,257.4,264.4,266.4,268.3,269.1,268.3,266.4,264.4,263.6,328.6,330.3,334.9,339.6,341.6,339.9,335.3,330.3,324.7,327.0,330.6,335.5,340.7,345.3,348.7,345.4,341.0,336.3,331.6,327.6,333.2,335.3,337.3,338.1,337.2,335.1,333.1,332.3,-3.2,-7.5,-9.5,-7.9,-3.7,1.0,2.6,1.0,-1.0,-3.3,-4.9,-5.9,-5.4,-3.8,-1.4,0.1,0.7,1.1,1.0,0.4,-1.3,-0.6,-1.5,-3.4,-5.2,-5.9,-5.1,-3.2,-5.8,-10.1,-12.1,-10.6,-6.4,-2.1,-0.1,-1.3,-3.0,-5.6,-7.6,-8.7,-8.1,-6.8,-4.6,-2.9,-2.1,-1.6,-1.6,-1.8,-4.0,-3.3,-4.2,-6.1,-7.9,-8.5,-7.7,-5.8,657.9,658.8,659.6,659.8,659.3,658.7,657.6,657.4,661.2,659.1,657.3,656.8,657.8,659.6,661.5,659.4,657.3,656.4,657.0,658.8,658.9,659.0,659.3,659.7,659.9,659.8,659.5,659.1,697.7,698.9,700.6,701.7,701.5,700.2,698.6,697.6,698.0,697.3,697.2,698.2,700.6,704.0,707.2,703.7,700.3,697.9,696.9,697.2,699.5,699.9,700.6,701.2,701.3,700.8,700.1,699.5,367.3,30.4,824.7,0.002,0.107,-0.081
27,0,1656521707.914,0.98,1,-0.089931,0.080731,-0.992671,-0.245906,0.081397,-0.965870,-0.170,0.083,559.4,560.7,564.4,568.4,570.3,569.2,565.2,561.3,553.8,556.5,560.1,564.3,568.3,571.5,573.7,571.5,568.2,564.4,560.4,556.7,563.2,564.9,566.5,567.1,566.3,564.6,562.9,562.4,605.3,606.3,609.5,613.1,614.9,613.9,610.7,606.8,601.8,604.1,607.3,611.1,614.5,617.0,618.6,617.2,614.9,611.8,608.2,604.6,608.6,610.1,611.6,612.0,611.2,609.7,608.2,607.8,230.9,226.9,225.1,226.5,230.4,234.7,236.2,234.8,232.8,230.9,229.4,228.6,229.0,230.3,232.4,233.7,234.3,234.7,234.7,234.2,232.6,233.2,232.4,230.7,229.0,228.4,229.2,230.9,228.6,224.9,223.2,224.5,228.1,231.8,233.5,232.5,231.0,228.8,227.1,226.3,226.7,227.8,229.6,231.0,231.8,232.1,232.1,232.0,230.2,230.7,230.0,228.4,226.8,226.3,227.0,228.6,260.4,262.2,266.6,271.0,272.9,271.5,266.7,262.3,255.6,257.7,260.9,265.3,270.2,274.4,277.7,274.3,269.8,265.3,261.2,257.9,265.0,266.9,268.8,269.6,268.8,266.9,264.9,264.2,332.6,334.3,338.9,343.6,345.6,343.9,339.3,334.3,328.7,331.1,334.6,339.5,344.7,349.3,352.8,349.4,345.0,340.3,335.6,331.6,337.3,339.3,341.3,342.1,341.2,339.1,337.1,336.3,-2.4,-6.8,-8.9,-7.3,-3.1,1.7,3.3,1.8,-0.3,-2.5,-4.1,-5.0,-4.6,-3.1,-0.9,0.6,1.3,1.7,1.7,1.1,-0.6,0.1,-0.8,-2.7,-4.6,-5.3,-4.4,-2.5,-5.3,-9.7,-11.7,-10.2,-6.0,-1.6,0.4,-0.8,-2.6,-5.2,-7.1,-8.1,-7.6,-6.3,-4.2,-2.6,-1.7,-1.2,-1.2,-1.4,-3.5,-2.8,-3.7,-5.6,-7.5,-8.1,-7.3,-5.3,659.6,660.4,661.2,661.5,661.1,660.5,659.5,659.2,662.9,660.7,658.9,658.4,659.5,661.4,663.3,661.2,659.1,658.1,658.7,660.5,660.6,660.8,661.1,661.5,661.6,661.5,661.2,660.8,706.2,707.4,709.0,710.0,709.9,708.7,707.1,706.2,706.6,705.9,705.6,706.6,709.0,712.3,715.5,712.1,708.8,706.4,705.4,705.8,708.0,708.4,709.1,709.6,709.7,709.2,708.5,708.0,368.5,30.6,827.4,0.001,0.103,-0.082
28,0,1656521707.948,0.98,1,-0.083414,0.082726,-0.993075,-0.243367,0.084574,-0.966240,-0.165,0.085,559.6,560.9,564.6,568.5,570.4,569.3,565.4,561.5,554.0,556.7,560.3,564.5,568.5,571.6,573.8,571.6,568.4,564.6,560.6,557.0,563.4,565.1,566.7,567.3,566.4,564.7,563.1,562.5,605.1,606.1,609.3,612.8,614.6,613.6,610.4,606.6,601.7,604.0,607.1,610.8,614.2,616.7,618.3,616.9,614.6,611.6,608.0,604.4,608.4,609.9,611.3,611.8,611.0,609.4,608.0,607.6,231.5,227.5,225.7,227.1,230.9,235.2,236.7,235.3,233.4,231.5,230.0,229.2,229.6,230.9,232.8,234.2,234.8,235.2,235.2,234.7,233.1,233.7,232.9,231.2,229.5,228.9,229.7,231.5,229.0,225.3,223.6,224.9,228.4,232.1,233.8,232.8,231.3,229.1,227.5,226.7,227.1,228.1,229.9,231.3,232.0,232.4,232.4,232.3,230.5,231.1,230.3,228.7,227.2,226.6,227.4,229.0,262.7,264.5,268.9,273.4,275.3,273.9,269.1,264.6,257.8,259.9,263.2,267.6,272.5,276.7,280.0,276.7,272.2,267.6,263.5,260.1,267.3,269.2,271.2,272.0,271.1,269.2,267.2,266.5,335.7,337.5,342.0,346.7,348.8,347.1,342.5,337.6,331.9,334.2,337.8,342.7,347.9,352.5,356.0,352.6,348.2,343.5,338.8,334.8,340.4,342.5,344.5,345.3,344.3,342.3,340.3,339.5,-1.8,-6.2,-8.3,-6.7,-2.5,2.2,3.9,2.4,0.3,-1.9,-3.5,-4.4,-4.0,-2.5,-0.3,1.1,1.8,2.2,2.2,1.7,-0.0,0.6,-0.2,-2.2,-4.0,-4.7,-3.8,-1.9,-4.9,-9.3,-11.3,-9.8,-5.7,-1.3,0.7,-0.4,-2.2,-4.8,-6.7,-7.7,-7.2,-6.0,-4.0,-2.3,-1.4,-0.9,-0.9,-1.0,-3.2,-2.5,-3.4,-5.3,-7.1,-7.8,-6.9,-5.0,664.8,665.6,666.5,666.8,666.5,665.9,664.8,664.4,668.0,665.8,664.1,663.7,664.9,666.8,668.8,666.6,664.4,663.4,663.9,665.7,665.9,666.1,666.4,666.8,667.0,666.8,666.4,666.1,713.4,714.6,716.2,717.2,717.1,715.9,714.4,713.4,713.8,713.1,712.9,713.8,716.2,719.5,722.8,719.3,716.0,713.6,712.6,713.0,715.2,715.6,716.3,716.8,716.9,716.4,715.7,715.2,368.9,30.8,828.4,-0.000,0.098,-0.082
29,0,1656521707.981,0.98,1,-0.080110,0.085606,-0.993103,-0.242066,0.088709,-0.966196,-0.163,0.089,559.6,560.9,564.6,568.5,570.4,569.3,565.4,561.5,554.0,556.7,560.3,564.5,568.5,571.6,573.8,571.6,568.4,564.6,560.6,557.0,563.4,565.1,566.7,567.2,566.4,564.7,563.1,562.5,605.1,606.1,609.4,612.9,614.7,613.7,610.5,606.7,601.7,604.0,607.1,610.9,614.3,616.8,618.4,617.0,614.6,611.6,608.1,604.5,608.4,610.0,611.4,611.8,611.0,609.5,608.1,607.6,232.0,228.0,226.2,227.6,231.4,235.7,237.2,235.8,233.9,232.0,230.6,229.8,230.1,231.4,233.3,234.7,235.3,235.7,235.7,235.2,233.6,234.3,233.4,231.7,230.0,229.4,230.2,232.0,229.5,225.8,224.1,225.4,228.9,232.6,234.2,233.3,231.7,229.6,228.0,227.2,227.6,228.6,230.3,231.7,232.5,232.8,232.9,232.7,231.0,231.5,230.8,229.2,227.7,227.1,227.8,229.4,263.3,265.0,269.5,274.0,275.9,274.5,269.7,265.3,258.4,260.5,263.8,268.2,273.1,277.4,280.7,277.3,272.9,268.3,264.1,260.7,267.9,269.9,271.8,272.6,271.7,269.8,267.8,267.1,336.7,338.4,343.0,347.7,349.8,348.0,343.5,338.5,332.8,335.2,338.8,343.6,348.8,353.4,356.9,353.6,349.2,344.5,339.8,335.7,341.4,343.4,345.4,346.2,345.3,343.2,341.2,340.5,-1.3,-5.7,-7.7,-6.2,-2.0,2.8,4.5,3.0,0.8,-1.3,-2.8,-3.7,-3.4,-2.0,0.1,1.7,2.3,2.8,2.8,2.2,0.5,1.2,0.3,-1.6,-3.5,-4.1,-3.2,-1.3,-4.4,-8.8,-10.8,-9.3,-5.1,-0.7,1.3,0.1,-1.7,-4.2,-6.1,-7.1,-6.6,-5.4,-3.4,-1.8,-0.8,-0.4,-0.4,-0.5,-2.6,-1.9,-2.8,-4.7,-6.6,-7.2,-6.3,-4.4,666.3,667.1,668.0,668.3,668.0,667.5,666.4,666.0,669.5,667.3,665.6,665.2,666.4,668.3,670.4,668.2,666.0,665.0,665.5,667.2,667.5,667.6,668.0,668.4,668.5,668.3,668.0,667.6,715.3,716.4,718.0,719.0,718.9,717.8,716.3,715.3,715.7,714.9,714.7,715.6,718.1,721.3,724.6,721.2,717.9,715.5,714.5,714.9,717.1,717.5,718.2,718.7,718.7,718.3,717.6,717.1,369.6,31.0,830.0,-0.003,0.096,-0.082
30,0,1656521708.014,0.98,1,-0.077061,0.091720,-0.992799,-0.241309,0.094985,-0.965789,-0.161,0.095,559.7,561.0,564.6,568.6,570.4,569.4,565.5,561.6,554.1,556.8,560.4,564.5,568.5,571.6,573.8,571.6,568.4,564.6,560.7,557.0,563.4,565.1,566.7,567.3,566.5,564.8,563.2,562.6,605.2,606.3,609.5,613.0,614.8,613.7,610.5,606.7,601.8,604.2,607.3,611.0,614.3,616.8,618.4,617.0,614.7,611.7,608.1,604.6,608.5,610.0,611.4,611.9,611.1,609.6,608.2,607.7,232.3,228.3,226.4,227.8,231.6,235.9,237.5,236.1,234.1,232.2,230.9,230.1,230.4,231.7,233.5,234.8,235.4,235.9,235.9,235.3,233.9,234.5,233.7,231.9,230.3,229.7,230.5,232.2,229.8,226.1,224.4,225.7,229.2,232.9,234.5,233.6,231.9,229.9,228.4,227.6,228.0,229.0,230.6,232.0,232.8,233.1,233.1,232.9,231.3,231.8,231.1,229.5,228.0,227.4,228.1,229.7,264.2,265.9,270.3,274.9,276.8,275.5,270.7,266.2,259.2,261.4,264.7,269.1,274.0,278.3,281.6,278.3,273.8,269.2,265.0,261.6,268.8,270.8,272.7,273.5,272.6,270.7,268.7,268.0,339.4,341.1,345.7,350.4,352.5,350.7,346.2,341.2,335.5,337.9,341.5,346.4,351.6,356.1,359.7,356.3,351.9,347.2,342.5,338.4,344.1,346.2,348.2,348.9,348.0,346.0,344.0,343.2,-1.0,-5.4,-7.5,-5.9,-1.7,3.1,4.8,3.2,1.0,-1.0,-2.5,-3.4,-3.0,-1.7,0.3,1.9,2.5,3.0,3.0,2.4,0.8,1.5,0.6,-1.4,-3.2,-3.9,-3.0,-1.1,-4.1,-8.5,-10.5,-8.9,-4.7,-0.4,1.7,0.5,-1.5,-3.9,-5.7,-6.6,-6.2,-5.0,-3.1,-1.4,-0.5,-0.0,-0.0,-0.3,-2.3,-1.6,-2.5,-4.4,-6.2,-6.9,-6.0,-4.1,668.3,669.1,670.0,670.4,670.2,669.7,668.5,668.1,671.5,669.4,667.7,667.2,668.5,670.4,672.5,670.4,668.2,667.1,667.6,669.3,669.6,669.8,670.1,670.5,670.6,670.4,670.0,669.7,720.8,721.9,723.4,724.4,724.4,723.3,721.8,720.9,721.3,720.4,720.2,721.0,723.5,726.8,730.1,726.7,723.4,721.0,720.1,720.4,722.6,723.0,723.7,724.2,724.2,723.7,723.1,722.6,370.8,31.1,832.7,-0.003,0.096,-0.082
31,0,1656521708.048,0.98,1,-0.075677,0.092371,-0.992845,-0.240142,0.096209,-0.965958,-0.160,0.096,559.7,561.0,564.6,568.5,570.4,569.4,565.5,561.6,554.2,556.9,560.5,564.5,568.5,571.5,573.7,571.6,568.4,564.7,560.8,557.1,563.4,565.1,566.7,567.3,566.5,564.8,563.2,562.6,605.1,606.1,609.3,612.8,614.5,613.5,610.3,606.5,601.7,604.0,607.1,610.8,614.1,616.6,618.1,616.7,614.4,611.4,607.9,604.4,608.3,609.8,611.2,611.6,610.9,609.4,608.0,607.5,232.4,228.4,226.6,228.0,231.7,236.0,237.5,236.2,234.2,232.4,231.1,230.3,230.6,231.8,233.5,234.9,235.5,235.9,235.9,235.4,234.0,234.6,233.8,232.0,230.4,229.8,230.6,232.3,229.8,226.2,224.5,225.8,229.2,232.9,234.5,233.5,231.9,230.0,228.5,227.7,228.1,229.1,230.6,232.0,232.7,233.1,233.1,232.9,231.3,231.8,231.1,229.5,228.0,227.4,228.2,229.8,266.7,268.4,272.8,277.3,279.3,278.0,273.2,268.7,261.7,263.9,267.2,271.6,276.5,280.8,284.1,280.8,276.3,271.7,267.5,264.1,271.3,273.3,275.2,276.0,275.1,273.1,271.2,270.5,342.8,344.6,349.1,353.9,355.9,354.2,349.6,344.6,339.0,341.4,344.9,349.8,355.0,359.6,363.1,359.8,355.4,350.6,345.9,341.8,347.5,349.6,351.6,352.4,351.5,349.4,347.4,346.6,-0.9,-5.3,-7.4,-5.9,-1.6,3.2,4.9,3.4,1.2,-0.8,-2.3,-3.2,-2.9,-1.6,0.4,1.9,2.6,3.1,3.1,2.6,0.9,1.6,0.7,-1.3,-3.1,-3.8,-2.9,-0.9,-4.1,-8.5,-10.5,-9.0,-4.8,-0.4,1.6,0.5,-1.5,-3.9,-5.7,-6.6,-6.2,-5.0,-3.1,-1.5,-0.5,-0.1,-0.1,-0.3,-2.3,-1.6,-2.5,-4.4,-6.3,-6.9,-6.1,-4.1,674.5,675.3,676.1,676.6,676.4,675.9,674.7,674.3,677.7,675.5,673.8,673.4,674.6,676.6,678.8,676.6,674.3,673.3,673.7,675.4,675.7,675.9,676.3,676.7,676.8,676.6,676.2,675.8,728.5,729.6,731.1,732.2,732.1,731.0,729.5,728.6,729.0,728.2,727.9,728.8,731.2,734.5,737.8,734.4,731.1,728.7,727.8,728.2,730.3,730.8,731.4,731.9,731.9,731.5,730.8,730.3,370.9,31.1,832.8,-0.006,0.095,-0.083
32,0,1656521708.081,0.98,1,-0.077523,0.097788,-0.992183,-0.241375,0.101826,-0.965075,-0.162,0.102,559.9,561.1,564.7,568.6,570.4,569.5,565.6,561.7,554.4,557.0,560.6,564.6,568.5,571.6,573.8,571.7,568.5,564.8,560.9,557.3,563.6,565.3,566.8,567.4,566.6,564.9,563.3,562.8,605.1,606.2,609.3,612.8,614.5,613.4,610.2,606.5,601.7,604.0,607.1,610.8,614.1,616.5,618.1,616.7,614.4,611.4,607.9,604.4,608.3,609.8,611.2,611.7,610.9,609.4,608.0,607.5,232.5,228.5,226.7,228.0,231.8,236.0,237.6,236.2,234.2,232.5,231.2,230.4,230.7,231.8,233.5,234.9,235.5,235.9,236.0,235.5,234.0,234.6,233.8,232.1,230.4,229.8,230.7,232.4,229.9,226.3,224.7,226.0,229.4,233.0,234.6,233.6,232.0,230.1,228.6,227.9,228.3,229.2,230.7,232.1,232.8,233.2,233.2,233.0,231.4,232.0,231.2,229.7,228.2,227.6,228.3,229.9,268.7,270.4,274.8,279.3,281.4,280.1,275.2,270.7,263.7,265.9,269.2,273.6,278.5,282.8,286.1,282.8,278.3,273.7,269.5,266.1,273.3,275.3,277.3,278.0,277.1,275.1,273.2,272.5,345.1,346.9,351.5,356.2,358.3,356.5,351.9,346.9,341.3,343.7,347.3,352.1,357.3,361.9,365.5,362.1,357.6,352.9,348.2,344.1,349.8,351.9,353.9,354.7,353.8,351.7,349.7,348.9,-0.8,-5.2,-7.3,-5.8,-1.6,3.2,5.0,3.4,1.2,-0.7,-2.2,-3.1,-2.8,-1.5,0.4,1.9,2.6,3.1,3.1,2.6,1.0,1.6,0.7,-1.2,-3.1,-3.7,-2.8,-0.9,-4.0,-8.4,-10.4,-8.8,-4.6,-0.2,1.8,0.6,-1.4,-3.7,-5.5,-6.4,-5.9,-4.8,-3.0,-1.3,-0.4,0.0,0.0,-0.2,-2.2,-1.5,-2.3,-4.3,-6.1,-6.8,-5.9,-4.0,679.2,679.9,680.7,681.2,681.0,680.6,679.4,679.0,682.4,680.2,678.5,678.0,679.3,681.3,683.4,681.3,679.0,678.0,678.4,680.1,680.4,680.6,681.0,681.3,681.4,681.2,680.8,680.5,733.4,734.4,735.9,736.9,736.9,735.8,734.4,733.5,733.9,733.0,732.7,733.5,735.9,739.2,742.5,739.2,735.9,733.6,732.6,733.0,735.1,735.6,736.2,736.7,736.7,736.2,735.6,735.1,371.7,31.2,834.7,-0.005,0.098,-0.083
33,0,1656521708.114,0.98,1,-0.079345,0.097766,-0.992041,-0.242364,0.101830,-0.964827,-0.163,0.102,559.7,560.9,564.6,568.4,570.3,569.3,565.5,561.6,554.1,556.8,560.4,564.5,568.4,571.5,573.7,571.5,568.3,564.6,560.7,557.1,563.4,565.1,566.7,567.2,566.4,564.7,563.1,562.6,605.1,606.1,609.3,612.8,614.6,613.5,610.3,606.5,601.7,604.0,607.1,610.8,614.2,616.6,618.2,616.8,614.5,611.4,607.9,604.4,608.3,609.8,611.2,611.7,610.9,609.4,608.0,607.5,232.4,228.5,226.6,228.0,231.7,236.0,237.5,236.2,234.2,232.5,231.1,230.3,230.6,231.8,233.5,234.9,235.5,235.9,236.0,235.5,234.0,234.6,233.8,232.0,230.4,229.8,230.6,232.3,229.7,226.1,224.4,225.7,229.2,232.8,234.5,233.5,231.9,229.9,228.4,227.7,228.1,229.0,230.5,231.9,232.7,233.0,233.0,232.9,231.2,231.8,231.1,229.5,228.0,227.4,228.1,229.7,266.8,268.5,272.9,277.4,279.4,278.1,273.3,268.8,261.8,264.0,267.3,271.6,276.6,280.8,284.2,280.9,276.4,271.8,267.6,264.2,271.4,273.4,275.3,276.1,275.2,273.2,271.3,270.5,341.7,343.5,348.1,352.8,354.9,353.1,348.5,343.5,337.9,340.3,343.9,348.7,353.9,358.5,362.1,358.7,354.3,349.5,344.8,340.8,346.5,348.5,350.5,351.3,350.4,348.3,346.3,345.5,-0.8,-5.3,-7.4,-5.8,-1.6,3.2,4.9,3.4,1.2,-0.8,-2.3,-3.2,-2.9,-1.6,0.4,1.9,2.6,3.1,3.1,2.6,0.9,1.6,0.7,-1.3,-3.1,-3.8,-2.9,-0.9,-4.1,-8.5,-10.6,-9.0,-4.8,-0.4,1.6,0.4,-1.6,-3.9,-5.7,-6.6,-6.2,-5.0,-3.2,-1.5,-0.6,-0.1,-0.1,-0.4,-2.3,-1.7,-2.5,-4.5,-6.3,-7.0,-6.1,-4.2,674.9,675.6,676.4,676.8,676.6,676.2,675.1,674.6,678.1,675.9,674.1,673.7,674.9,676.9,679.0,676.9,674.7,673.6,674.1,675.8,676.1,676.3,676.6,677.0,677.1,676.9,676.5,676.2,726.2,727.2,728.7,729.7,729.7,728.7,727.2,726.3,726.7,725.9,725.5,726.4,728.8,732.1,735.4,732.0,728.7,726.4,725.5,725.9,728.0,728.4,729.1,729.5,729.5,729.1,728.4,728.0,371.5,31.1,834.4,-0.001,0.099,-0.085
34,0,1656521708.148,0.98,1,-0.075944,0.096678,-0.992414,-0.238895,0.100084,-0.965874,-0.159,0.100,559.7,560.9,564.6,568.5,570.3,569.3,565.4,561.5,554.1,556.8,560.4,564.5,568.4,571.5,573.7,571.5,568.3,564.6,560.7,557.0,563.4,565.1,566.7,567.2,566.4,564.7,563.1,562.6,605.2,606.3,609.5,613.0,614.7,613.7,610.4,606.7,601.8,604.1,607.3,611.0,614.3,616.8,618.3,616.9,614.6,611.6,608.1,604.5,608.4,610.0,611.4,611.8,611.1,609.6,608.1,607.7,232.2,228.2,226.4,227.8,231.5,235.8,237.3,236.0,234.0,232.2,230.9,230.1,230.4,231.6,233.3,234.7,235.3,235.7,235.7,235.2,233.8,234.4,233.6,231.8,230.2,229.6,230.4,232.1,229.7,226.0,224.4,225.7,229.2,232.8,234.5,233.5,231.8,229.9,228.4,227.7,228.0,229.0,230.5,231.9,232.6,233.0,233.0,232.8,231.2,231.7,231.0,229.4,227.9,227.3,228.1,229.6,266.2,267.9,272.3,276.9,278.8,277.5,272.7,268.2,261.2,263.4,266.7,271.1,276.0,280.3,283.6,280.3,275.8,271.2,267.0,263.6,270.8,272.8,274.7,275.5,274.6,272.6,270.7,270.0,341.0,342.7,347.3,352.0,354.1,352.3,347.7,342.8,337.1,339.5,343.1,348.0,353.2,357.8,361.3,357.9,353.5,348.7,344.0,340.0,345.7,347.7,349.7,350.5,349.6,347.6,345.5,344.8,-1.1,-5.5,-7.6,-6.1,-1.8,3.0,4.7,3.1,0.9,-1.0,-2.5,-3.4,-3.1,-1.8,0.2,1.7,2.4,2.8,2.9,2.3,0.7,1.4,0.5,-1.5,-3.3,-4.0,-3.1,-1.2,-4.2,-8.6,-10.6,-9.1,-4.8,-0.4,1.6,0.4,-1.7,-4.0,-5.7,-6.6,-6.2,-5.1,-3.2,-1.6,-0.6,-0.2,-0.2,-0.5,-2.4,-1.7,-2.6,-4.5,-6.4,-7.0,-6.2,-4.2,673.4,674.2,675.1,675.5,675.3,674.8,673.7,673.2,676.6,674.4,672.7,672.3,673.6,675.6,677.7,675.5,673.3,672.2,672.7,674.4,674.7,674.9,675.3,675.6,675.7,675.5,675.1,674.8,724.2,725.3,726.8,727.8,727.8,726.7,725.2,724.3,724.7,723.8,723.6,724.4,726.9,730.2,733.5,730.1,726.8,724.4,723.5,723.8,726.0,726.4,727.1,727.6,727.6,727.1,726.5,726.0,369.9,31.0,831.0,-0.003,0.096,-0.081
35,0,1656521708.181,0.98,1,-0.086868,0.092180,-0.991946,-0.245732,0.094011,-0.964768,-0.168,0.095,559.5,560.8,564.5,568.4,570.3,569.3,565.3,561.4,554.0,556.7,560.2,564.4,568.4,571.5,573.7,571.5,568.3,564.5,560.5,556.9,563.3,565.0,566.6,567.2,566.4,564.6,563.0,562.5,605.2,606.2,609.4,613.0,614.7,613.7,610.5,606.6,601.7,604.0,607.2,610.9,614.3,616.8,618.4,617.0,614.7,611.6,608.1,604.5,608.4,610.0,611.4,611.8,611.1,609.5,608.1,607.6,231.7,227.7,225.8,227.2,231.0,235.3,236.9,235.5,233.5,231.6,230.2,229.4,229.8,231.0,232.9,234.3,234.9,235.3,235.3,234.8,233.3,233.9,233.1,231.3,229.7,229.0,229.9,231.6,229.1,225.4,223.7,225.0,228.5,232.2,233.9,232.9,231.3,229.2,227.7,226.9,227.3,228.3,229.9,231.3,232.1,232.5,232.5,232.3,230.6,231.2,230.4,228.8,227.3,226.7,227.5,229.1,263.3,265.0,269.4,273.9,275.8,274.5,269.7,265.2,258.4,260.5,263.8,268.1,273.0,277.3,280.6,277.3,272.8,268.2,264.1,260.7,267.9,269.9,271.8,272.5,271.7,269.7,267.8,267.0,336.0,337.7,342.3,347.0,349.1,347.3,342.7,337.8,332.1,334.5,338.0,342.9,348.1,352.7,356.2,352.9,348.5,343.7,339.0,335.0,340.7,342.7,344.7,345.5,344.6,342.5,340.5,339.8,-1.6,-6.1,-8.1,-6.6,-2.4,2.4,4.1,2.6,0.4,-1.7,-3.2,-4.1,-3.8,-2.4,-0.3,1.2,1.9,2.4,2.4,1.8,0.1,0.8,-0.1,-2.0,-3.9,-4.6,-3.7,-1.7,-4.8,-9.2,-11.2,-9.7,-5.5,-1.1,0.9,-0.3,-2.2,-4.6,-6.5,-7.5,-7.0,-5.8,-3.9,-2.2,-1.2,-0.8,-0.8,-1.0,-3.0,-2.4,-3.2,-5.2,-7.0,-7.7,-6.8,-4.9,666.5,667.2,668.0,668.3,668.0,667.6,666.5,666.2,669.8,667.5,665.8,665.3,666.4,668.3,670.4,668.3,666.1,665.1,665.7,667.4,667.6,667.8,668.1,668.4,668.5,668.4,668.0,667.7,713.7,714.8,716.4,717.4,717.4,716.3,714.8,713.8,714.2,713.4,713.1,714.0,716.5,719.8,723.0,719.6,716.3,714.0,713.0,713.4,715.5,716.0,716.6,717.1,717.1,716.7,716.0,715.5,370.9,30.7,832.8,0.004,0.106,-0.087
36,0,1656521708.214,0.98,1,-0.087834,0.082027,-0.992752,-0.243264,0.082854,-0.966415,-0.167,0.084,559.5,560.8,564.5,568.4,570.3,569.2,565.3,561.3,553.9,556.6,560.2,564.3,568.4,571.5,573.7,571.5,568.2,564.4,560.5,556.8,563.2,565.0,566.6,567.1,566.3,564.6,563.0,562.4,605.1,606.1,609.4,612.9,614.7,613.7,610.5,606.6,601.7,604.0,607.1,610.9,614.3,616.8,618.4,617.0,614.7,611.6,608.1,604.5,608.4,610.0,611.4,611.8,611.0,609.5,608.1,607.6,231.1,227.1,225.3,226.7,230.5,234.8,236.3,234.9,233.0,231.0,229.6,228.7,229.1,230.5,232.5,233.9,234.4,234.9,234.8,234.3,232.7,233.4,232.6,230.8,229.1,228.5,229.3,231.1,228.7,225.0,223.3,224.6,228.2,231.9,233.6,232.6,231.0,228.9,227.2,226.4,226.8,227.9,229.7,231.1,231.8,232.2,232.2,232.0,230.3,230.8,230.1,228.5,226.9,226.4,227.1,228.7,261.8,263.5,267.9,272.4,274.3,272.9,268.1,263.7,257.0,259.1,262.3,266.7,271.5,275.8,279.1,275.7,271.2,266.7,262.6,259.2,266.4,268.3,270.2,271.0,270.2,268.2,266.3,265.5,332.9,334.6,339.2,343.9,346.0,344.2,339.7,334.7,329.0,331.4,335.0,339.9,345.1,349.6,353.1,349.8,345.4,340.7,336.0,331.9,337.6,339.7,341.7,342.4,341.5,339.5,337.5,336.7,-2.3,-6.7,-8.7,-7.1,-2.9,1.8,3.5,1.9,-0.2,-2.4,-3.9,-4.9,-4.4,-2.9,-0.8,0.8,1.4,1.9,1.8,1.2,-0.5,0.2,-0.7,-2.6,-4.4,-5.1,-4.2,-2.3,-5.2,-9.6,-11.6,-10.1,-5.9,-1.5,0.5,-0.7,-2.5,-5.0,-7.0,-8.0,-7.5,-6.2,-4.2,-2.5,-1.6,-1.1,-1.1,-1.3,-3.4,-2.7,-3.6,-5.5,-7.4,-8.0,-7.1,-5.2,662.8,663.7,664.4,664.7,664.4,663.8,662.8,662.5,666.1,663.9,662.2,661.7,662.8,664.7,666.7,664.5,662.4,661.5,662.0,663.8,663.9,664.1,664.4,664.8,664.9,664.8,664.4,664.1,707.3,708.5,710.1,711.2,711.1,709.9,708.3,707.4,707.7,707.0,706.8,707.7,710.2,713.5,716.8,713.3,710.0,707.6,706.6,706.9,709.1,709.6,710.3,710.8,710.8,710.4,709.7,709.2,369.4,30.5,829.8,-0.001,0.104,-0.085
37,0,1656521708.248,0.98,1,-0.086855,0.084434,-0.992637,-0.242979,0.084719,-0.966325,-0.167,0.086,559.5,560.8,564.5,568.5,570.3,569.2,565.3,561.3,553.9,556.6,560.2,564.4,568.4,571.5,573.8,571.5,568.2,564.4,560.5,556.8,563.2,565.0,566.6,567.2,566.4,564.6,563.0,562.4,605.3,606.3,609.6,613.1,614.9,613.9,610.6,606.8,601.8,604.2,607.3,611.1,614.5,617.0,618.6,617.2,614.9,611.8,608.2,604.6,608.6,610.1,611.6,612.0,611.2,609.7,608.2,607.8,230.9,226.9,225.1,226.5,230.4,234.7,236.2,234.8,232.8,230.8,229.4,228.6,229.0,230.4,232.3,233.7,234.3,234.7,234.7,234.1,232.6,233.2,232.4,230.7,229.0,228.4,229.1,230.9,228.7,225.0,223.3,224.6,228.1,231.8,233.5,232.5,231.0,228.8,227.2,226.4,226.8,227.9,229.6,231.0,231.8,232.2,232.2,232.0,230.2,230.8,230.0,228.4,226.9,226.3,227.0,228.7,261.1,262.9,267.3,271.7,273.6,272.2,267.4,263.0,256.2,258.3,261.6,266.0,270.9,275.1,278.4,275.0,270.5,266.0,261.9,258.5,265.7,267.6,269.5,270.3,269.5,267.5,265.6,264.8,332.4,334.1,338.7,343.4,345.5,343.7,339.1,334.2,328.5,330.9,334.5,339.3,344.6,349.1,352.6,349.3,344.9,340.1,335.5,331.4,337.1,339.1,341.1,341.9,341.0,338.9,336.9,336.2,-2.4,-6.9,-8.9,-7.3,-3.1,1.7,3.3,1.8,-0.4,-2.5,-4.1,-5.0,-4.6,-3.1,-0.9,0.6,1.2,1.7,1.6,1.1,-0.6,0.1,-0.8,-2.8,-4.6,-5.3,-4.4,-2.5,-5.3,-9.6,-11.6,-10.1,-5.9,-1.5,0.4,-0.7,-2.6,-5.1,-7.0,-8.0,-7.5,-6.2,-4.2,-2.5,-1.6,-1.2,-1.2,-1.4,-3.5,-2.8,-3.7,-5.6,-7.4,-8.1,-7.2,-5.3,661.1,661.9,662.7,663.0,662.6,662.1,661.0,660.7,664.3,662.1,660.4,659.9,661.0,662.9,664.9,662.8,660.6,659.7,660.2,662.0,662.2,662.3,662.6,663.0,663.1,663.0,662.7,662.3,705.8,707.0,708.5,709.6,709.6,708.4,706.8,705.9,706.2,705.5,705.2,706.2,708.7,712.0,715.2,711.8,708.5,706.1,705.1,705.4,707.6,708.1,708.8,709.3,709.3,708.8,708.1,707.6,368.6,30.4,827.8,0.000,0.102,-0.081
38,0,1656521708.281,0.98,1,-0.090581,0.083244,-0.992404,-0.244222,0.083087,-0.966153,-0.169,0.085,559.5,560.9,564.6,568.5,570.3,569.3,565.3,561.4,554.0,556.7,560.3,564.4,568.4,571.6,573.8,571.6,568.3,564.5,560.5,556.9,563.3,565.0,566.6,567.2,566.4,564.7,563.1,562.5,605.2,606.2,609.5,613.0,614.8,613.8,610.6,606.7,601.7,604.1,607.2,611.0,614.4,616.9,618.5,617.1,614.8,611.7,608.1,604.5,608.5,610.0,611.5,611.9,611.1,609.6,608.1,607.7,230.7,226.7,224.9,226.3,230.2,234.4,236.0,234.5,232.6,230.6,229.2,228.3,228.8,230.1,232.1,233.5,234.1,234.5,234.5,233.9,232.4,233.0,232.2,230.4,228.8,228.2,228.9,230.7,228.5,224.8,223.1,224.4,228.0,231.7,233.3,232.3,230.8,228.6,227.0,226.2,226.6,227.7,229.5,230.9,231.6,232.0,232.0,231.8,230.0,230.6,229.9,228.3,226.7,226.1,226.9,228.5,261.9,263.6,268.0,272.5,274.4,273.0,268.2,263.7,257.1,259.1,262.4,266.7,271.6,275.8,279.1,275.8,271.3,266.7,262.6,259.3,266.4,268.4,270.3,271.1,270.3,268.3,266.4,265.6,332.7,334.5,339.0,343.8,345.8,344.0,339.5,334.5,328.8,331.2,334.8,339.7,344.9,349.4,352.9,349.6,345.2,340.5,335.8,331.7,337.4,339.5,341.5,342.2,341.3,339.3,337.3,336.5,-2.7,-7.1,-9.1,-7.5,-3.3,1.4,3.1,1.5,-0.6,-2.8,-4.4,-5.3,-4.8,-3.3,-1.1,0.4,1.0,1.5,1.4,0.8,-0.9,-0.2,-1.1,-3.0,-4.8,-5.5,-4.6,-2.7,-5.5,-9.8,-11.8,-10.3,-6.1,-1.8,0.2,-1.0,-2.8,-5.3,-7.3,-8.2,-7.7,-6.4,-4.4,-2.7,-1.8,-1.4,-1.4,-1.6,-3.7,-3.0,-3.9,-5.8,-7.6,-8.3,-7.4,-5.5,662.8,663.6,664.4,664.7,664.3,663.8,662.8,662.5,666.2,664.0,662.2,661.7,662.8,664.6,666.6,664.5,662.4,661.4,662.0,663.8,663.9,664.0,664.4,664.7,664.9,664.8,664.4,664.1,706.7,707.9,709.5,710.6,710.5,709.3,707.7,706.8,707.1,706.4,706.2,707.1,709.6,712.9,716.2,712.7,709.4,707.0,706.0,706.3,708.5,709.0,709.7,710.2,710.2,709.8,709.1,708.6,369.2,30.3,829.0,0.002,0.105,-0.083
39,0,1656521708.315,0.98,1,-0.088880,0.078762,-0.992923,-0.244639,0.078369,-0.966442,-0.169,0.080,559.5,560.9,564.6,568.6,570.5,569.4,565.3,561.4,553.9,556.6,560.3,564.4,568.5,571.7,573.9,571.7,568.4,564.5,560.5,556.8,563.3,565.1,566.7,567.3,566.5,564.7,563.1,562.5,605.5,606.5,609.8,613.4,615.2,614.1,610.9,607.0,602.0,604.3,607.5,611.3,614.7,617.3,618.9,617.5,615.1,612.0,608.4,604.8,608.8,610.3,611.8,612.2,611.4,609.9,608.4,608.0,230.6,226.6,224.7,226.2,230.1,234.4,235.9,234.5,232.5,230.5,229.0,228.2,228.6,230.0,232.1,233.5,234.0,234.4,234.4,233.8,232.3,232.9,232.1,230.3,228.7,228.0,228.8,230.6,228.4,224.7,223.0,224.3,227.9,231.6,233.3,232.3,230.8,228.5,226.8,226.0,226.5,227.6,229.4,230.9,231.6,232.0,232.0,231.8,230.0,230.6,229.8,228.2,226.6,226.0,226.8,228.4,258.6,260.4,264.8,269.2,271.1,269.7,264.9,260.5,253.8,255.9,259.1,263.5,268.4,272.6,275.8,272.5,268.0,263.4,259.3,256.0,263.2,265.1,267.0,267.8,267.0,265.1,263.1,262.3,329.0,330.8,335.4,340.1,342.1,340.4,335.8,330.8,325.2,327.5,331.1,336.0,341.2,345.8,349.2,345.9,341.5,336.8,332.1,328.1,333.7,335.8,337.8,338.6,337.7,335.6,333.6,332.8,-2.8,-7.2,-9.2,-7.6,-3.4,1.3,3.0,1.4,-0.7,-2.9,-4.5,-5.4,-4.9,-3.4,-1.2,0.3,1.0,1.4,1.3,0.7,-1.0,-0.3,-1.1,-3.1,-4.9,-5.6,-4.7,-2.8,-5.5,-9.8,-11.8,-10.3,-6.1,-1.8,0.2,-1.0,-2.8,-5.4,-7.3,-8.3,-7.8,-6.5,-4.4,-2.7,-1.8,-1.4,-1.4,-1.6,-3.7,-3.0,-3.9,-5.8,-7.6,-8.3,-7.4,-5.5,654.6,655.5,656.3,656.5,656.1,655.6,654.5,654.2,657.9,655.8,654.0,653.5,654.6,656.4,658.4,656.3,654.2,653.2,653.8,655.6,655.7,655.8,656.2,656.5,656.7,656.6,656.2,655.9,698.3,699.5,701.1,702.2,702.1,700.9,699.3,698.3,698.7,698.0,697.8,698.7,701.2,704.5,707.8,704.3,701.0,698.6,697.6,697.9,700.1,700.6,701.3,701.8,701.8,701.4,700.7,700.1,368.7,30.2,827.8,0.001,0.104,-0.080
40,0,1656521708.348,0.98,1,-0.090531,0.079303,-0.992731,-0.242911,0.079174,-0.966812,-0.169,0.081,559.6,560.9,564.6,568.6,570.4,569.3,565.4,561.4,554.0,556.7,560.3,564.5,568.5,571.7,573.9,571.7,568.3,564.5,560.6,556.9,563.3,565.1,566.7,567.3,566.5,564.8,563.1,562.5,605.4,606.4,609.7,613.2,615.0,614.0,610.8,606.9,601.9,604.2,607.4,611.2,614.6,617.1,618.7,617.3,615.0,611.9,608.3,604.7,608.7,610.2,611.7,612.1,611.3,609.8,608.3,607.9,230.4,226.4,224.6,226.1,229.9,234.2,235.7,234.3,232.3,230.3,228.9,228.0,228.5,229.9,231.9,233.3,233.9,234.3,234.2,233.7,232.1,232.7,231.9,230.2,228.5,227.9,228.7,230.4,228.3,224.6,222.9,224.2,227.8,231.5,233.2,232.2,230.6,228.4,226.7,225.9,226.4,227.5,229.3,230.7,231.5,231.9,231.8,231.7,229.9,230.4,229.7,228.1,226.5,225.9,226.7,228.3,260.6,262.4,266.8,271.3,273.1,271.7,266.9,262.5,255.8,257.9,261.2,265.5,270.4,274.6,277.9,274.5,270.0,265.5,261.4,258.1,265.2,267.1,269.1,269.8,269.0,267.1,265.2,264.4,331.0,332.8,337.3,342.0,344.1,342.3,337.7,332.8,327.1,329.5,333.1,338.0,343.2,347.7,351.2,347.9,343.5,338.8,334.1,330.0,335.7,337.7,339.8,340.5,339.6,337.6,335.6,334.8,-3.0,-7.4,-9.4,-7.8,-3.6,1.1,2.8,1.2,-0.9,-3.1,-4.7,-5.6,-5.2,-3.6,-1.4,0.1,0.8,1.2,1.2,0.6,-1.2,-0.5,-1.3,-3.3,-5.1,-5.8,-4.9,-3.0,-5.7,-10.0,-12.0,-10.5,-6.3,-1.9,0.0,-1.2,-2.9,-5.5,-7.5,-8.5,-7.9,-6.6,-4.5,-2.8,-1.9,-1.5,-1.5,-1.8,-3.9,-3.2,-4.0,-6.0,-7.8,-8.5,-7.6,-5.7,659.7,660.5,661.3,661.5,661.1,660.6,659.5,659.3,663.0,660.8,659.0,658.5,659.6,661.4,663.4,661.3,659.2,658.2,658.8,660.6,660.7,660.8,661.2,661.5,661.7,661.6,661.3,660.9,702.6,703.8,705.5,706.5,706.4,705.2,703.6,702.7,703.0,702.3,702.1,703.1,705.6,708.9,712.1,708.7,705.3,702.9,701.9,702.2,704.4,704.9,705.6,706.1,706.2,705.7,705.0,704.5,368.7,30.1,827.6,0.001,0.102,-0.080
41,0,1656521708.381,0.98,1,-0.096249,0.081715,-0.991997,-0.243896,0.081063,-0.966407,-0.172,0.083,559.5,560.9,564.6,568.5,570.4,569.3,565.3,561.4,554.0,556.7,560.3,564.4,568.5,571.6,573.9,571.6,568.3,564.5,560.5,556.9,563.3,565.0,566.7,567.3,566.5,564.7,563.1,562.5,605.3,606.3,609.6,613.1,614.9,613.9,610.7,606.8,601.8,604.1,607.3,611.1,614.5,617.0,618.6,617.2,614.9,611.8,608.2,604.6,608.6,610.1,611.6,612.0,611.2,609.6,608.2,607.8,230.5,226.5,224.6,226.1,229.9,234.2,235.7,234.3,232.3,230.3,228.9,228.1,228.5,229.9,231.9,233.3,233.9,234.3,234.2,233.7,232.1,232.7,231.9,230.2,228.5,227.9,228.7,230.4,228.3,224.5,222.8,224.2,227.8,231.5,233.2,232.2,230.6,228.4,226.7,225.9,226.4,227.5,229.3,230.7,231.4,231.8,231.8,231.6,229.8,230.4,229.7,228.0,226.5,225.9,226.6,228.3,261.3,263.1,267.5,271.9,273.8,272.4,267.6,263.2,256.6,258.6,261.8,266.2,271.0,275.3,278.5,275.2,270.7,266.1,262.1,258.8,265.9,267.8,269.7,270.5,269.7,267.8,265.8,265.1,330.1,331.9,336.4,341.2,343.2,341.5,336.9,331.9,326.2,328.6,332.2,337.1,342.3,346.8,350.3,347.0,342.6,337.9,333.2,329.1,334.8,336.9,338.9,339.6,338.7,336.7,334.7,333.9,-3.0,-7.4,-9.4,-7.8,-3.6,1.1,2.8,1.2,-0.9,-3.1,-4.7,-5.6,-5.1,-3.6,-1.4,0.1,0.8,1.2,1.2,0.6,-1.2,-0.5,-1.3,-3.3,-5.1,-5.8,-4.9,-3.0,-5.7,-10.0,-12.1,-10.5,-6.3,-2.0,0.0,-1.2,-3.0,-5.5,-7.5,-8.4,-7.9,-6.7,-4.6,-2.9,-2.0,-1.6,-1.6,-1.8,-3.9,-3.2,-4.1,-6.0,-7.8,-8.5,-7.6,-5.7,661.5,662.3,663.0,663.2,662.8,662.3,661.3,661.1,664.8,662.6,660.8,660.2,661.3,663.1,665.0,663.0,660.9,660.0,660.6,662.5,662.5,662.6,662.9,663.3,663.4,663.3,663.0,662.7,701.0,702.2,703.9,705.0,704.9,703.7,702.1,701.1,701.4,700.7,700.5,701.5,704.0,707.3,710.6,707.1,703.8,701.4,700.3,700.6,702.8,703.3,704.0,704.6,704.6,704.1,703.4,702.9,368.3,30.2,826.8,0.001,0.108,-0.082
42,0,1656521708.415,0.98,1,-0.092124,0.079586,-0.992562,-0.244671,0.078864,-0.966394,-0.170,0.081,559.6,560.9,564.7,568.6,570.4,569.4,565.4,561.4,554.0,556.7,560.3,564.5,568.5,571.7,573.9,571.7,568.3,564.5,560.6,556.9,563.4,565.1,566.7,567.3,566.5,564.8,563.1,562.6,605.3,606.4,609.6,613.2,615.0,614.0,610.7,606.9,601.9,604.2,607.3,611.2,614.6,617.1,618.7,617.3,615.0,611.9,608.3,604.7,608.6,610.2,611.6,612.1,611.3,609.7,608.3,607.9,230.4,226.4,224.6,226.0,229.9,234.2,235.7,234.2,232.3,230.3,228.8,228.0,228.4,229.8,231.9,233.3,233.8,234.2,234.2,233.6,232.1,232.7,231.9,230.2,228.5,227.8,228.6,230.4,228.3,224.5,222.8,224.2,227.7,231.5,233.2,232.1,230.6,228.4,226.7,225.9,226.3,227.5,229.3,230.7,231.5,231.8,231.8,231.6,229.8,230.4,229.7,228.0,226.5,225.9,226.6,228.3,260.4,262.2,266.6,271.0,272.9,271.4,266.7,262.2,255.6,257.7,260.9,265.3,270.1,274.3,277.6,274.3,269.8,265.2,261.1,257.8,264.9,266.9,268.8,269.6,268.8,266.8,264.9,264.1,330.1,331.9,336.5,341.2,343.3,341.5,336.9,331.9,326.3,328.6,332.2,337.1,342.3,346.9,350.3,347.0,342.6,337.9,333.2,329.2,334.8,336.9,338.9,339.7,338.8,336.7,334.7,333.9,-3.0,-7.4,-9.4,-7.8,-3.6,1.1,2.8,1.2,-0.9,-3.2,-4.7,-5.7,-5.2,-3.6,-1.4,0.1,0.7,1.2,1.1,0.5,-1.2,-0.5,-1.4,-3.3,-5.1,-5.8,-5.0,-3.0,-5.7,-10.0,-12.1,-10.5,-6.3,-2.0,-0.0,-1.2,-3.0,-5.6,-7.5,-8.5,-8.0,-6.7,-4.6,-2.9,-2.0,-1.6,-1.6,-1.8,-3.9,-3.2,-4.1,-6.0,-7.8,-8.5,-7.6,-5.7,659.0,659.8,660.6,660.9,660.5,659.9,658.9,658.6,662.3,660.1,658.4,657.8,658.9,660.8,662.7,660.6,658.5,657.6,658.1,660.0,660.1,660.2,660.5,660.9,661.0,660.9,660.6,660.2,700.9,702.1,703.7,704.8,704.7,703.5,701.9,700.9,701.3,700.6,700.4,701.4,703.9,707.2,710.4,707.0,703.6,701.2,700.2,700.5,702.7,703.2,703.9,704.4,704.5,704.0,703.3,702.8,368.7,30.2,827.6,0.002,0.106,-0.082
43,0,1656521708.448,0.98,1,-0.092701,0.078334,-0.992608,-0.243726,0.077178,-0.966768,-0.170,0.079,559.6,560.9,564.7,568.6,570.4,569.3,565.3,561.4,554.0,556.7,560.3,564.5,568.5,571.7,573.9,571.7,568.3,564.5,560.5,556.9,563.3,565.1,566.7,567.3,566.5,564.8,563.1,562.5,605.4,606.4,609.7,613.3,615.1,614.1,610.8,606.9,601.9,604.2,607.4,611.2,614.7,617.2,618.7,617.4,615.0,612.0,608.4,604.7,608.7,610.3,611.7,612.1,611.3,609.8,608.3,607.9,230.5,226.4,224.6,226.1,229.9,234.3,235.8,234.3,232.3,230.3,228.9,228.0,228.5,229.9,232.0,233.4,233.9,234.3,234.3,233.7,232.1,232.8,232.0,230.2,228.5,227.9,228.7,230.4,228.4,224.6,222.9,224.3,227.9,231.6,233.3,232.3,230.7,228.5,226.8,226.0,226.4,227.6,229.4,230.8,231.6,232.0,231.9,231.8,230.0,230.5,229.8,228.2,226.6,226.0,226.8,228.4,259.7,261.6,265.9,270.4,272.2,270.8,266.0,261.6,255.0,257.0,260.3,264.6,269.5,273.7,277.0,273.6,269.1,264.5,260.5,257.2,264.3,266.2,268.1,268.9,268.1,266.2,264.3,263.5,328.9,330.6,335.2,339.9,342.0,340.2,335.6,330.6,325.0,327.4,330.9,335.8,341.0,345.6,349.0,345.7,341.4,336.6,332.0,327.9,333.5,335.6,337.6,338.4,337.5,335.4,333.4,332.6,-3.0,-7.3,-9.3,-7.7,-3.5,1.2,2.8,1.3,-0.9,-3.1,-4.7,-5.6,-5.1,-3.6,-1.3,0.2,0.9,1.3,1.2,0.6,-1.1,-0.4,-1.3,-3.2,-5.1,-5.8,-4.9,-3.0,-5.5,-9.9,-11.9,-10.4,-6.2,-1.8,0.2,-1.0,-2.8,-5.4,-7.4,-8.3,-7.8,-6.5,-4.4,-2.7,-1.8,-1.4,-1.4,-1.6,-3.7,-3.1,-3.9,-5.8,-7.7,-8.3,-7.5,-5.5,657.5,658.3,659.0,659.3,658.8,658.3,657.3,657.0,660.8,658.6,656.8,656.3,657.3,659.1,661.1,659.0,656.9,656.0,656.6,658.4,658.5,658.6,658.9,659.3,659.5,659.3,659.0,658.7,698.1,699.3,701.0,702.1,702.0,700.7,699.1,698.1,698.4,697.7,697.6,698.6,701.1,704.4,707.7,704.2,700.8,698.4,697.4,697.6,699.9,700.4,701.1,701.6,701.7,701.2,700.5,699.9,368.1,30.1,826.2,-0.001,0.105,-0.080
44,0,1656521708.481,0.98,1,-0.091732,0.078372,-0.992695,-0.243925,0.078021,-0.966651,-0.170,0.080,559.5,560.8,564.6,568.5,570.4,569.3,565.3,561.4,554.0,556.6,560.2,564.4,568.5,571.6,573.9,571.6,568.3,564.5,560.5,556.9,563.3,565.0,566.7,567.2,566.4,564.7,563.1,562.5,605.4,606.4,609.6,613.2,615.0,614.0,610.8,606.9,601.9,604.2,607.4,611.2,614.6,617.1,618.7,617.3,615.0,611.9,608.3,604.7,608.7,610.2,611.7,612.1,611.3,609.7,608.3,607.9,230.5,226.5,224.6,226.1,229.9,234.2,235.7,234.3,232.4,230.4,228.9,228.0,228.5,229.9,232.0,233.3,233.9,234.3,234.3,233.7,232.1,232.8,232.0,230.2,228.5,227.9,228.7,230.5,228.3,224.5,222.8,224.2,227.7,231.4,233.1,232.1,230.6,228.4,226.7,225.8,226.3,227.4,229.3,230.7,231.4,231.8,231.8,231.6,229.8,230.4,229.6,228.0,226.5,225.9,226.6,228.3,260.3,262.1,266.5,270.9,272.7,271.3,266.6,262.1,255.5,257.6,260.8,265.1,270.0,274.2,277.5,274.2,269.7,265.1,261.0,257.7,264.8,266.8,268.7,269.5,268.7,266.7,264.8,264.0,330.1,331.9,336.4,341.2,343.2,341.5,336.9,331.9,326.3,328.6,332.2,337.1,342.3,346.8,350.3,347.0,342.6,337.9,333.2,329.2,334.8,336.9,338.9,339.7,338.7,336.7,334.7,333.9,-2.9,-7.3,-9.3,-7.8,-3.6,1.2,2.8,1.3,-0.9,-3.1,-4.7,-5.6,-5.1,-3.6,-1.3,0.2,0.8,1.3,1.2,0.6,-1.1,-0.4,-1.3,-3.2,-5.1,-5.8,-4.9,-3.0,-5.7,-10.0,-12.1,-10.5,-6.4,-2.0,-0.0,-1.2,-2.9,-5.6,-7.5,-8.5,-8.0,-6.7,-4.6,-2.9,-2.0,-1.6,-1.6,-1.8,-3.9,-3.2,-4.1,-6.0,-7.8,-8.5,-7.6,-5.7,658.9,659.7,660.5,660.7,660.3,659.8,658.8,658.5,662.2,660.0,658.3,657.7,658.8,660.6,662.6,660.5,658.4,657.5,658.0,659.9,660.0,660.1,660.4,660.8,660.9,660.8,660.5,660.1,700.8,702.1,703.7,704.8,704.7,703.4,701.8,700.9,701.2,700.5,700.3,701.3,703.8,707.1,710.3,706.9,703.5,701.1,700.1,700.4,702.6,703.1,703.8,704.4,704.4,703.9,703.2,702.7,368.3,30.1,826.8,0.001,0.102,-0.080
45,0,1656521708.515,0.98,1,-0.090430,0.079525,-0.992723,-0.242532,0.079240,-0.966902,-0.168,0.081,559.7,561.0,564.8,568.7,570.5,569.5,565.5,561.5,554.1,556.8,560.4,564.6,568.6,571.8,574.0,571.8,568.5,564.6,560.7,557.0,563.5,565.2,566.8,567.4,566.6,564.9,563.2,562.7,605.4,606.5,609.7,613.3,615.1,614.1,610.8,607.0,602.0,604.3,607.4,611.3,614.7,617.2,618.7,617.4,615.0,612.0,608.4,604.8,608.7,610.3,611.7,612.2,611.4,609.8,608.4,607.9,230.4,226.4,224.6,226.0,229.8,234.1,235.6,234.2,232.3,230.2,228.8,227.9,228.4,229.8,231.9,233.2,233.8,234.2,234.2,233.6,232.0,232.7,231.9,230.1,228.4,227.8,228.6,230.4,228.3,224.5,222.8,224.2,227.7,231.5,233.2,232.1,230.6,228.4,226.7,225.9,226.3,227.5,229.3,230.7,231.5,231.8,231.8,231.6,229.8,230.4,229.7,228.0,226.5,225.9,226.6,228.3,260.5,262.3,266.7,271.1,273.0,271.6,266.8,262.4,255.7,257.8,261.1,265.4,270.3,274.5,277.8,274.4,269.9,265.4,261.3,258.0,265.1,267.0,268.9,269.7,268.9,267.0,265.0,264.3,330.4,332.1,336.7,341.4,343.5,341.7,337.1,332.2,326.5,328.9,332.5,337.4,342.6,347.1,350.5,347.2,342.9,338.1,333.5,329.4,335.1,337.1,339.1,339.9,339.0,336.9,334.9,334.2,-3.1,-7.4,-9.4,-7.9,-3.6,1.1,2.7,1.1,-1.0,-3.2,-4.8,-5.7,-5.2,-3.7,-1.4,0.1,0.7,1.1,1.1,0.5,-1.2,-0.5,-1.4,-3.3,-5.2,-5.9,-5.0,-3.1,-5.7,-10.1,-12.1,-10.5,-6.3,-2.0,-0.0,-1.2,-3.0,-5.6,-7.5,-8.5,-8.0,-6.7,-4.6,-2.9,-2.0,-1.6,-1.6,-1.8,-3.9,-3.2,-4.1,-6.0,-7.8,-8.5,-7.6,-5.7,659.1,659.9,660.7,660.9,660.5,660.0,658.9,658.7,662.4,660.2,658.4,657.9,659.0,660.8,662.8,660.7,658.6,657.6,658.2,660.0,660.1,660.2,660.6,660.9,661.1,661.0,660.7,660.3,701.2,702.4,704.0,705.1,705.0,703.8,702.2,701.2,701.5,700.8,700.6,701.6,704.1,707.4,710.7,707.2,703.9,701.5,700.4,700.7,703.0,703.4,704.2,704.7,704.7,704.3,703.5,703.0,368.4,30.0,826.9,0.001,0.102,-0.078
46,0,1656521708.549,0.98,1,-0.097502,0.077702,-0.992197,-0.246863,0.076584,-0.966020,-0.174,0.079,559.7,561.0,564.7,568.7,570.5,569.4,565.4,561.5,554.1,556.8,560.4,564.5,568.6,571.8,574.0,571.8,568.4,564.6,560.6,557.0,563.4,565.2,566.8,567.4,566.6,564.9,563.2,562.6,605.4,606.5,609.7,613.3,615.1,614.1,610.8,607.0,601.9,604.3,607.4,611.2,614.7,617.2,618.8,617.4,615.1,612.0,608.4,604.8,608.7,610.3,611.7,612.2,611.4,609.8,608.4,607.9,230.3,226.3,224.5,226.0,229.8,234.1,235.6,234.2,232.2,230.2,228.7,227.9,228.3,229.8,231.9,233.2,233.8,234.2,234.2,233.6,232.0,232.6,231.8,230.1,228.4,227.8,228.6,230.3,228.2,224.5,222.8,224.2,227.7,231.5,233.2,232.1,230.6,228.4,226.6,225.8,226.3,227.5,229.3,230.7,231.5,231.8,231.8,231.6,229.8,230.4,229.7,228.0,226.5,225.9,226.6,228.3,260.5,262.3,266.7,271.1,272.9,271.5,266.7,262.4,255.8,257.8,261.0,265.4,270.2,274.4,277.7,274.3,269.8,265.3,261.3,258.0,265.1,267.0,268.9,269.7,268.9,267.0,265.0,264.2,329.2,331.0,335.5,340.2,342.3,340.5,335.9,331.0,325.3,327.7,331.3,336.2,341.4,345.9,349.4,346.1,341.7,337.0,332.3,328.2,333.9,336.0,338.0,338.7,337.8,335.8,333.8,333.0,-3.1,-7.5,-9.5,-7.9,-3.7,1.0,2.7,1.1,-1.0,-3.2,-4.9,-5.8,-5.3,-3.7,-1.4,0.1,0.7,1.1,1.1,0.5,-1.3,-0.6,-1.4,-3.4,-5.2,-5.9,-5.0,-3.1,-5.7,-10.0,-12.0,-10.5,-6.3,-2.0,-0.0,-1.2,-3.0,-5.6,-7.6,-8.5,-8.0,-6.7,-4.5,-2.9,-2.0,-1.5,-1.5,-1.8,-3.9,-3.2,-4.1,-6.0,-7.8,-8.5,-7.6,-5.7,659.1,659.9,660.7,660.9,660.4,659.9,658.9,658.7,662.5,660.3,658.5,657.9,658.9,660.7,662.6,660.6,658.5,657.6,658.2,660.1,660.1,660.2,660.5,660.9,661.1,661.0,660.7,660.3,698.7,700.0,701.6,702.7,702.6,701.3,699.7,698.8,699.1,698.4,698.2,699.2,701.7,705.0,708.2,704.8,701.4,699.0,698.0,698.3,700.5,701.0,701.7,702.3,702.3,701.8,701.1,700.6,369.3,30.2,828.9,0.002,0.109,-0.081
47,0,1656521708.581,0.98,1,-0.096141,0.081229,-0.992048,-0.246286,0.079995,-0.965890,-0.173,0.082,559.6,561.0,564.7,568.7,570.5,569.4,565.4,561.5,554.1,556.8,560.4,564.5,568.6,571.8,574.0,571.7,568.4,564.6,560.6,557.0,563.4,565.1,566.8,567.4,566.6,564.8,563.2,562.6,605.4,606.4,609.6,613.2,615.0,614.0,610.7,606.9,601.9,604.2,607.3,611.2,614.6,617.1,618.7,617.3,615.0,611.9,608.3,604.7,608.6,610.2,611.6,612.1,611.3,609.7,608.3,607.9,230.4,226.4,224.6,226.0,229.9,234.2,235.7,234.2,232.3,230.3,228.8,227.9,228.4,229.8,231.9,233.3,233.9,234.3,234.2,233.6,232.1,232.7,231.9,230.1,228.5,227.8,228.6,230.4,228.2,224.5,222.8,224.1,227.7,231.4,233.1,232.1,230.6,228.3,226.7,225.8,226.3,227.4,229.3,230.7,231.5,231.8,231.8,231.6,229.8,230.4,229.6,228.0,226.4,225.9,226.6,228.2,260.5,262.3,266.6,271.0,272.9,271.5,266.7,262.3,255.7,257.8,261.0,265.3,270.2,274.4,277.7,274.3,269.8,265.3,261.2,257.9,265.0,266.9,268.9,269.6,268.8,266.9,265.0,264.2,329.6,331.4,335.9,340.6,342.7,340.9,336.3,331.4,325.7,328.1,331.7,336.6,341.8,346.3,349.8,346.5,342.1,337.4,332.7,328.6,334.3,336.3,338.3,339.1,338.2,336.2,334.2,333.4,-3.0,-7.4,-9.4,-7.8,-3.6,1.1,2.7,1.2,-1.0,-3.2,-4.8,-5.7,-5.2,-3.7,-1.4,0.1,0.8,1.2,1.1,0.5,-1.2,-0.5,-1.4,-3.3,-5.2,-5.9,-5.0,-3.1,-5.7,-10.1,-12.1,-10.5,-6.4,-2.0,-0.0,-1.2,-3.0,-5.6,-7.6,-8.5,-8.0,-6.7,-4.6,-2.9,-2.0,-1.6,-1.6,-1.8,-3.9,-3.2,-4.1,-6.0,-7.8,-8.5,-7.6,-5.7,659.1,659.9,660.6,660.8,660.4,659.9,658.9,658.7,662.4,660.2,658.4,657.8,658.9,660.7,662.6,660.6,658.5,657.6,658.2,660.1,660.1,660.2,660.5,660.9,661.0,660.9,660.6,660.3,699.8,701.0,702.6,703.7,703.6,702.4,700.8,699.8,700.1,699.4,699.2,700.2,702.7,706.0,709.3,705.8,702.5,700.1,699.0,699.3,701.6,702.0,702.8,703.3,703.3,702.8,702.1,701.6,369.1,30.1,828.3,0.004,0.110,-0.084
48,0,1656521708.615,0.98,1,-0.094257,0.081493,-0.992207,-0.245089,0.081081,-0.966104,-0.172,0.083,559.6,561.0,564.7,568.6,570.5,569.4,565.4,561.5,554.1,556.8,560.4,564.5,568.6,571.7,574.0,571.7,568.4,564.6,560.6,557.0,563.4,565.1,566.8,567.4,566.5,564.8,563.2,562.6,605.4,606.4,609.7,613.2,615.1,614.0,610.8,606.9,601.9,604.2,607.4,611.2,614.6,617.1,618.7,617.3,615.0,611.9,608.3,604.7,608.7,610.2,611.7,612.1,611.3,609.8,608.3,607.9,230.4,226.4,224.6,226.0,229.9,234.2,235.7,234.3,232.3,230.3,228.8,228.0,228.4,229.9,231.9,233.3,233.9,234.3,234.2,233.7,232.1,232.7,231.9,230.2,228.5,227.9,228.7,230.4,228.3,224.5,222.8,224.2,227.7,231.5,233.2,232.2,230.6,228.4,226.7,225.9,226.3,227.5,229.3,230.7,231.5,231.8,231.8,231.6,229.8,230.4,229.7,228.0,226.5,225.9,226.6,228.3,260.6,262.4,266.8,271.2,273.0,271.6,266.9,262.4,255.8,257.9,261.1,265.5,270.3,274.5,277.8,274.5,270.0,265.4,261.3,258.0,265.1,267.1,269.0,269.8,269.0,267.0,265.1,264.3,329.7,331.5,336.1,340.8,342.9,341.1,336.5,331.5,325.9,328.2,331.8,336.7,341.9,346.5,349.9,346.6,342.2,337.5,332.8,328.8,334.4,336.5,338.5,339.3,338.4,336.3,334.3,333.5,-3.0,-7.4,-9.4,-7.8,-3.6,1.1,2.8,1.2,-0.9,-3.1,-4.7,-5.6,-5.2,-3.6,-1.4,0.2,0.8,1.2,1.2,0.6,-1.2,-0.5,-1.3,-3.3,-5.1,-5.8,-4.9,-3.0,-5.7,-10.0,-12.0,-10.5,-6.3,-2.0,0.0,-1.2,-3.0,-5.5,-7.5,-8.5,-8.0,-6.7,-4.6,-2.9,-2.0,-1.5,-1.6,-1.8,-3.9,-3.2,-4.1,-6.0,-7.8,-8.5,-7.6,-5.7,659.4,660.2,661.0,661.2,660.8,660.3,659.2,659.0,662.7,660.5,658.7,658.2,659.3,661.1,663.0,660.9,658.9,657.9,658.5,660.4,660.4,660.5,660.9,661.2,661.4,661.3,661.0,660.6,700.0,701.2,702.8,703.9,703.8,702.6,701.0,700.0,700.3,699.6,699.5,700.4,702.9,706.3,709.5,706.1,702.7,700.3,699.3,699.6,701.8,702.3,703.0,703.5,703.6,703.1,702.4,701.8,368.2,30.1,826.4,0.004,0.108,-0.082
49,0,1656521708.648,0.98,1,-0.096198,0.081416,-0.992027,-0.245886,0.080858,-0.965920,-0.173,0.083,559.8,561.1,564.8,568.7,570.6,569.5,565.5,561.6,554.3,556.9,560.5,564.6,568.7,571.8,574.0,571.8,568.5,564.7,560.8,557.1,563.5,565.2,566.9,567.4,566.6,564.9,563.3,562.7,605.3,606.3,609.6,613.1,614.9,613.9,610.7,606.8,601.8,604.1,607.3,611.1,614.5,617.0,618.6,617.2,614.9,611.8,608.2,604.6,608.6,610.1,611.6,612.0,611.2,609.7,608.2,607.8,230.6,226.6,224.8,226.2,230.0,234.3,235.8,234.4,232.5,230.5,229.0,228.1,228.6,230.0,232.0,233.4,234.0,234.4,234.3,233.8,232.2,232.8,232.0,230.3,228.6,228.0,228.8,230.5,228.3,224.6,222.9,224.2,227.8,231.5,233.2,232.2,230.6,228.4,226.8,225.9,226.4,227.5,229.3,230.7,231.5,231.8,231.8,231.7,229.9,230.4,229.7,228.1,226.5,225.9,226.7,228.3,262.2,263.9,268.3,272.8,274.6,273.2,268.5,264.0,257.4,259.5,262.7,267.0,271.9,276.1,279.4,276.0,271.5,267.0,262.9,259.7,266.7,268.7,270.6,271.4,270.5,268.6,266.7,265.9,331.0,332.8,337.4,342.1,344.1,342.4,337.8,332.8,327.2,329.5,333.1,338.0,343.2,347.8,351.2,347.9,343.5,338.8,334.1,330.1,335.7,337.8,339.8,340.6,339.7,337.6,335.6,334.8,-2.9,-7.3,-9.3,-7.7,-3.5,1.2,2.9,1.3,-0.8,-3.0,-4.6,-5.5,-5.1,-3.5,-1.3,0.2,0.9,1.3,1.3,0.7,-1.1,-0.4,-1.3,-3.2,-5.0,-5.7,-4.8,-2.9,-5.7,-10.0,-12.0,-10.5,-6.3,-2.0,0.0,-1.2,-2.9,-5.5,-7.5,-8.4,-7.9,-6.7,-4.6,-2.9,-2.0,-1.6,-1.6,-1.8,-3.9,-3.2,-4.1,-6.0,-7.8,-8.5,-7.6,-5.7,663.0,663.8,664.6,664.8,664.4,663.9,662.9,662.6,666.4,664.2,662.4,661.8,662.9,664.7,666.6,664.6,662.5,661.6,662.2,664.0,664.1,664.2,664.5,664.8,665.0,664.9,664.6,664.2,703.0,704.2,705.8,706.9,706.8,705.6,704.0,703.0,703.3,702.6,702.4,703.4,705.9,709.2,712.5,709.0,705.7,703.3,702.2,702.5,704.8,705.2,706.0,706.5,706.5,706.0,705.3,704.8,369.1,30.3,828.2,0.002,0.110,-0.086
50,0,1656521708.682,0.98,1,-0.090951,0.084631,-0.992253,-0.243984,0.084417,-0.966098,-0.169,0.086,559.9,561.2,564.9,568.8,570.7,569.6,565.7,561.7,554.4,557.0,560.6,564.7,568.8,571.9,574.1,571.9,568.6,564.8,560.9,557.2,563.7,565.4,567.0,567.6,566.7,565.0,563.4,562.8,605.4,606.4,609.6,613.2,615.0,614.0,610.7,606.9,601.9,604.2,607.4,611.1,614.6,617.0,618.6,617.2,614.9,611.9,608.3,604.7,608.6,610.2,611.6,612.1,611.3,609.7,608.3,607.9,230.7,226.8,224.9,226.3,230.1,234.4,236.0,234.6,232.6,230.7,229.2,228.4,228.8,230.1,232.1,233.5,234.1,234.5,234.5,233.9,232.4,233.0,232.2,230.4,228.8,228.2,229.0,230.7,228.4,224.7,223.0,224.3,227.8,231.5,233.2,232.2,230.7,228.5,226.8,226.0,226.5,227.5,229.3,230.7,231.5,231.9,231.9,231.7,229.9,230.5,229.7,228.1,226.6,226.0,226.7,228.3,262.9,264.6,269.0,273.5,275.4,274.0,269.2,264.8,258.1,260.1,263.4,267.7,272.6,276.8,280.1,276.8,272.3,267.7,263.7,260.3,267.4,269.4,271.3,272.1,271.3,269.3,267.4,266.6,333.0,334.7,339.3,344.0,346.1,344.3,339.8,334.8,329.1,331.5,335.1,339.9,345.2,349.7,353.2,349.9,345.5,340.8,336.1,332.0,337.7,339.7,341.7,342.5,341.6,339.5,337.5,336.8,-2.7,-7.1,-9.1,-7.6,-3.3,1.4,3.1,1.5,-0.6,-2.8,-4.3,-5.3,-4.8,-3.4,-1.2,0.4,1.0,1.5,1.4,0.9,-0.9,-0.2,-1.1,-3.0,-4.9,-5.5,-4.6,-2.7,-5.6,-10.0,-12.0,-10.5,-6.3,-1.9,0.1,-1.1,-2.9,-5.5,-7.4,-8.4,-7.9,-6.6,-4.6,-2.9,-2.0,-1.5,-1.5,-1.7,-3.8,-3.2,-4.1,-6.0,-7.8,-8.5,-7.6,-5.7,664.4,665.2,666.0,666.3,665.9,665.4,664.4,664.1,667.7,665.5,663.7,663.2,664.3,666.2,668.2,666.1,664.0,663.0,663.6,665.4,665.5,665.6,666.0,666.3,666.5,666.3,666.0,665.7,706.9,708.1,709.7,710.7,710.7,709.5,707.9,707.0,707.3,706.6,706.4,707.3,709.8,713.1,716.4,712.9,709.6,707.2,706.2,706.5,708.7,709.2,709.9,710.4,710.4,709.9,709.2,708.7,369.4,30.3,828.6,0.001,0.107,-0.087
51,0,1656521708.715,0.98,1,-0.092949,0.082124,-0.992278,-0.243662,0.081673,-0.966415,-0.170,0.083,559.8,561.1,564.8,568.8,570.6,569.6,565.6,561.7,554.3,556.9,560.5,564.7,568.7,571.9,574.1,571.9,568.6,564.7,560.8,557.2,563.6,565.3,566.9,567.5,566.7,565.0,563.3,562.8,605.5,606.5,609.8,613.3,615.1,614.1,610.9,607.0,602.0,604.3,607.5,611.3,614.7,617.2,618.8,617.4,615.1,612.0,608.4,604.8,608.8,610.3,611.8,612.2,611.4,609.9,608.4,608.0,230.7,226.7,224.9,226.3,230.1,234.4,235.9,234.5,232.6,230.6,229.1,228.3,228.7,230.1,232.1,233.5,234.1,234.5,234.5,233.9,232.3,233.0,232.2,230.4,228.7,228.1,228.9,230.7,228.4,224.6,222.9,224.3,227.8,231.5,233.2,232.2,230.7,228.5,226.8,226.0,226.4,227.6,229.3,230.7,231.5,231.9,231.9,231.7,229.9,230.5,229.7,228.1,226.6,226.0,226.7,228.3,261.7,263.4,267.8,272.3,274.1,272.8,268.0,263.6,256.9,259.0,262.2,266.5,271.4,275.6,278.9,275.6,271.1,266.5,262.4,259.1,266.2,268.2,270.1,270.9,270.1,268.1,266.2,265.4,331.2,332.9,337.5,342.2,344.3,342.5,338.0,333.0,327.3,329.7,333.3,338.2,343.4,347.9,351.4,348.1,343.7,339.0,334.3,330.2,335.9,337.9,339.9,340.7,339.8,337.7,335.7,335.0,-2.7,-7.1,-9.1,-7.6,-3.3,1.4,3.1,1.5,-0.6,-2.8,-4.4,-5.3,-4.9,-3.4,-1.1,0.4,1.0,1.5,1.4,0.8,-0.9,-0.2,-1.1,-3.0,-4.9,-5.6,-4.7,-2.7,-5.6,-10.0,-12.0,-10.4,-6.3,-1.9,0.1,-1.1,-2.9,-5.4,-7.4,-8.4,-7.9,-6.6,-4.5,-2.9,-1.9,-1.5,-1.5,-1.7,-3.8,-3.1,-4.0,-5.9,-7.7,-8.4,-7.5,-5.6,661.6,662.4,663.2,663.5,663.1,662.6,661.5,661.3,665.0,662.8,661.0,660.4,661.5,663.4,665.3,663.2,661.1,660.2,660.8,662.6,662.7,662.8,663.1,663.5,663.7,663.5,663.2,662.9,702.8,703.9,705.6,706.7,706.6,705.4,703.8,702.8,703.1,702.4,702.2,703.2,705.7,709.0,712.3,708.8,705.5,703.1,702.1,702.3,704.6,705.1,705.8,706.3,706.3,705.8,705.1,704.6,368.8,30.3,826.9,0.002,0.108,-0.088
52,0,1656521708.748,0.98,1,-0.094774,0.079776,-0.992297,-0.245453,0.079532,-0.966141,-0.172,0.081,560.0,561.3,565.1,569.0,570.8,569.8,565.8,561.9,554.5,557.2,560.7,564.9,568.9,572.1,574.3,572.1,568.8,565.0,561.0,557.4,563.8,565.5,567.1,567.7,566.9,565.2,563.6,563.0,605.5,606.6,609.8,613.4,615.2,614.2,610.9,607.1,602.1,604.4,607.5,611.3,614.7,617.2,618.8,617.5,615.1,612.1,608.5,604.9,608.8,610.4,611.8,612.3,611.5,609.9,608.5,608.0,230.8,226.8,224.9,226.4,230.2,234.5,236.0,234.6,232.7,230.6,229.2,228.3,228.7,230.1,232.2,233.6,234.2,234.6,234.6,234.0,232.4,233.0,232.2,230.5,228.8,228.2,229.0,230.7,228.4,224.7,223.0,224.3,227.9,231.6,233.3,232.3,230.8,228.6,226.9,226.0,226.5,227.6,229.4,230.8,231.6,232.0,232.0,231.8,230.0,230.6,229.8,228.2,226.6,226.1,226.8,228.4,262.1,263.9,268.2,272.7,274.5,273.1,268.4,264.0,257.3,259.4,262.6,266.9,271.8,276.0,279.3,276.0,271.5,266.9,262.9,259.6,266.6,268.6,270.5,271.3,270.5,268.5,266.6,265.8,331.5,333.2,337.8,342.5,344.6,342.8,338.2,333.3,327.6,330.0,333.5,338.4,343.6,348.2,351.6,348.3,344.0,339.3,334.6,330.5,336.2,338.2,340.2,341.0,340.1,338.0,336.0,335.3,-2.6,-7.0,-9.1,-7.5,-3.3,1.4,3.1,1.6,-0.5,-2.8,-4.4,-5.3,-4.9,-3.3,-1.1,0.5,1.1,1.6,1.5,0.9,-0.8,-0.2,-1.0,-3.0,-4.8,-5.5,-4.6,-2.7,-5.5,-9.9,-11.9,-10.4,-6.2,-1.8,0.2,-1.0,-2.7,-5.4,-7.4,-8.4,-7.9,-6.6,-4.5,-2.8,-1.8,-1.4,-1.4,-1.6,-3.7,-3.1,-3.9,-5.8,-7.7,-8.3,-7.4,-5.5,662.1,662.9,663.6,663.8,663.5,662.9,661.9,661.7,665.4,663.2,661.4,660.8,661.9,663.7,665.7,663.6,661.5,660.6,661.2,663.0,663.1,663.2,663.5,663.9,664.0,663.9,663.6,663.3,703.2,704.4,706.0,707.1,707.1,705.9,704.2,703.3,703.6,702.9,702.7,703.7,706.2,709.5,712.7,709.3,706.0,703.6,702.5,702.8,705.0,705.5,706.2,706.8,706.8,706.3,705.6,705.1,370.1,30.3,829.4,0.002,0.108,-0.087
53,0,1656521708.781,0.98,1,-0.091622,0.083148,-0.992316,-0.243603,0.082727,-0.966340,-0.170,0.084,560.1,561.4,565.1,569.1,570.9,569.8,565.9,562.0,554.6,557.3,560.8,565.0,569.0,572.1,574.3,572.1,568.8,565.0,561.1,557.5,563.9,565.6,567.2,567.8,567.0,565.3,563.6,563.1,605.6,606.6,609.8,613.4,615.2,614.2,610.9,607.1,602.1,604.4,607.6,611.3,614.7,617.2,618.8,617.4,615.1,612.1,608.5,604.9,608.9,610.4,611.8,612.3,611.5,609.9,608.5,608.1,230.6,226.7,224.8,226.3,230.1,234.3,235.9,234.4,232.5,230.5,229.1,228.3,228.7,230.1,232.1,233.4,234.0,234.4,234.4,233.8,232.3,232.9,232.1,230.4,228.7,228.1,228.9,230.6,228.3,224.6,222.9,224.2,227.8,231.5,233.2,232.2,230.7,228.5,226.8,226.0,226.4,227.5,229.3,230.7,231.5,231.8,231.8,231.7,229.9,230.4,229.7,228.1,226.5,226.0,226.7,228.3,263.4,265.2,269.6,274.0,275.9,274.5,269.7,265.3,258.6,260.7,263.9,268.3,273.1,277.4,280.6,277.3,272.8,268.2,264.1,260.8,267.9,269.9,271.8,272.6,271.8,269.8,267.9,267.1,333.4,335.1,339.7,344.4,346.5,344.7,340.1,335.2,329.5,331.9,335.4,340.3,345.5,350.1,353.6,350.2,345.9,341.1,336.5,332.4,338.1,340.1,342.1,342.9,342.0,339.9,337.9,337.1,-2.8,-7.2,-9.2,-7.6,-3.4,1.3,3.0,1.4,-0.7,-2.9,-4.5,-5.4,-5.0,-3.4,-1.2,0.3,0.9,1.4,1.3,0.8,-1.0,-0.3,-1.2,-3.1,-4.9,-5.6,-4.7,-2.8,-5.7,-10.0,-12.0,-10.5,-6.3,-2.0,0.0,-1.1,-2.9,-5.5,-7.5,-8.4,-8.0,-6.7,-4.6,-2.9,-2.0,-1.6,-1.5,-1.7,-3.9,-3.2,-4.1,-6.0,-7.8,-8.5,-7.6,-5.7,665.1,665.9,666.6,666.9,666.5,666.0,664.9,664.7,668.4,666.2,664.4,663.9,665.0,666.8,668.8,666.7,664.6,663.6,664.2,666.0,666.1,666.2,666.6,666.9,667.1,667.0,666.6,666.3,707.2,708.3,710.0,711.0,711.0,709.8,708.2,707.2,707.5,706.8,706.6,707.6,710.1,713.4,716.7,713.2,709.9,707.5,706.4,706.7,709.0,709.4,710.1,710.7,710.7,710.2,709.5,709.0,369.4,30.3,828.0,0.003,0.105,-0.085
54,0,1656521708.815,0.98,1,-0.089579,0.082805,-0.992532,-0.244330,0.081841,-0.966232,-0.169,0.084,560.1,561.4,565.1,569.1,570.9,569.8,565.9,561.9,554.5,557.2,560.8,565.0,569.0,572.2,574.4,572.1,568.8,565.0,561.1,557.4,563.8,565.6,567.2,567.8,567.0,565.3,563.6,563.0,605.7,606.7,609.9,613.5,615.3,614.3,611.1,607.2,602.2,604.5,607.7,611.5,614.9,617.4,619.0,617.6,615.3,612.2,608.7,605.0,609.0,610.6,612.0,612.4,611.6,610.1,608.6,608.2,230.7,226.7,224.9,226.4,230.2,234.5,236.0,234.6,232.6,230.6,229.2,228.4,228.8,230.2,232.2,233.6,234.2,234.6,234.5,234.0,232.4,233.0,232.2,230.5,228.8,228.2,229.0,230.7,228.4,224.7,223.0,224.3,227.9,231.6,233.3,232.3,230.8,228.6,226.9,226.0,226.5,227.6,229.4,230.8,231.6,232.0,232.0,231.8,230.0,230.6,229.8,228.2,226.6,226.1,226.8,228.4,261.2,263.0,267.4,271.9,273.7,272.3,267.5,263.1,256.4,258.5,261.8,266.1,271.0,275.2,278.5,275.1,270.6,266.1,262.0,258.7,265.8,267.7,269.7,270.5,269.6,267.7,265.8,265.0,331.4,333.2,337.7,342.4,344.5,342.8,338.2,333.2,327.5,329.9,333.5,338.4,343.6,348.1,351.6,348.3,343.9,339.2,334.5,330.4,336.1,338.2,340.2,340.9,340.0,338.0,336.0,335.2,-2.6,-7.0,-9.0,-7.5,-3.2,1.5,3.1,1.6,-0.6,-2.8,-4.4,-5.3,-4.8,-3.3,-1.0,0.5,1.1,1.5,1.5,0.9,-0.8,-0.1,-1.0,-2.9,-4.8,-5.5,-4.6,-2.7,-5.5,-9.9,-11.9,-10.4,-6.2,-1.8,0.2,-1.0,-2.8,-5.3,-7.3,-8.3,-7.8,-6.6,-4.5,-2.8,-1.9,-1.4,-1.4,-1.6,-3.7,-3.1,-3.9,-5.8,-7.7,-8.3,-7.4,-5.5,659.8,660.6,661.4,661.7,661.3,660.8,659.7,659.4,663.1,660.9,659.1,658.6,659.7,661.6,663.6,661.5,659.3,658.4,658.9,660.7,660.9,661.0,661.3,661.7,661.9,661.7,661.4,661.0,702.7,703.9,705.5,706.6,706.6,705.4,703.8,702.8,703.1,702.4,702.2,703.2,705.7,709.0,712.2,708.8,705.5,703.1,702.0,702.3,704.6,705.0,705.7,706.3,706.3,705.8,705.1,704.6,369.5,30.3,828.3,0.004,0.106,-0.086
55,0,1656521708.848,0.98,1,-0.090681,0.080906,-0.992588,-0.242524,0.081661,-0.966702,-0.168,0.083,560.1,561.4,565.1,569.0,570.8,569.8,565.8,561.9,554.5,557.2,560.8,564.9,568.9,572.1,574.3,572.1,568.8,565.0,561.1,557.4,563.8,565.5,567.1,567.7,566.9,565.2,563.6,563.0,605.6,606.6,609.8,613.4,615.2,614.2,610.9,607.1,602.1,604.4,607.6,611.4,614.8,617.2,618.8,617.5,615.1,612.1,608.5,604.9,608.9,610.4,611.8,612.3,611.5,609.9,608.5,608.1,230.8,226.8,225.0,226.4,230.2,234.5,236.0,234.6,232.7,230.7,229.2,228.4,228.8,230.2,232.2,233.6,234.2,234.6,234.6,234.0,232.4,233.0,232.2,230.5,228.8,228.2,229.0,230.8,228.5,224.8,223.1,224.4,227.9,231.6,233.3,232.3,230.8,228.6,226.9,226.1,226.5,227.6,229.4,230.8,231.6,232.0,232.0,231.8,230.0,230.6,229.8,228.2,226.7,226.1,226.8,228.5,262.8,264.6,269.0,273.4,275.3,273.9,269.2,264.7,258.0,260.1,263.4,267.7,272.6,276.8,280.1,276.8,272.3,267.7,263.6,260.3,267.4,269.3,271.3,272.0,271.2,269.3,267.4,266.6,332.8,334.6,339.1,343.8,345.9,344.2,339.6,334.6,329.0,331.3,334.9,339.8,345.0,349.5,353.0,349.7,345.3,340.6,335.9,331.9,337.5,339.6,341.6,342.4,341.4,339.4,337.4,336.6,-2.6,-7.0,-9.0,-7.5,-3.3,1.5,3.1,1.6,-0.5,-2.7,-4.3,-5.3,-4.8,-3.3,-1.1,0.5,1.1,1.6,1.5,1.0,-0.8,-0.1,-1.0,-2.9,-4.8,-5.5,-4.6,-2.6,-5.5,-9.9,-11.9,-10.4,-6.2,-1.8,0.2,-1.0,-2.8,-5.4,-7.3,-8.3,-7.8,-6.5,-4.5,-2.8,-1.8,-1.4,-1.4,-1.6,-3.7,-3.0,-3.9,-5.8,-7.7,-8.3,-7.4,-5.5,663.9,664.7,665.5,665.7,665.4,664.8,663.8,663.5,667.2,665.0,663.2,662.7,663.8,665.7,667.6,665.5,663.4,662.5,663.0,664.8,665.0,665.1,665.4,665.8,665.9,665.8,665.5,665.1,706.0,707.2,708.8,709.9,709.8,708.6,707.0,706.1,706.4,705.7,705.5,706.5,709.0,712.3,715.5,712.1,708.7,706.3,705.3,705.6,707.8,708.3,709.0,709.5,709.6,709.1,708.4,707.9,369.2,30.3,827.7,0.001,0.103,-0.085
56,0,1656521708.881,0.98,1,-0.091022,0.081428,-0.992514,-0.242701,0.080643,-0.966743,-0.169,0.083,560.1,561.4,565.1,569.1,570.9,569.8,565.8,561.9,554.6,557.2,560.8,565.0,569.0,572.1,574.3,572.1,568.8,565.0,561.1,557.4,563.8,565.6,567.2,567.8,567.0,565.3,563.6,563.0,605.7,606.7,610.0,613.5,615.3,614.3,611.1,607.2,602.2,604.6,607.7,611.5,614.9,617.4,618.9,617.6,615.3,612.2,608.6,605.0,609.0,610.5,612.0,612.4,611.6,610.1,608.6,608.2,230.8,226.8,225.0,226.5,230.3,234.6,236.1,234.7,232.7,230.7,229.3,228.4,228.9,230.3,232.3,233.7,234.2,234.6,234.6,234.0,232.5,233.1,232.3,230.6,228.9,228.3,229.1,230.8,228.6,224.9,223.2,224.5,228.1,231.8,233.5,232.5,231.0,228.8,227.1,226.3,226.7,227.8,229.6,231.0,231.8,232.2,232.2,232.0,230.2,230.8,230.0,228.4,226.8,226.3,227.0,228.6,262.5,264.3,268.7,273.2,275.0,273.6,268.8,264.4,257.7,259.8,263.1,267.4,272.3,276.5,279.8,276.4,271.9,267.4,263.3,260.0,267.1,269.0,271.0,271.7,270.9,269.0,267.1,266.3,332.3,334.1,338.6,343.3,345.4,343.6,339.1,334.1,328.4,330.8,334.4,339.3,344.5,349.0,352.5,349.2,344.8,340.1,335.4,331.3,337.0,339.1,341.1,341.8,340.9,338.9,336.9,336.1,-2.6,-7.0,-9.0,-7.4,-3.2,1.6,3.2,1.6,-0.5,-2.7,-4.3,-5.2,-4.7,-3.2,-0.9,0.6,1.2,1.6,1.6,1.0,-0.7,-0.1,-0.9,-2.8,-4.7,-5.4,-4.5,-2.6,-5.3,-9.7,-11.7,-10.1,-5.9,-1.6,0.4,-0.8,-2.6,-5.1,-7.1,-8.1,-7.6,-6.3,-4.2,-2.5,-1.6,-1.2,-1.2,-1.4,-3.5,-2.8,-3.7,-5.6,-7.4,-8.1,-7.2,-5.3,663.0,663.8,664.6,664.9,664.5,664.0,662.9,662.6,666.3,664.1,662.4,661.8,662.9,664.8,666.8,664.6,662.5,661.6,662.2,664.0,664.1,664.2,664.5,664.9,665.1,664.9,664.6,664.3,704.6,705.8,707.4,708.5,708.4,707.3,705.6,704.7,705.0,704.2,704.1,705.0,707.6,710.9,714.2,710.7,707.4,704.9,703.9,704.2,706.4,706.9,707.6,708.1,708.2,707.7,707.0,706.5,369.4,30.4,828.0,0.000,0.106,-0.084
57,0,1656521708.915,0.98,1,-0.089479,0.082639,-0.992554,-0.241990,0.083049,-0.966718,-0.168,0.084,560.1,561.4,565.1,569.1,570.9,569.9,565.9,562.0,554.6,557.2,560.8,565.0,569.0,572.2,574.4,572.1,568.9,565.1,561.1,557.5,563.9,565.6,567.2,567.8,567.0,565.3,563.6,563.1,605.6,606.6,609.9,613.4,615.2,614.2,611.0,607.1,602.1,604.5,607.6,611.4,614.8,617.3,618.9,617.5,615.2,612.1,608.6,604.9,608.9,610.5,611.9,612.3,611.5,610.0,608.5,608.1,230.8,226.8,225.0,226.4,230.2,234.5,236.0,234.6,232.7,230.7,229.3,228.4,228.8,230.2,232.2,233.6,234.2,234.6,234.5,234.0,232.4,233.1,232.3,230.5,228.8,228.2,229.0,230.8,228.4,224.7,223.0,224.3,227.9,231.6,233.3,232.3,230.8,228.6,226.9,226.1,226.5,227.6,229.4,230.8,231.5,231.9,231.9,231.8,230.0,230.5,229.8,228.2,226.6,226.0,226.8,228.4,262.5,264.3,268.7,273.2,275.0,273.7,268.9,264.4,257.7,259.8,263.1,267.4,272.3,276.5,279.8,276.5,272.0,267.4,263.3,260.0,267.1,269.1,271.0,271.8,270.9,269.0,267.1,266.3,332.1,333.8,338.4,343.1,345.2,343.4,338.9,333.9,328.2,330.6,334.2,339.1,344.3,348.8,352.3,349.0,344.6,339.9,335.2,331.1,336.8,338.8,340.8,341.6,340.7,338.6,336.6,335.9,-2.6,-7.0,-9.0,-7.5,-3.2,1.5,3.2,1.6,-0.5,-2.7,-4.3,-5.2,-4.8,-3.3,-1.0,0.5,1.1,1.6,1.5,0.9,-0.8,-0.1,-1.0,-2.9,-4.8,-5.4,-4.6,-2.6,-5.5,-9.9,-11.9,-10.4,-6.2,-1.9,0.1,-1.0,-2.8,-5.4,-7.3,-8.3,-7.8,-6.6,-4.5,-2.8,-1.9,-1.4,-1.4,-1.6,-3.7,-3.1,-4.0,-5.9,-7.7,-8.4,-7.5,-5.6,662.9,663.8,664.6,664.9,664.5,663.9,662.9,662.6,666.2,664.0,662.3,661.8,662.9,664.8,666.8,664.6,662.5,661.5,662.1,663.9,664.0,664.2,664.5,664.9,665.0,664.9,664.5,664.2,704.4,705.5,707.2,708.3,708.2,707.0,705.4,704.4,704.7,704.0,703.8,704.8,707.3,710.7,713.9,710.5,707.1,704.7,703.7,703.9,706.2,706.7,707.4,707.9,707.9,707.4,706.7,706.2,369.0,30.3,827.1,0.002,0.105,-0.085
58,0,1656521708.948,0.98,1,-0.090442,0.085495,-0.992225,-0.242981,0.085805,-0.966229,-0.169,0.087,560.2,561.5,565.2,569.1,571.0,569.9,565.9,562.0,554.6,557.3,560.9,565.0,569.1,572.2,574.4,572.2,568.9,565.1,561.2,557.5,563.9,565.6,567.3,567.8,567.0,565.3,563.7,563.1,605.7,606.7,610.0,613.5,615.3,614.3,611.1,607.2,602.2,604.6,607.7,611.5,614.9,617.4,619.0,617.6,615.3,612.2,608.6,605.0,609.0,610.5,612.0,612.4,611.6,610.1,608.6,608.2,230.8,226.9,225.0,226.4,230.3,234.5,236.1,234.7,232.7,230.8,229.3,228.5,228.9,230.2,232.2,233.6,234.2,234.6,234.6,234.0,232.5,233.1,232.3,230.6,228.9,228.3,229.1,230.8,228.5,224.8,223.1,224.4,228.0,231.7,233.4,232.4,230.8,228.6,227.0,226.2,226.6,227.7,229.5,230.9,231.6,232.0,232.0,231.8,230.1,230.6,229.9,228.3,226.7,226.1,226.9,228.5,263.1,264.9,269.3,273.7,275.6,274.2,269.5,265.0,258.3,260.4,263.7,268.0,272.9,277.1,280.4,277.1,272.6,268.0,263.9,260.6,267.7,269.6,271.6,272.3,271.5,269.6,267.6,266.9,333.1,334.9,339.5,344.2,346.3,344.5,339.9,334.9,329.3,331.6,335.2,340.1,345.3,349.9,353.3,350.0,345.7,340.9,336.2,332.2,337.8,339.9,341.9,342.7,341.8,339.7,337.7,336.9,-2.6,-7.0,-9.0,-7.4,-3.2,1.5,3.2,1.6,-0.5,-2.7,-4.2,-5.2,-4.7,-3.2,-1.0,0.5,1.1,1.6,1.6,1.0,-0.8,-0.1,-1.0,-2.9,-4.7,-5.4,-4.5,-2.6,-5.5,-9.8,-11.8,-10.3,-6.1,-1.8,0.2,-0.9,-2.8,-5.3,-7.2,-8.2,-7.7,-6.4,-4.4,-2.7,-1.8,-1.4,-1.4,-1.6,-3.7,-3.0,-3.9,-5.8,-7.6,-8.3,-7.4,-5.5,664.3,665.1,665.9,666.2,665.8,665.3,664.2,663.9,667.6,665.4,663.6,663.1,664.2,666.1,668.1,666.0,663.8,662.9,663.4,665.2,665.4,665.5,665.8,666.2,666.3,666.2,665.9,665.5,706.4,707.6,709.2,710.3,710.2,709.0,707.4,706.4,706.8,706.0,705.9,706.8,709.3,712.6,715.9,712.5,709.1,706.7,705.7,706.0,708.2,708.7,709.4,709.9,709.9,709.4,708.7,708.2,369.3,30.3,827.7,0.004,0.104,-0.083
59,0,1656521708.982,0.98,1,-0.085782,0.080645,-0.993045,-0.241806,0.080761,-0.966958,-0.166,0.082,560.1,561.4,565.1,569.1,570.9,569.8,565.9,561.9,554.5,557.2,560.8,565.0,569.0,572.2,574.4,572.1,568.8,565.0,561.1,557.4,563.8,565.6,567.2,567.8,567.0,565.2,563.6,563.0,605.7,606.7,610.0,613.6,615.4,614.3,611.1,607.2,602.3,604.6,607.7,611.5,614.9,617.4,619.0,617.6,615.3,612.3,608.7,605.1,609.0,610.6,612.0,612.4,611.6,610.1,608.7,608.2,230.8,226.8,225.0,226.4,230.2,234.5,236.1,234.6,232.7,230.7,229.2,228.4,228.8,230.2,232.3,233.6,234.2,234.6,234.5,234.0,232.5,233.1,232.3,230.5,228.9,228.2,229.0,230.8,228.6,224.9,223.2,224.5,228.1,231.8,233.5,232.5,230.9,228.7,227.1,226.2,226.7,227.8,229.6,231.0,231.7,232.1,232.1,231.9,230.1,230.7,230.0,228.4,226.8,226.2,227.0,228.6,261.6,263.3,267.8,272.2,274.1,272.7,267.9,263.4,256.7,258.8,262.1,266.5,271.3,275.6,278.8,275.5,271.0,266.4,262.3,259.0,266.1,268.1,270.0,270.8,270.0,268.0,266.1,265.3,332.0,333.7,338.3,343.0,345.1,343.3,338.7,333.7,328.1,330.5,334.0,338.9,344.1,348.7,352.2,348.8,344.5,339.7,335.0,331.0,336.7,338.7,340.7,341.5,340.6,338.5,336.5,335.7,-2.6,-7.0,-9.0,-7.4,-3.2,1.5,3.2,1.6,-0.5,-2.7,-4.3,-5.2,-4.7,-3.2,-1.0,0.5,1.1,1.5,1.5,0.9,-0.8,-0.1,-1.0,-2.9,-4.7,-5.4,-4.5,-2.6,-5.3,-9.7,-11.7,-10.2,-6.0,-1.6,0.4,-0.8,-2.6,-5.2,-7.1,-8.1,-7.6,-6.3,-4.2,-2.6,-1.7,-1.2,-1.2,-1.4,-3.5,-2.9,-3.7,-5.6,-7.5,-8.1,-7.3,-5.4,660.6,661.4,662.2,662.5,662.2,661.6,660.5,660.2,663.8,661.6,659.9,659.4,660.6,662.5,664.4,662.3,660.1,659.2,659.7,661.5,661.6,661.8,662.1,662.5,662.7,662.5,662.2,661.8,703.8,705.0,706.7,707.7,707.6,706.4,704.8,703.9,704.2,703.5,703.3,704.3,706.8,710.1,713.3,709.9,706.5,704.1,703.1,703.4,705.6,706.1,706.8,707.3,707.4,706.9,706.2,705.7,368.7,30.4,826.8,-0.001,0.099,-0.079
60,0,1656521709.015,0.98,1,-0.085755,0.082716,-0.992877,-0.240989,0.083797,-0.966903,-0.165,0.085,560.1,561.4,565.1,569.0,570.9,569.8,565.9,561.9,554.5,557.2,560.8,565.0,569.0,572.1,574.3,572.1,568.8,565.0,561.1,557.4,563.8,565.6,567.2,567.8,567.0,565.2,563.6,563.0,605.7,606.7,610.0,613.5,615.3,614.3,611.1,607.2,602.3,604.6,607.7,611.5,614.9,617.4,618.9,617.6,615.3,612.2,608.7,605.0,609.0,610.5,611.9,612.4,611.6,610.1,608.6,608.2,230.9,226.9,225.1,226.5,230.4,234.6,236.1,234.7,232.8,230.8,229.3,228.5,228.9,230.3,232.4,233.7,234.3,234.7,234.6,234.1,232.6,233.2,232.4,230.6,229.0,228.3,229.1,230.9,228.7,225.0,223.3,224.6,228.1,231.8,233.5,232.5,231.0,228.8,227.1,226.3,226.7,227.8,229.6,231.0,231.8,232.2,232.2,232.0,230.2,230.8,230.0,228.4,226.9,226.3,227.0,228.6,262.3,264.1,268.5,272.9,274.8,273.4,268.6,264.2,257.4,259.6,262.8,267.2,272.1,276.3,279.6,276.2,271.7,267.2,263.1,259.7,266.9,268.8,270.7,271.5,270.7,268.8,266.8,266.0,333.4,335.2,339.7,344.4,346.5,344.8,340.2,335.2,329.5,331.9,335.5,340.4,345.6,350.1,353.6,350.3,345.9,341.2,336.5,332.4,338.1,340.2,342.2,342.9,342.0,340.0,338.0,337.2,-2.5,-6.9,-8.9,-7.3,-3.1,1.6,3.3,1.7,-0.4,-2.6,-4.2,-5.1,-4.6,-3.1,-0.9,0.6,1.3,1.7,1.6,1.0,-0.7,0.0,-0.9,-2.8,-4.6,-5.3,-4.4,-2.5,-5.3,-9.6,-11.7,-10.1,-6.0,-1.6,0.4,-0.8,-2.6,-5.1,-7.1,-8.1,-7.6,-6.3,-4.2,-2.5,-1.6,-1.2,-1.2,-1.4,-3.5,-2.8,-3.7,-5.6,-7.4,-8.1,-7.2,-5.3,662.4,663.2,664.1,664.4,664.0,663.4,662.3,662.0,665.6,663.5,661.8,661.3,662.4,664.3,666.3,664.2,662.0,661.0,661.6,663.3,663.5,663.6,664.0,664.4,664.5,664.4,664.0,663.7,706.9,708.1,709.7,710.8,710.8,709.6,708.0,707.0,707.3,706.6,706.4,707.4,709.9,713.2,716.5,713.0,709.7,707.3,706.2,706.5,708.8,709.2,709.9,710.5,710.5,710.0,709.3,708.8,368.9,30.3,827.2,0.003,0.098,-0.079
61,0,1656521709.048,0.98,1,-0.088152,0.085538,-0.992428,-0.242319,0.086510,-0.966332,-0.167,0.088,560.1,561.4,565.1,569.0,570.9,569.8,565.9,561.9,554.5,557.2,560.8,565.0,569.0,572.1,574.3,572.1,568.8,565.0,561.1,557.4,563.8,565.6,567.2,567.8,567.0,565.2,563.6,563.0,605.7,606.7,609.9,613.5,615.3,614.3,611.1,607.2,602.2,604.5,607.7,611.5,614.9,617.4,618.9,617.6,615.3,612.2,608.6,605.0,609.0,610.5,611.9,612.4,611.6,610.0,608.6,608.2,230.9,226.9,225.1,226.5,230.3,234.6,236.2,234.7,232.8,230.8,229.4,228.6,229.0,230.3,232.3,233.7,234.3,234.7,234.6,234.1,232.6,233.2,232.4,230.6,229.0,228.3,229.1,230.9,228.6,224.8,223.1,224.4,228.0,231.7,233.4,232.4,230.9,228.7,227.0,226.2,226.6,227.7,229.5,230.9,231.7,232.1,232.1,231.9,230.1,230.7,229.9,228.3,226.7,226.2,226.9,228.6,262.0,263.8,268.2,272.6,274.5,273.1,268.3,263.9,257.1,259.2,262.5,266.9,271.8,276.0,279.3,275.9,271.4,266.9,262.8,259.4,266.6,268.5,270.4,271.2,270.4,268.4,266.5,265.7,332.1,333.9,338.4,343.2,345.3,343.5,338.9,334.0,328.3,330.6,334.2,339.1,344.3,348.9,352.3,349.0,344.7,339.9,335.3,331.2,336.9,338.9,340.9,341.7,340.8,338.7,336.7,335.9,-2.5,-6.9,-8.9,-7.3,-3.1,1.6,3.3,1.7,-0.4,-2.6,-4.1,-5.1,-4.6,-3.1,-0.9,0.6,1.2,1.7,1.6,1.1,-0.7,0.0,-0.8,-2.8,-4.6,-5.3,-4.4,-2.5,-5.4,-9.7,-11.8,-10.2,-6.1,-1.7,0.3,-0.9,-2.7,-5.2,-7.2,-8.1,-7.7,-6.4,-4.4,-2.7,-1.7,-1.3,-1.3,-1.5,-3.6,-2.9,-3.8,-5.7,-7.5,-8.2,-7.3,-5.4,661.7,662.5,663.3,663.6,663.2,662.7,661.6,661.3,664.9,662.7,661.0,660.5,661.7,663.5,665.5,663.4,661.3,660.3,660.8,662.6,662.8,662.9,663.3,663.6,663.8,663.6,663.3,662.9,704.3,705.5,707.1,708.2,708.2,707.0,705.4,704.4,704.7,704.0,703.8,704.8,707.3,710.6,713.9,710.4,707.1,704.7,703.6,703.9,706.2,706.6,707.3,707.9,707.9,707.4,706.7,706.2,368.4,30.4,825.9,0.006,0.102,-0.082
62,0,1656521709.082,0.98,1,-0.090967,0.086717,-0.992071,-0.244205,0.087913,-0.965730,-0.170,0.089,560.1,561.4,565.1,569.0,570.8,569.8,565.8,561.9,554.5,557.2,560.8,564.9,568.9,572.0,574.3,572.0,568.8,565.0,561.1,557.4,563.8,565.5,567.1,567.7,566.9,565.2,563.6,563.0,605.6,606.7,609.9,613.4,615.2,614.2,611.0,607.1,602.2,604.5,607.6,611.4,614.8,617.3,618.9,617.5,615.1,612.1,608.5,605.0,608.9,610.4,611.9,612.3,611.5,610.0,608.6,608.1,230.9,226.9,225.1,226.5,230.3,234.6,236.1,234.7,232.8,230.8,229.4,228.6,229.0,230.3,232.3,233.7,234.3,234.7,234.7,234.1,232.6,233.2,232.4,230.6,229.0,228.4,229.1,230.9,228.6,224.9,223.2,224.5,228.1,231.7,233.4,232.4,230.9,228.7,227.1,226.3,226.7,227.8,229.5,230.9,231.7,232.1,232.1,231.9,230.1,230.7,230.0,228.3,226.8,226.2,227.0,228.6,263.3,265.1,269.5,273.9,275.8,274.4,269.7,265.2,258.5,260.6,263.9,268.2,273.1,277.3,280.6,277.3,272.8,268.2,264.1,260.8,267.9,269.8,271.8,272.6,271.7,269.8,267.9,267.1,334.6,336.3,340.9,345.6,347.7,345.9,341.3,336.4,330.7,333.1,336.6,341.5,346.7,351.3,354.8,351.4,347.1,342.3,337.6,333.6,339.3,341.3,343.3,344.1,343.2,341.1,339.1,338.4,-2.5,-6.9,-8.9,-7.3,-3.1,1.6,3.3,1.7,-0.4,-2.6,-4.2,-5.1,-4.6,-3.1,-0.9,0.6,1.2,1.7,1.7,1.1,-0.7,0.0,-0.9,-2.8,-4.6,-5.3,-4.4,-2.5,-5.4,-9.7,-11.8,-10.2,-6.0,-1.7,0.3,-0.9,-2.7,-5.2,-7.2,-8.1,-7.6,-6.4,-4.3,-2.6,-1.7,-1.3,-1.3,-1.5,-3.6,-2.9,-3.8,-5.7,-7.5,-8.2,-7.3,-5.4,665.2,666.0,666.7,667.0,666.7,666.1,665.1,664.8,668.4,666.3,664.5,664.0,665.1,667.0,668.9,666.8,664.7,663.8,664.3,666.1,666.2,666.4,666.7,667.1,667.2,667.1,666.7,666.4,709.6,710.7,712.3,713.4,713.3,712.2,710.6,709.6,710.0,709.2,709.0,710.0,712.4,715.7,719.0,715.6,712.3,709.9,708.9,709.2,711.4,711.9,712.5,713.1,713.1,712.6,711.9,711.4,369.6,30.5,828.5,0.009,0.103,-0.083
63,0,1656521709.115,0.98,1,-0.087877,0.084631,-0.992530,-0.241373,0.085650,-0.966645,-0.166,0.087,560.0,561.3,565.0,568.9,570.8,569.7,565.8,561.9,554.5,557.1,560.7,564.9,568.9,572.0,574.2,572.0,568.7,564.9,561.0,557.4,563.7,565.5,567.1,567.6,566.8,565.1,563.5,562.9,605.6,606.6,609.8,613.3,615.1,614.1,610.9,607.1,602.1,604.4,607.5,611.3,614.7,617.2,618.8,617.4,615.1,612.1,608.5,604.9,608.8,610.4,611.8,612.2,611.4,609.9,608.5,608.0,231.0,227.0,225.2,226.6,230.4,234.7,236.2,234.8,232.9,230.9,229.5,228.6,229.0,230.4,232.4,233.7,234.3,234.7,234.7,234.2,232.6,233.2,232.4,230.7,229.0,228.4,229.2,230.9,228.6,224.9,223.2,224.5,228.1,231.8,233.5,232.5,230.9,228.8,227.1,226.3,226.7,227.8,229.6,231.0,231.7,232.1,232.1,231.9,230.2,230.7,230.0,228.4,226.8,226.3,227.0,228.6,263.5,265.3,269.7,274.2,276.1,274.7,269.9,265.4,258.7,260.8,264.1,268.4,273.3,277.5,280.8,277.5,273.0,268.4,264.3,261.0,268.1,270.1,272.0,272.8,271.9,270.0,268.1,267.3,334.1,335.8,340.4,345.1,347.2,345.4,340.9,335.9,330.2,332.6,336.2,341.1,346.3,350.8,354.3,351.0,346.6,341.9,337.2,333.1,338.8,340.9,342.9,343.6,342.7,340.7,338.7,337.9,-2.4,-6.8,-8.8,-7.3,-3.1,1.7,3.3,1.8,-0.3,-2.5,-4.1,-5.0,-4.6,-3.1,-0.9,0.6,1.3,1.7,1.7,1.1,-0.6,0.1,-0.8,-2.7,-4.6,-5.3,-4.4,-2.4,-5.3,-9.7,-11.7,-10.2,-6.0,-1.6,0.4,-0.8,-2.6,-5.2,-7.1,-8.1,-7.6,-6.3,-4.3,-2.6,-1.7,-1.3,-1.2,-1.4,-3.5,-2.9,-3.7,-5.7,-7.5,-8.2,-7.3,-5.4,665.8,666.6,667.4,667.7,667.4,666.8,665.7,665.4,669.0,666.9,665.1,664.7,665.8,667.7,669.7,667.5,665.4,664.4,664.9,666.7,666.9,667.0,667.4,667.7,667.9,667.8,667.4,667.0,708.8,710.0,711.6,712.7,712.6,711.4,709.8,708.8,709.1,708.4,708.2,709.2,711.7,715.0,718.3,714.8,711.5,709.1,708.1,708.4,710.6,711.1,711.8,712.3,712.3,711.8,711.1,710.6,368.4,30.5,826.1,0.004,0.101,-0.082
64,0,1656521709.148,0.98,1,-0.083417,0.084297,-0.992943,-0.240735,0.085938,-0.966779,-0.164,0.087,560.0,561.3,565.1,569.0,570.9,569.8,565.8,561.9,554.4,557.1,560.8,564.9,569.0,572.1,574.3,572.1,568.8,565.0,561.1,557.4,563.8,565.5,567.1,567.7,566.9,565.2,563.6,563.0,605.7,606.7,609.9,613.5,615.3,614.3,611.1,607.2,602.3,604.6,607.7,611.5,614.9,617.4,618.9,617.6,615.2,612.2,608.6,605.0,609.0,610.5,611.9,612.4,611.6,610.0,608.6,608.2,231.1,227.1,225.2,226.7,230.5,234.8,236.3,234.9,233.0,231.0,229.5,228.7,229.1,230.5,232.5,233.9,234.4,234.9,234.8,234.3,232.7,233.3,232.5,230.8,229.1,228.5,229.3,231.0,228.7,225.0,223.3,224.6,228.1,231.8,233.5,232.5,231.0,228.8,227.2,226.3,226.8,227.9,229.6,231.0,231.8,232.2,232.2,232.0,230.2,230.8,230.1,228.4,226.9,226.3,227.1,228.7,261.5,263.3,267.7,272.2,274.1,272.7,267.9,263.4,256.7,258.8,262.1,266.5,271.4,275.6,278.8,275.5,271.0,266.5,262.3,259.0,266.1,268.1,270.0,270.8,270.0,268.0,266.1,265.3,333.6,335.3,339.9,344.6,346.7,344.9,340.3,335.4,329.7,332.1,335.6,340.5,345.7,350.3,353.8,350.4,346.1,341.3,336.7,332.6,338.3,340.3,342.3,343.1,342.2,340.1,338.1,337.3,-2.3,-6.7,-8.7,-7.1,-2.9,1.8,3.5,1.9,-0.2,-2.4,-4.0,-4.9,-4.5,-2.9,-0.7,0.8,1.4,1.9,1.8,1.2,-0.5,0.2,-0.7,-2.6,-4.4,-5.1,-4.2,-2.3,-5.2,-9.6,-11.6,-10.1,-5.9,-1.6,0.4,-0.7,-2.5,-5.1,-7.0,-8.0,-7.5,-6.3,-4.2,-2.5,-1.6,-1.1,-1.1,-1.3,-3.5,-2.8,-3.7,-5.6,-7.4,-8.1,-7.2,-5.3,660.7,661.5,662.3,662.7,662.3,661.8,660.7,660.3,663.9,661.7,660.0,659.6,660.7,662.6,664.7,662.5,660.3,659.3,659.8,661.6,661.8,662.0,662.3,662.7,662.8,662.7,662.3,662.0,707.3,708.4,710.0,711.1,711.1,709.9,708.3,707.3,707.7,706.9,706.7,707.7,710.2,713.5,716.8,713.3,710.0,707.6,706.6,706.9,709.1,709.6,710.3,710.8,710.8,710.3,709.6,709.1,368.8,30.5,826.7,0.005,0.097,-0.081
65,0,1656521709.182,0.98,1,-0.090456,0.085949,-0.992185,-0.242774,0.086267,-0.966240,-0.169,0.088,560.0,561.4,565.1,569.0,570.8,569.8,565.8,561.9,554.5,557.2,560.8,564.9,568.9,572.1,574.3,572.1,568.8,565.0,561.0,557.4,563.8,565.5,567.1,567.7,566.9,565.2,563.6,563.0,605.6,606.7,609.9,613.5,615.2,614.2,611.0,607.2,602.2,604.5,607.6,611.4,614.8,617.3,618.9,617.5,615.2,612.1,608.6,605.0,608.9,610.5,611.9,612.3,611.5,610.0,608.6,608.1,231.0,227.0,225.2,226.6,230.4,234.7,236.2,234.8,232.9,230.9,229.4,228.6,229.0,230.4,232.4,233.8,234.3,234.8,234.7,234.2,232.6,233.2,232.4,230.7,229.0,228.4,229.2,230.9,228.6,224.9,223.2,224.5,228.1,231.8,233.5,232.5,230.9,228.8,227.1,226.3,226.7,227.8,229.6,231.0,231.8,232.1,232.1,231.9,230.2,230.7,230.0,228.4,226.8,226.2,227.0,228.6,262.6,264.4,268.8,273.2,275.1,273.7,269.0,264.5,257.8,259.9,263.2,267.5,272.4,276.6,279.9,276.6,272.1,267.5,263.4,260.1,267.2,269.1,271.1,271.8,271.0,269.1,267.1,266.4,333.1,334.9,339.4,344.1,346.2,344.5,339.9,334.9,329.2,331.6,335.2,340.1,345.3,349.8,353.3,350.0,345.6,340.9,336.2,332.1,337.8,339.9,341.9,342.6,341.7,339.7,337.7,336.9,-2.4,-6.8,-8.8,-7.3,-3.1,1.7,3.4,1.8,-0.3,-2.5,-4.1,-5.0,-4.6,-3.1,-0.9,0.7,1.3,1.8,1.7,1.1,-0.6,0.1,-0.8,-2.7,-4.6,-5.3,-4.4,-2.4,-5.3,-9.7,-11.7,-10.2,-6.0,-1.6,0.4,-0.8,-2.6,-5.2,-7.1,-8.1,-7.6,-6.3,-4.3,-2.6,-1.7,-1.2,-1.2,-1.4,-3.5,-2.9,-3.7,-5.6,-7.5,-8.1,-7.3,-5.4,663.4,664.2,665.0,665.3,664.9,664.4,663.3,663.0,666.7,664.5,662.7,662.2,663.3,665.2,667.2,665.1,663.0,662.0,662.6,664.4,664.5,664.6,665.0,665.3,665.5,665.3,665.0,664.6,706.5,707.7,709.3,710.4,710.3,709.1,707.5,706.6,706.9,706.1,706.0,706.9,709.4,712.7,716.0,712.6,709.2,706.8,705.8,706.1,708.3,708.8,709.5,710.0,710.0,709.5,708.8,708.3,369.1,30.5,827.4,0.006,0.105,-0.086
66,0,1656521709.215,0.98,1,-0.087327,0.083845,-0.992645,-0.242166,0.083857,-0.966604,-0.167,0.085,560.1,561.4,565.1,569.1,570.9,569.9,565.9,561.9,554.5,557.2,560.8,565.0,569.0,572.2,574.4,572.1,568.9,565.0,561.1,557.4,563.9,565.6,567.2,567.8,567.0,565.3,563.6,563.1,605.7,606.7,610.0,613.5,615.3,614.3,611.1,607.2,602.3,604.6,607.7,611.5,614.9,617.4,619.0,617.6,615.3,612.2,608.7,605.1,609.0,610.6,612.0,612.4,611.6,610.1,608.7,608.2,231.0,227.0,225.2,226.6,230.5,234.8,236.3,234.9,232.9,231.0,229.5,228.7,229.1,230.5,232.5,233.8,234.4,234.8,234.8,234.2,232.7,233.3,232.5,230.8,229.1,228.5,229.3,231.0,228.7,225.0,223.3,224.6,228.2,231.9,233.6,232.6,231.0,228.9,227.2,226.4,226.8,227.9,229.6,231.1,231.8,232.2,232.2,232.0,230.3,230.8,230.1,228.5,226.9,226.3,227.1,228.7,261.9,263.7,268.1,272.5,274.4,273.0,268.2,263.8,257.0,259.1,262.4,266.8,271.7,275.9,279.1,275.8,271.3,266.7,262.6,259.3,266.4,268.4,270.3,271.1,270.3,268.3,266.4,265.6,332.6,334.4,338.9,343.6,345.7,344.0,339.4,334.4,328.7,331.1,334.7,339.6,344.8,349.4,352.8,349.5,345.1,340.4,335.7,331.6,337.3,339.4,341.4,342.2,341.2,339.2,337.2,336.4,-2.3,-6.7,-8.7,-7.2,-2.9,1.8,3.4,1.9,-0.3,-2.4,-4.0,-4.9,-4.5,-3.0,-0.8,0.7,1.4,1.8,1.8,1.2,-0.5,0.2,-0.7,-2.6,-4.5,-5.2,-4.3,-2.4,-5.2,-9.6,-11.6,-10.1,-5.9,-1.5,0.5,-0.7,-2.5,-5.0,-7.0,-8.0,-7.5,-6.2,-4.2,-2.5,-1.6,-1.1,-1.1,-1.3,-3.4,-2.7,-3.6,-5.5,-7.4,-8.0,-7.1,-5.2,661.3,662.2,663.0,663.3,662.9,662.3,661.3,660.9,664.6,662.4,660.7,660.2,661.3,663.2,665.2,663.0,660.9,659.9,660.5,662.2,662.4,662.6,662.9,663.3,663.4,663.3,662.9,662.6,705.2,706.4,708.0,709.1,709.1,707.9,706.3,705.3,705.6,704.9,704.7,705.7,708.2,711.5,714.8,711.3,708.0,705.6,704.5,704.8,707.1,707.5,708.2,708.8,708.8,708.3,707.6,707.1,368.8,30.6,826.7,0.003,0.103,-0.084
67,0,1656521709.248,0.98,1,-0.087451,0.082942,-0.992710,-0.240008,0.083902,-0.967138,-0.166,0.085,560.2,561.4,565.1,569.0,570.9,569.9,565.9,562.0,554.6,557.3,560.9,565.0,569.0,572.1,574.3,572.1,568.9,565.1,561.2,557.5,563.9,565.6,567.2,567.8,567.0,565.3,563.7,563.1,605.6,606.6,609.9,613.4,615.2,614.2,611.0,607.2,602.2,604.5,607.6,611.4,614.8,617.3,618.8,617.5,615.2,612.1,608.6,605.0,608.9,610.5,611.9,612.3,611.5,610.0,608.6,608.1,230.8,226.8,225.0,226.4,230.2,234.4,236.0,234.6,232.7,230.7,229.2,228.4,228.8,230.2,232.2,233.5,234.1,234.5,234.5,234.0,232.4,233.0,232.2,230.5,228.8,228.2,229.0,230.7,228.4,224.7,223.0,224.3,227.8,231.5,233.2,232.2,230.7,228.5,226.8,226.0,226.5,227.5,229.3,230.7,231.4,231.8,231.8,231.7,229.9,230.5,229.7,228.1,226.6,226.0,226.7,228.3,263.7,265.4,269.8,274.3,276.2,274.8,270.0,265.5,258.8,260.9,264.2,268.5,273.4,277.7,280.9,277.6,273.1,268.5,264.4,261.1,268.2,270.2,272.1,272.9,272.1,270.1,268.2,267.4,334.0,335.7,340.3,345.0,347.1,345.4,340.8,335.8,330.1,332.5,336.1,341.0,346.2,350.7,354.2,350.9,346.5,341.8,337.1,333.0,338.7,340.8,342.8,343.5,342.6,340.6,338.6,337.8,-2.7,-7.1,-9.1,-7.5,-3.3,1.4,3.1,1.5,-0.5,-2.7,-4.3,-5.3,-4.8,-3.3,-1.1,0.4,1.0,1.5,1.4,0.9,-0.8,-0.2,-1.0,-3.0,-4.8,-5.5,-4.6,-2.7,-5.6,-10.0,-12.0,-10.5,-6.3,-2.0,0.0,-1.1,-2.9,-5.5,-7.4,-8.4,-7.9,-6.7,-4.6,-2.9,-2.0,-1.6,-1.6,-1.7,-3.9,-3.2,-4.1,-6.0,-7.8,-8.5,-7.6,-5.7,665.7,666.5,667.3,667.6,667.3,666.7,665.6,665.3,668.9,666.8,665.0,664.6,665.7,667.6,669.5,667.4,665.3,664.3,664.8,666.6,666.8,666.9,667.3,667.6,667.8,667.7,667.3,666.9,708.4,709.6,711.2,712.3,712.2,711.0,709.4,708.4,708.7,708.0,707.9,708.8,711.3,714.7,717.9,714.5,711.1,708.7,707.7,707.9,710.2,710.7,711.4,711.9,711.9,711.5,710.8,710.2,368.3,30.4,825.5,0.002,0.099,-0.084
68,0,1656521709.282,0.98,1,-0.090472,0.080806,-0.992615,-0.242401,0.080785,-0.966807,-0.168,0.082,560.0,561.3,565.0,568.9,570.8,569.7,565.7,561.8,554.4,557.1,560.7,564.8,568.9,572.0,574.2,572.0,568.7,564.9,561.0,557.3,563.7,565.4,567.1,567.6,566.8,565.1,563.5,562.9,605.6,606.6,609.9,613.4,615.2,614.2,611.0,607.2,602.2,604.5,607.6,611.4,614.8,617.3,618.9,617.5,615.2,612.2,608.6,605.0,608.9,610.5,611.9,612.3,611.5,610.0,608.6,608.1,230.6,226.6,224.8,226.2,230.1,234.3,235.9,234.4,232.5,230.5,229.1,228.2,228.6,230.0,232.1,233.4,234.0,234.4,234.4,233.8,232.3,232.9,232.1,230.4,228.7,228.1,228.9,230.6,228.3,224.6,222.9,224.2,227.7,231.4,233.1,232.1,230.6,228.4,226.7,225.9,226.3,227.5,229.2,230.6,231.4,231.8,231.8,231.6,229.8,230.4,229.6,228.0,226.5,225.9,226.6,228.3,262.6,264.4,268.8,273.2,275.1,273.7,268.9,264.5,257.8,259.9,263.1,267.5,272.4,276.6,279.8,276.5,272.0,267.4,263.4,260.0,267.2,269.1,271.0,271.8,271.0,269.0,267.1,266.3,332.5,334.3,338.8,343.5,345.6,343.9,339.3,334.3,328.6,331.0,334.6,339.5,344.7,349.3,352.7,349.4,345.0,340.3,335.6,331.5,337.2,339.3,341.3,342.1,341.1,339.1,337.1,336.3,-2.8,-7.2,-9.2,-7.6,-3.4,1.3,3.0,1.4,-0.7,-2.9,-4.5,-5.4,-5.0,-3.5,-1.2,0.3,0.9,1.4,1.3,0.8,-1.0,-0.3,-1.2,-3.1,-4.9,-5.6,-4.7,-2.8,-5.7,-10.1,-12.1,-10.6,-6.4,-2.0,-0.0,-1.2,-3.0,-5.6,-7.5,-8.5,-8.0,-6.7,-4.7,-3.0,-2.1,-1.6,-1.6,-1.8,-3.9,-3.3,-4.1,-6.0,-7.9,-8.5,-7.6,-5.7,663.5,664.4,665.1,665.4,665.0,664.4,663.4,663.1,666.8,664.6,662.9,662.4,663.5,665.3,667.3,665.2,663.0,662.1,662.6,664.4,664.6,664.7,665.0,665.4,665.6,665.5,665.1,664.7,705.3,706.5,708.1,709.2,709.1,707.9,706.3,705.3,705.6,704.9,704.8,705.7,708.2,711.6,714.8,711.4,708.0,705.6,704.6,704.9,707.1,707.6,708.3,708.8,708.9,708.4,707.7,707.1,368.5,30.3,826.2,0.001,0.104,-0.084
69,0,1656521709.315,0.98,1,-0.090588,0.082155,-0.992494,-0.243462,0.082053,-0.966433,-0.169,0.084,560.0,561.3,565.0,568.9,570.8,569.7,565.7,561.8,554.4,557.1,560.7,564.8,568.9,572.0,574.2,572.0,568.7,564.9,561.0,557.3,563.7,565.4,567.1,567.6,566.8,565.1,563.5,562.9,605.5,606.5,609.7,613.3,615.1,614.1,610.8,607.0,602.0,604.3,607.4,611.2,614.6,617.1,618.7,617.3,615.0,612.0,608.4,604.8,608.7,610.3,611.7,612.2,611.4,609.8,608.4,607.9,230.6,226.6,224.8,226.2,230.0,234.3,235.8,234.4,232.5,230.5,229.0,228.1,228.6,230.0,232.0,233.4,233.9,234.4,234.3,233.8,232.2,232.8,232.0,230.3,228.6,228.0,228.8,230.5,228.2,224.4,222.7,224.0,227.6,231.3,233.0,232.0,230.5,228.3,226.6,225.7,226.2,227.3,229.1,230.5,231.3,231.7,231.7,231.5,229.7,230.3,229.5,227.9,226.3,225.8,226.5,228.1,262.4,264.2,268.6,273.0,274.9,273.5,268.8,264.3,257.6,259.7,263.0,267.3,272.2,276.4,279.7,276.3,271.9,267.3,263.2,259.9,267.0,268.9,270.9,271.7,270.8,268.9,267.0,266.2,332.3,334.0,338.5,343.3,345.4,343.6,339.0,334.1,328.4,330.7,334.3,339.2,344.4,349.0,352.4,349.1,344.8,340.0,335.4,331.3,337.0,339.0,341.0,341.8,340.9,338.8,336.8,336.0,-2.9,-7.3,-9.3,-7.7,-3.5,1.2,2.9,1.3,-0.7,-3.0,-4.6,-5.5,-5.1,-3.5,-1.3,0.2,0.9,1.3,1.3,0.7,-1.1,-0.4,-1.3,-3.2,-5.0,-5.7,-4.8,-2.9,-5.9,-10.2,-12.2,-10.7,-6.6,-2.2,-0.2,-1.4,-3.1,-5.7,-7.7,-8.7,-8.2,-6.9,-4.8,-3.1,-2.2,-1.8,-1.7,-1.9,-4.1,-3.4,-4.3,-6.2,-8.0,-8.7,-7.8,-5.9,663.1,664.0,664.8,665.0,664.6,664.1,663.0,662.7,666.4,664.2,662.5,662.0,663.1,664.9,666.9,664.8,662.7,661.7,662.3,664.1,664.2,664.3,664.7,665.0,665.2,665.1,664.7,664.4,705.1,706.3,707.9,709.0,708.9,707.7,706.1,705.2,705.5,704.8,704.6,705.6,708.0,711.4,714.6,711.2,707.8,705.4,704.4,704.7,706.9,707.4,708.1,708.6,708.7,708.2,707.5,707.0,368.7,30.3,826.7,0.006,0.103,-0.086
70,0,1656521709.348,0.98,1,-0.088310,0.078459,-0.992998,-0.242936,0.078504,-0.966860,-0.167,0.080,560.0,561.3,565.0,568.9,570.8,569.7,565.7,561.8,554.4,557.1,560.7,564.8,568.9,572.0,574.2,572.0,568.7,564.9,561.0,557.3,563.7,565.4,567.1,567.6,566.8,565.1,563.5,562.9,605.6,606.6,609.8,613.4,615.2,614.3,611.0,607.2,602.2,604.5,607.6,611.4,614.8,617.3,618.9,617.5,615.2,612.2,608.6,605.0,608.9,610.5,611.9,612.3,611.5,610.0,608.5,608.1,230.6,226.6,224.8,226.2,230.1,234.4,235.9,234.4,232.5,230.5,229.0,228.2,228.6,230.0,232.1,233.5,234.0,234.4,234.4,233.9,232.3,232.9,232.1,230.4,228.7,228.1,228.9,230.6,228.3,224.6,222.9,224.2,227.7,231.4,233.1,232.1,230.7,228.4,226.7,225.8,226.3,227.4,229.2,230.6,231.4,231.8,231.8,231.7,229.8,230.4,229.6,228.0,226.5,225.9,226.7,228.3,261.5,263.3,267.7,272.2,274.0,272.6,267.8,263.4,256.7,258.8,262.1,266.5,271.3,275.5,278.8,275.4,270.9,266.4,262.3,259.0,266.1,268.0,270.0,270.8,269.9,268.0,266.1,265.3,331.7,333.4,338.0,342.7,344.8,343.0,338.5,333.5,327.8,330.2,333.7,338.6,343.8,348.4,351.9,348.5,344.2,339.5,334.8,330.7,336.4,338.4,340.4,341.2,340.3,338.2,336.2,335.5,-2.8,-7.2,-9.2,-7.6,-3.4,1.3,3.0,1.4,-0.7,-2.9,-4.5,-5.5,-5.0,-3.4,-1.1,0.4,1.0,1.4,1.4,0.8,-1.0,-0.3,-1.2,-3.1,-4.9,-5.6,-4.7,-2.8,-5.7,-10.0,-12.1,-10.6,-6.4,-2.0,-0.0,-1.2,-2.9,-5.5,-7.6,-8.6,-8.1,-6.8,-4.6,-3.0,-2.0,-1.6,-1.6,-1.7,-3.9,-3.2,-4.1,-6.0,-7.9,-8.5,-7.6,-5.7,660.9,661.8,662.6,662.8,662.4,661.8,660.7,660.5,664.1,662.0,660.2,659.8,660.9,662.7,664.7,662.6,660.4,659.5,660.0,661.8,661.9,662.1,662.4,662.8,663.0,662.9,662.5,662.1,703.5,704.8,706.4,707.5,707.4,706.1,704.5,703.5,703.9,703.2,703.0,704.0,706.5,709.8,713.0,709.6,706.2,703.8,702.8,703.1,705.3,705.8,706.5,707.0,707.1,706.6,705.9,705.4,368.9,30.3,827.1,0.004,0.100,-0.083
71,0,1656521709.382,0.98,1,-0.090144,0.084716,-0.992319,-0.242899,0.085294,-0.966294,-0.168,0.087,560.0,561.3,565.0,568.9,570.8,569.7,565.8,561.9,554.5,557.2,560.7,564.9,568.9,572.0,574.2,572.0,568.7,565.0,561.0,557.4,563.8,565.5,567.1,567.7,566.9,565.1,563.5,563.0,605.5,606.4,609.7,613.2,615.0,614.0,610.8,607.0,602.0,604.3,607.4,611.2,614.6,617.1,618.7,617.3,615.0,612.0,608.4,604.8,608.7,610.3,611.7,612.1,611.3,609.8,608.4,607.9,230.6,226.6,224.8,226.2,230.0,234.3,235.8,234.4,232.5,230.5,229.0,228.1,228.6,230.0,232.0,233.4,233.9,234.3,234.3,233.8,232.2,232.8,232.0,230.3,228.6,228.0,228.8,230.5,228.1,224.5,222.7,224.0,227.6,231.3,233.0,232.0,230.5,228.3,226.6,225.7,226.2,227.3,229.1,230.5,231.3,231.6,231.7,231.5,229.7,230.2,229.5,227.9,226.3,225.8,226.5,228.1,263.3,265.1,269.5,273.9,275.8,274.4,269.6,265.2,258.5,260.6,263.8,268.2,273.1,277.3,280.5,277.2,272.7,268.2,264.1,260.7,267.9,269.8,271.7,272.5,271.7,269.7,267.8,267.0,333.3,335.1,339.6,344.3,346.4,344.7,340.1,335.2,329.5,331.8,335.4,340.3,345.5,350.0,353.5,350.2,345.8,341.1,336.4,332.4,338.0,340.1,342.1,342.9,341.9,339.9,337.9,337.1,-2.9,-7.3,-9.3,-7.7,-3.5,1.2,2.9,1.3,-0.8,-3.0,-4.6,-5.5,-5.1,-3.5,-1.3,0.2,0.9,1.3,1.3,0.7,-1.1,-0.4,-1.3,-3.2,-5.0,-5.7,-4.8,-2.9,-5.9,-10.2,-12.3,-10.8,-6.6,-2.2,-0.2,-1.4,-3.1,-5.7,-7.7,-8.7,-8.2,-7.0,-4.9,-3.2,-2.2,-1.8,-1.8,-2.0,-4.1,-3.4,-4.3,-6.2,-8.1,-8.7,-7.8,-5.9,665.1,666.0,666.8,667.0,666.7,666.1,665.0,664.7,668.4,666.2,664.5,664.0,665.1,667.0,668.9,666.8,664.7,663.7,664.2,666.0,666.2,666.3,666.7,667.0,667.2,667.1,666.7,666.4,707.4,708.6,710.2,711.3,711.3,710.1,708.4,707.5,707.8,707.1,706.9,707.9,710.4,713.7,716.9,713.5,710.2,707.7,706.7,707.0,709.2,709.7,710.4,710.9,711.0,710.5,709.8,709.3,368.6,30.2,826.9,0.009,0.102,-0.084
72,0,1656521709.415,0.98,1,-0.090219,0.081573,-0.992576,-0.242410,0.082221,-0.966684,-0.168,0.083,560.0,561.3,565.0,569.0,570.8,569.7,565.8,561.9,554.5,557.1,560.7,564.9,568.9,572.1,574.3,572.0,568.8,565.0,561.0,557.4,563.8,565.5,567.1,567.7,566.9,565.2,563.5,563.0,605.6,606.6,609.8,613.4,615.2,614.2,611.0,607.1,602.1,604.4,607.5,611.3,614.7,617.2,618.8,617.4,615.1,612.1,608.5,604.9,608.9,610.4,611.8,612.3,611.5,609.9,608.5,608.1,230.4,226.4,224.6,226.0,229.8,234.1,235.6,234.2,232.3,230.3,228.8,228.0,228.4,229.8,231.9,233.2,233.8,234.2,234.2,233.7,232.1,232.7,231.9,230.1,228.5,227.9,228.6,230.4,228.0,224.3,222.6,223.9,227.4,231.2,232.9,231.9,230.4,228.2,226.4,225.6,226.0,227.2,229.0,230.4,231.2,231.5,231.6,231.4,229.6,230.1,229.4,227.8,226.2,225.6,226.4,228.0,262.4,264.2,268.6,273.0,274.9,273.5,268.7,264.3,257.6,259.7,262.9,267.3,272.2,276.4,279.6,276.3,271.8,267.2,263.1,259.8,266.9,268.9,270.8,271.6,270.8,268.8,266.9,266.1,332.4,334.2,338.7,343.4,345.5,343.8,339.2,334.3,328.6,330.9,334.5,339.4,344.6,349.1,352.6,349.3,345.0,340.2,335.6,331.5,337.1,339.2,341.2,342.0,341.0,339.0,337.0,336.2,-3.0,-7.4,-9.4,-7.9,-3.7,1.1,2.7,1.2,-0.9,-3.1,-4.8,-5.7,-5.2,-3.7,-1.4,0.1,0.7,1.2,1.1,0.5,-1.2,-0.5,-1.4,-3.3,-5.2,-5.9,-5.0,-3.1,-6.0,-10.4,-12.4,-10.9,-6.7,-2.4,-0.4,-1.5,-3.2,-5.9,-7.9,-8.9,-8.4,-7.1,-5.0,-3.3,-2.4,-1.9,-1.9,-2.1,-4.2,-3.6,-4.4,-6.4,-8.2,-8.8,-8.0,-6.0,662.8,663.7,664.5,664.7,664.3,663.8,662.7,662.4,666.1,663.9,662.2,661.7,662.8,664.6,666.6,664.5,662.3,661.4,661.9,663.7,663.9,664.0,664.4,664.7,664.9,664.8,664.4,664.1,705.2,706.4,708.0,709.1,709.0,707.8,706.2,705.2,705.6,704.9,704.7,705.7,708.2,711.5,714.7,711.3,707.9,705.5,704.5,704.8,707.0,707.5,708.2,708.7,708.8,708.3,707.6,707.1,368.6,30.1,826.3,0.007,0.102,-0.084
73,0,1656521709.449,0.98,1,-0.092420,0.083247,-0.992234,-0.243163,0.083373,-0.966396,-0.170,0.085,559.9,561.3,565.0,568.9,570.7,569.7,565.7,561.8,554.4,557.1,560.7,564.8,568.8,572.0,574.2,572.0,568.7,564.9,561.0,557.3,563.7,565.4,567.1,567.6,566.8,565.1,563.5,562.9,605.5,606.5,609.8,613.3,615.1,614.1,610.9,607.1,602.1,604.4,607.5,611.3,614.7,617.2,618.8,617.4,615.1,612.1,608.5,604.9,608.8,610.4,611.8,612.2,611.4,609.9,608.5,608.0,230.6,226.6,224.8,226.2,230.0,234.3,235.8,234.4,232.5,230.5,229.0,228.2,228.6,230.0,232.0,233.4,234.0,234.4,234.4,233.8,232.2,232.9,232.1,230.3,228.7,228.0,228.8,230.6,228.2,224.5,222.8,224.1,227.6,231.3,233.0,232.0,230.5,228.3,226.6,225.8,226.2,227.3,229.1,230.5,231.3,231.7,231.7,231.5,229.7,230.3,229.5,227.9,226.4,225.8,226.5,228.2,262.4,264.2,268.5,273.0,274.9,273.5,268.7,264.3,257.6,259.7,262.9,267.3,272.1,276.4,279.6,276.3,271.8,267.2,263.2,259.9,267.0,268.9,270.8,271.6,270.8,268.8,266.9,266.1,331.9,333.6,338.2,342.9,345.0,343.2,338.7,333.7,328.0,330.4,334.0,338.8,344.1,348.6,352.1,348.8,344.4,339.7,335.0,330.9,336.6,338.7,340.7,341.4,340.5,338.4,336.4,335.7,-2.8,-7.2,-9.2,-7.7,-3.5,1.3,2.9,1.4,-0.7,-2.9,-4.5,-5.5,-5.0,-3.5,-1.3,0.3,0.9,1.4,1.3,0.8,-1.0,-0.3,-1.2,-3.1,-5.0,-5.7,-4.8,-2.9,-5.8,-10.2,-12.2,-10.7,-6.5,-2.2,-0.2,-1.3,-3.1,-5.7,-7.6,-8.6,-8.2,-6.9,-4.8,-3.1,-2.2,-1.7,-1.7,-1.9,-4.0,-3.4,-4.3,-6.2,-8.0,-8.7,-7.8,-5.9,663.0,663.9,664.6,664.9,664.5,664.0,662.9,662.6,666.3,664.2,662.4,661.9,663.0,664.8,666.8,664.7,662.5,661.6,662.2,664.0,664.1,664.2,664.6,664.9,665.1,665.0,664.6,664.3,704.2,705.4,707.0,708.1,708.0,706.8,705.2,704.2,704.5,703.8,703.7,704.6,707.1,710.5,713.7,710.3,706.9,704.5,703.5,703.8,706.0,706.5,707.2,707.7,707.8,707.3,706.6,706.0,368.5,30.2,826.3,0.006,0.105,-0.087
74,0,1656521709.482,0.98,1,-0.090256,0.084623,-0.992317,-0.241845,0.084991,-0.966586,-0.168,0.086,560.0,561.3,565.0,569.0,570.8,569.8,565.8,561.9,554.5,557.1,560.7,564.9,568.9,572.1,574.3,572.1,568.8,565.0,561.0,557.3,563.8,565.5,567.1,567.7,566.9,565.2,563.5,563.0,605.7,606.7,609.9,613.5,615.3,614.3,611.1,607.2,602.2,604.5,607.6,611.4,614.9,617.3,618.9,617.6,615.2,612.2,608.6,605.0,608.9,610.5,611.9,612.4,611.6,610.0,608.6,608.1,230.6,226.6,224.8,226.2,230.0,234.3,235.8,234.4,232.5,230.5,229.0,228.2,228.6,230.0,232.0,233.4,234.0,234.4,234.3,233.8,232.2,232.8,232.1,230.3,228.6,228.0,228.8,230.6,228.2,224.5,222.8,224.1,227.6,231.3,233.0,232.1,230.6,228.3,226.6,225.8,226.2,227.3,229.1,230.5,231.3,231.7,231.7,231.5,229.7,230.3,229.6,227.9,226.4,225.8,226.6,228.2,262.0,263.8,268.2,272.7,274.5,273.1,268.3,263.9,257.2,259.3,262.6,266.9,271.8,276.0,279.3,275.9,271.4,266.9,262.8,259.5,266.6,268.5,270.5,271.2,270.4,268.5,266.6,265.8,331.6,333.3,337.9,342.6,344.7,342.9,338.4,333.4,327.7,330.1,333.7,338.5,343.7,348.3,351.8,348.5,344.1,339.4,334.7,330.6,336.3,338.3,340.3,341.1,340.2,338.1,336.1,335.4,-2.8,-7.2,-9.2,-7.7,-3.5,1.3,2.9,1.4,-0.7,-2.9,-4.5,-5.5,-5.0,-3.5,-1.2,0.3,0.9,1.3,1.3,0.7,-1.0,-0.3,-1.2,-3.1,-5.0,-5.7,-4.8,-2.9,-5.8,-10.2,-12.2,-10.7,-6.5,-2.1,-0.1,-1.3,-3.0,-5.6,-7.6,-8.6,-8.1,-6.9,-4.8,-3.1,-2.2,-1.7,-1.7,-1.9,-4.0,-3.3,-4.2,-6.1,-8.0,-8.6,-7.7,-5.8,662.0,662.8,663.6,663.9,663.5,662.9,661.8,661.6,665.2,663.1,661.3,660.8,661.9,663.8,665.8,663.6,661.5,660.5,661.1,662.9,663.0,663.2,663.5,663.9,664.1,663.9,663.6,663.2,703.2,704.4,706.0,707.1,707.1,705.9,704.2,703.2,703.5,702.8,702.7,703.7,706.2,709.5,712.8,709.3,706.0,703.5,702.5,702.7,705.0,705.5,706.2,706.7,706.8,706.3,705.6,705.0,367.9,30.1,824.8,0.009,0.103,-0.085
75,0,1656521709.515,0.98,1,-0.094168,0.081243,-0.992236,-0.242207,0.080846,-0.966850,-0.170,0.083,560.0,561.4,565.1,569.0,570.9,569.8,565.8,561.9,554.5,557.2,560.8,564.9,569.0,572.1,574.4,572.1,568.8,565.0,561.1,557.4,563.8,565.5,567.2,567.7,566.9,565.2,563.6,563.0,605.6,606.6,609.8,613.4,615.2,614.2,611.0,607.1,602.1,604.4,607.6,611.4,614.8,617.3,618.8,617.5,615.2,612.1,608.5,604.9,608.9,610.4,611.8,612.3,611.5,609.9,608.5,608.1,230.6,226.6,224.8,226.2,230.0,234.3,235.9,234.4,232.5,230.5,229.0,228.2,228.6,230.0,232.1,233.5,234.0,234.5,234.4,233.9,232.3,232.9,232.1,230.3,228.7,228.0,228.8,230.6,228.3,224.6,222.9,224.2,227.8,231.5,233.2,232.2,230.7,228.4,226.7,225.9,226.3,227.5,229.3,230.7,231.5,231.9,231.9,231.7,229.9,230.4,229.7,228.1,226.5,225.9,226.7,228.3,261.9,263.7,268.0,272.5,274.3,272.9,268.2,263.8,257.1,259.2,262.4,266.7,271.6,275.8,279.1,275.8,271.3,266.7,262.7,259.4,266.4,268.4,270.3,271.1,270.3,268.3,266.4,265.6,330.4,332.2,336.7,341.4,343.5,341.8,337.2,332.2,326.5,328.9,332.5,337.4,342.6,347.1,350.6,347.3,342.9,338.2,333.5,329.4,335.1,337.2,339.2,339.9,339.0,337.0,335.0,334.2,-2.8,-7.2,-9.2,-7.6,-3.4,1.3,3.0,1.4,-0.7,-2.9,-4.5,-5.5,-5.0,-3.5,-1.2,0.3,1.0,1.4,1.4,0.8,-1.0,-0.3,-1.2,-3.1,-4.9,-5.6,-4.8,-2.8,-5.6,-10.0,-12.0,-10.5,-6.3,-2.0,0.0,-1.1,-2.9,-5.5,-7.5,-8.5,-8.0,-6.7,-4.6,-2.9,-2.0,-1.5,-1.5,-1.7,-3.8,-3.2,-4.1,-6.0,-7.8,-8.4,-7.6,-5.7,661.5,662.3,663.0,663.3,662.9,662.4,661.4,661.1,664.9,662.7,660.8,660.3,661.4,663.2,665.1,663.0,661.0,660.1,660.7,662.5,662.5,662.6,663.0,663.3,663.5,663.4,663.1,662.7,701.0,702.2,703.8,704.9,704.9,703.6,702.0,701.0,701.3,700.6,700.5,701.4,704.0,707.3,710.6,707.1,703.8,701.3,700.3,700.5,702.8,703.3,704.0,704.5,704.6,704.1,703.4,702.8,368.3,30.3,825.5,0.003,0.104,-0.085
76,0,1656521709.549,0.98,1,-0.095774,0.076859,-0.992431,-0.243088,0.075928,-0.967028,-0.171,0.078,560.1,561.4,565.1,569.1,570.9,569.8,565.8,561.9,554.6,557.2,560.8,564.9,569.0,572.1,574.4,572.1,568.8,565.0,561.1,557.4,563.8,565.6,567.2,567.8,567.0,565.3,563.6,563.0,605.6,606.7,609.9,613.5,615.3,614.3,611.0,607.2,602.2,604.5,607.6,611.4,614.9,617.3,618.9,617.5,615.2,612.2,608.6,605.0,608.9,610.5,611.9,612.3,611.6,610.0,608.6,608.1,230.3,226.3,224.5,226.0,229.8,234.1,235.6,234.1,232.2,230.2,228.7,227.9,228.3,229.7,231.8,233.2,233.8,234.2,234.1,233.6,232.0,232.6,231.8,230.1,228.4,227.8,228.6,230.3,228.2,224.5,222.8,224.1,227.7,231.4,233.1,232.1,230.6,228.3,226.6,225.8,226.3,227.4,229.3,230.7,231.4,231.8,231.8,231.6,229.8,230.3,229.6,228.0,226.4,225.8,226.6,228.2,262.3,264.1,268.5,272.9,274.7,273.3,268.5,264.1,257.5,259.6,262.8,267.1,272.0,276.2,279.5,276.1,271.6,267.1,263.0,259.7,266.8,268.8,270.7,271.5,270.7,268.7,266.8,266.0,330.8,332.5,337.1,341.8,343.9,342.1,337.5,332.6,326.9,329.3,332.9,337.8,343.0,347.5,350.9,347.6,343.3,338.6,333.9,329.8,335.5,337.5,339.5,340.3,339.4,337.3,335.3,334.6,-3.1,-7.5,-9.5,-7.9,-3.7,1.0,2.6,1.1,-1.0,-3.3,-4.9,-5.8,-5.3,-3.8,-1.5,0.0,0.7,1.1,1.0,0.4,-1.3,-0.6,-1.5,-3.4,-5.3,-5.9,-5.1,-3.1,-5.8,-10.1,-12.1,-10.6,-6.4,-2.1,-0.1,-1.3,-3.0,-5.6,-7.6,-8.6,-8.1,-6.7,-4.6,-2.9,-2.1,-1.6,-1.6,-1.8,-4.0,-3.3,-4.2,-6.1,-7.9,-8.6,-7.7,-5.8,662.4,663.2,664.0,664.2,663.8,663.2,662.2,662.0,665.7,663.5,661.7,661.2,662.3,664.1,666.0,663.9,661.8,660.9,661.5,663.3,663.4,663.5,663.8,664.2,664.4,664.3,663.9,663.6,701.6,702.8,704.4,705.5,705.4,704.2,702.6,701.6,701.9,701.2,701.1,702.0,704.6,707.9,711.1,707.7,704.3,701.9,700.8,701.1,703.4,703.9,704.6,705.1,705.2,704.7,704.0,703.4,368.2,30.3,825.3,-0.001,0.106,-0.082
77,0,1656521709.582,0.98,1,-0.089905,0.079540,-0.992769,-0.240893,0.079119,-0.967321,-0.167,0.081,560.0,561.3,565.0,568.9,570.8,569.7,565.7,561.8,554.4,557.1,560.7,564.8,568.9,572.0,574.3,572.0,568.7,564.9,561.0,557.3,563.7,565.4,567.1,567.7,566.9,565.1,563.5,562.9,605.7,606.7,609.9,613.5,615.3,614.3,611.1,607.2,602.2,604.5,607.7,611.5,614.9,617.4,619.0,617.6,615.3,612.3,608.7,605.0,609.0,610.5,612.0,612.4,611.6,610.0,608.6,608.2,230.5,226.5,224.7,226.1,230.0,234.3,235.8,234.3,232.4,230.4,228.9,228.1,228.5,229.9,232.0,233.4,233.9,234.3,234.3,233.8,232.2,232.8,232.0,230.3,228.6,228.0,228.7,230.5,228.3,224.6,222.8,224.2,227.7,231.4,233.1,232.2,230.6,228.4,226.7,225.9,226.3,227.5,229.3,230.7,231.4,231.8,231.8,231.6,229.8,230.4,229.7,228.0,226.5,225.9,226.6,228.3,261.5,263.3,267.7,272.1,274.0,272.6,267.8,263.4,256.7,258.8,262.1,266.4,271.3,275.5,278.8,275.4,270.9,266.4,262.3,259.0,266.1,268.0,269.9,270.7,269.9,268.0,266.1,265.3,330.7,332.5,337.0,341.8,343.9,342.1,337.5,332.5,326.8,329.2,332.8,337.7,342.9,347.5,350.9,347.6,343.3,338.5,333.9,329.8,335.4,337.5,339.5,340.3,339.4,337.3,335.3,334.5,-2.9,-7.3,-9.3,-7.7,-3.5,1.2,2.9,1.3,-0.8,-3.0,-4.6,-5.6,-5.1,-3.5,-1.3,0.2,0.9,1.3,1.2,0.6,-1.1,-0.4,-1.3,-3.2,-5.0,-5.7,-4.9,-2.9,-5.7,-10.0,-12.1,-10.5,-6.4,-2.0,-0.0,-1.2,-2.9,-5.5,-7.5,-8.5,-8.0,-6.7,-4.6,-2.9,-2.0,-1.6,-1.6,-1.8,-3.9,-3.2,-4.1,-6.0,-7.8,-8.5,-7.6,-5.7,660.8,661.7,662.5,662.7,662.3,661.8,660.7,660.4,664.1,662.0,660.2,659.7,660.8,662.6,664.6,662.5,660.3,659.4,660.0,661.8,661.9,662.0,662.4,662.7,662.9,662.8,662.4,662.1,701.3,702.6,704.2,705.3,705.2,704.0,702.4,701.4,701.7,701.0,700.8,701.8,704.3,707.7,710.9,707.5,704.1,701.7,700.6,700.9,703.2,703.6,704.4,704.9,704.9,704.5,703.7,703.2,367.9,30.3,824.6,0.001,0.102,-0.084
78,0,1656521709.615,0.98,1,-0.093755,0.074380,-0.992813,-0.243266,0.073562,-0.967166,-0.170,0.075,560.0,561.4,565.1,569.1,570.9,569.9,565.8,561.9,554.5,557.2,560.8,564.9,569.0,572.2,574.4,572.2,568.8,565.0,561.1,557.4,563.8,565.6,567.2,567.8,567.0,565.2,563.6,563.0,605.7,606.7,609.9,613.5,615.4,614.4,611.1,607.2,602.2,604.5,607.7,611.5,614.9,617.4,619.0,617.7,615.4,612.3,608.7,605.0,609.0,610.6,612.0,612.4,611.6,610.0,608.6,608.2,230.6,226.6,224.8,226.2,230.0,234.4,235.9,234.4,232.5,230.5,229.0,228.1,228.5,230.0,232.1,233.5,234.1,234.5,234.4,233.9,232.3,232.9,232.1,230.3,228.7,228.0,228.8,230.6,228.4,224.6,222.9,224.2,227.8,231.5,233.3,232.3,230.8,228.5,226.7,225.9,226.3,227.5,229.4,230.8,231.6,231.9,232.0,231.8,229.9,230.5,229.8,228.1,226.6,226.0,226.7,228.4,260.2,262.0,266.4,270.8,272.6,271.2,266.4,262.0,255.4,257.5,260.7,265.0,269.9,274.1,277.4,274.0,269.5,265.0,260.9,257.6,264.7,266.7,268.6,269.4,268.5,266.6,264.7,263.9,328.2,330.0,334.5,339.2,341.3,339.6,335.0,330.1,324.4,326.7,330.3,335.2,340.4,344.9,348.4,345.1,340.8,336.0,331.4,327.3,332.9,335.0,337.0,337.8,336.8,334.8,332.8,332.0,-2.8,-7.2,-9.2,-7.6,-3.4,1.3,3.0,1.4,-0.7,-2.9,-4.6,-5.5,-5.0,-3.5,-1.1,0.4,1.0,1.4,1.4,0.8,-1.0,-0.3,-1.2,-3.1,-4.9,-5.6,-4.7,-2.8,-5.5,-9.9,-11.9,-10.4,-6.2,-1.9,0.1,-1.0,-2.8,-5.4,-7.4,-8.4,-7.9,-6.6,-4.4,-2.8,-1.8,-1.4,-1.4,-1.6,-3.7,-3.1,-3.9,-5.9,-7.7,-8.3,-7.5,-5.6,657.2,658.0,658.8,659.0,658.6,658.0,657.0,656.8,660.5,658.3,656.5,656.0,657.1,658.9,660.8,658.7,656.6,655.7,656.3,658.1,658.2,658.3,658.6,659.0,659.2,659.1,658.8,658.4,696.1,697.3,699.0,700.1,700.0,698.7,697.1,696.1,696.4,695.7,695.6,696.6,699.1,702.4,705.7,702.2,698.8,696.4,695.3,695.6,697.9,698.4,699.1,699.6,699.7,699.2,698.5,697.9,368.4,30.4,825.5,-0.002,0.105,-0.083
79,0,1656521709.649,0.98,1,-0.092995,0.076246,-0.992743,-0.241841,0.075298,-0.967390,-0.169,0.077,560.1,561.4,565.1,569.1,570.9,569.8,565.8,561.9,554.6,557.2,560.8,565.0,569.0,572.1,574.4,572.1,568.8,565.0,561.1,557.4,563.8,565.6,567.2,567.8,567.0,565.2,563.6,563.0,605.7,606.7,609.9,613.5,615.3,614.3,611.1,607.2,602.2,604.5,607.7,611.5,614.9,617.4,618.9,617.6,615.3,612.3,608.7,605.0,609.0,610.5,612.0,612.4,611.6,610.0,608.6,608.2,230.4,226.4,224.6,226.0,229.9,234.1,235.6,234.2,232.3,230.3,228.8,227.9,228.4,229.8,231.9,233.3,233.9,234.3,234.2,233.7,232.1,232.7,231.9,230.1,228.5,227.9,228.6,230.4,228.2,224.5,222.7,224.0,227.6,231.3,233.0,232.1,230.6,228.3,226.6,225.7,226.2,227.3,229.2,230.6,231.3,231.7,231.7,231.6,229.7,230.3,229.5,227.9,226.4,225.8,226.5,228.2,262.0,263.8,268.2,272.6,274.5,273.0,268.3,263.9,257.3,259.3,262.5,266.9,271.8,276.0,279.2,275.9,271.4,266.8,262.8,259.5,266.6,268.5,270.4,271.2,270.4,268.5,266.5,265.7,329.9,331.7,336.2,340.9,343.0,341.3,336.7,331.7,326.0,328.4,332.0,336.9,342.1,346.6,350.1,346.8,342.5,337.7,333.1,329.0,334.6,336.7,338.7,339.4,338.5,336.5,334.5,333.7,-3.0,-7.4,-9.4,-7.9,-3.6,1.1,2.7,1.2,-0.9,-3.2,-4.8,-5.8,-5.3,-3.7,-1.4,0.1,0.8,1.2,1.1,0.6,-1.2,-0.5,-1.4,-3.3,-5.2,-5.8,-5.0,-3.1,-5.8,-10.1,-12.2,-10.6,-6.5,-2.1,-0.1,-1.3,-3.0,-5.7,-7.7,-8.7,-8.2,-6.8,-4.7,-3.0,-2.1,-1.7,-1.7,-1.8,-4.0,-3.3,-4.2,-6.1,-7.9,-8.6,-7.7,-5.8,661.7,662.6,663.3,663.6,663.1,662.6,661.5,661.3,665.0,662.9,661.1,660.5,661.6,663.4,665.3,663.3,661.2,660.2,660.8,662.7,662.7,662.8,663.2,663.5,663.7,663.6,663.3,662.9,699.6,700.9,702.6,703.7,703.6,702.3,700.6,699.7,699.9,699.3,699.2,700.2,702.7,706.0,709.3,705.8,702.4,700.0,698.9,699.2,701.5,701.9,702.7,703.2,703.3,702.8,702.1,701.5,368.7,30.3,826.4,0.001,0.103,-0.083
80,0,1656521709.682,0.98,1,-0.090158,0.074931,-0.993105,-0.239422,0.074129,-0.968081,-0.166,0.076,559.9,561.2,565.0,568.9,570.7,569.7,565.7,561.8,554.4,557.0,560.6,564.8,568.9,572.0,574.2,572.0,568.7,564.9,560.9,557.3,563.7,565.4,567.0,567.6,566.8,565.1,563.5,562.9,605.7,606.7,609.9,613.5,615.4,614.4,611.1,607.3,602.2,604.6,607.7,611.5,614.9,617.4,619.0,617.6,615.3,612.3,608.7,605.1,609.0,610.6,612.0,612.4,611.6,610.1,608.6,608.2,230.3,226.3,224.5,226.0,229.8,234.1,235.6,234.2,232.3,230.2,228.7,227.9,228.3,229.8,231.9,233.2,233.8,234.2,234.1,233.6,232.0,232.6,231.8,230.1,228.4,227.8,228.6,230.3,228.1,224.4,222.7,224.0,227.6,231.3,233.0,232.0,230.5,228.3,226.5,225.7,226.2,227.3,229.2,230.6,231.3,231.7,231.7,231.5,229.7,230.3,229.5,227.9,226.3,225.8,226.5,228.1,261.3,263.1,267.5,271.9,273.8,272.4,267.6,263.2,256.5,258.6,261.9,266.2,271.1,275.3,278.5,275.2,270.7,266.1,262.1,258.8,265.9,267.8,269.7,270.5,269.7,267.8,265.8,265.1,329.9,331.6,336.2,340.9,343.0,341.2,336.6,331.7,326.0,328.3,331.9,336.8,342.0,346.6,350.0,346.7,342.4,337.7,333.0,328.9,334.5,336.6,338.6,339.4,338.5,336.4,334.4,333.6,-3.1,-7.5,-9.5,-7.9,-3.7,1.0,2.7,1.1,-1.0,-3.2,-4.9,-5.8,-5.3,-3.7,-1.4,0.1,0.7,1.1,1.1,0.5,-1.3,-0.6,-1.5,-3.4,-5.2,-5.9,-5.0,-3.1,-5.8,-10.2,-12.2,-10.7,-6.5,-2.1,-0.2,-1.3,-3.1,-5.7,-7.7,-8.7,-8.2,-6.8,-4.7,-3.0,-2.1,-1.7,-1.7,-1.9,-4.0,-3.4,-4.2,-6.1,-8.0,-8.6,-7.7,-5.8,660.4,661.3,662.1,662.3,661.9,661.3,660.2,660.0,663.7,661.5,659.8,659.3,660.4,662.2,664.1,662.0,659.9,659.0,659.5,661.3,661.5,661.6,661.9,662.3,662.5,662.4,662.0,661.6,699.4,700.7,702.3,703.5,703.4,702.1,700.4,699.4,699.7,699.0,698.9,700.0,702.5,705.8,709.1,705.6,702.2,699.8,698.7,698.9,701.2,701.7,702.5,703.0,703.1,702.6,701.8,701.3,367.5,30.2,824.0,-0.003,0.100,-0.081
81,0,1656521709.715,0.98,1,-0.093165,0.074075,-0.992891,-0.240247,0.072790,-0.967979,-0.168,0.075,560.1,561.5,565.2,569.1,570.9,569.8,565.9,562.0,554.6,557.3,560.9,565.0,569.0,572.2,574.4,572.1,568.8,565.0,561.1,557.5,563.9,565.6,567.2,567.8,567.0,565.3,563.7,563.1,605.6,606.6,609.9,613.4,615.3,614.3,611.0,607.2,602.2,604.5,607.6,611.4,614.8,617.3,618.9,617.5,615.2,612.2,608.6,605.0,608.9,610.5,611.9,612.3,611.5,610.0,608.6,608.1,229.9,226.0,224.2,225.6,229.4,233.7,235.2,233.7,231.9,229.8,228.3,227.4,227.9,229.4,231.5,232.9,233.4,233.8,233.7,233.2,231.6,232.2,231.4,229.7,228.0,227.4,228.2,229.9,227.8,224.1,222.4,223.7,227.3,231.0,232.7,231.7,230.2,227.9,226.2,225.4,225.8,227.0,228.9,230.3,231.0,231.4,231.4,231.2,229.4,230.0,229.2,227.6,226.0,225.5,226.2,227.8,262.8,264.6,269.0,273.4,275.2,273.8,269.0,264.6,258.0,260.1,263.3,267.7,272.6,276.8,280.0,276.6,272.1,267.6,263.5,260.2,267.3,269.3,271.2,272.0,271.2,269.3,267.3,266.5,330.3,332.1,336.6,341.4,343.4,341.7,337.1,332.1,326.4,328.8,332.4,337.3,342.5,347.0,350.5,347.2,342.8,338.1,333.4,329.3,335.0,337.1,339.1,339.9,338.9,336.9,334.9,334.1,-3.6,-7.9,-9.9,-8.3,-4.1,0.6,2.2,0.6,-1.4,-3.7,-5.4,-6.3,-5.8,-4.2,-1.8,-0.3,0.3,0.7,0.6,0.0,-1.7,-1.0,-1.9,-3.8,-5.7,-6.4,-5.5,-3.6,-6.2,-10.5,-12.6,-11.0,-6.9,-2.5,-0.5,-1.7,-3.4,-6.1,-8.1,-9.1,-8.6,-7.2,-5.1,-3.4,-2.5,-2.1,-2.1,-2.3,-4.4,-3.7,-4.6,-6.5,-8.3,-9.0,-8.1,-6.2,663.6,664.5,665.2,665.5,665.0,664.4,663.3,663.1,666.8,664.7,662.9,662.4,663.5,665.3,667.2,665.1,663.0,662.1,662.7,664.5,664.6,664.7,665.0,665.4,665.6,665.5,665.2,664.8,700.6,701.9,703.6,704.7,704.6,703.3,701.6,700.6,700.9,700.2,700.1,701.2,703.7,707.0,710.3,706.8,703.4,701.0,699.9,700.1,702.4,702.9,703.7,704.2,704.3,703.8,703.0,702.5,367.0,30.0,822.8,-0.000,0.103,-0.082
82,0,1656521709.749,0.98,1,-0.094127,0.073154,-0.992869,-0.240009,0.071625,-0.968125,-0.169,0.074,560.1,561.5,565.1,569.0,570.9,569.8,565.8,561.9,554.7,557.3,560.8,565.0,569.0,572.1,574.3,572.1,568.8,565.0,561.1,557.5,563.9,565.6,567.2,567.8,567.0,565.3,563.6,563.1,605.5,606.5,609.7,613.3,615.1,614.1,610.9,607.1,602.1,604.4,607.5,611.3,614.7,617.2,618.7,617.4,615.1,612.1,608.5,604.9,608.8,610.4,611.8,612.2,611.4,609.9,608.4,608.0,229.7,225.8,224.0,225.4,229.2,233.5,235.0,233.5,231.7,229.6,228.1,227.2,227.7,229.2,231.3,232.7,233.2,233.6,233.6,233.0,231.4,232.0,231.3,229.5,227.9,227.2,228.0,229.7,227.7,224.0,222.3,223.6,227.1,230.8,232.5,231.5,230.1,227.8,226.0,225.2,225.7,226.9,228.7,230.1,230.9,231.2,231.2,231.1,229.2,229.8,229.1,227.4,225.9,225.3,226.1,227.7,263.6,265.4,269.8,274.2,276.0,274.6,269.8,265.4,258.8,260.9,264.1,268.5,273.4,277.5,280.8,277.4,272.9,268.4,264.3,261.0,268.1,270.0,272.0,272.7,272.0,270.0,268.1,267.3,331.1,332.9,337.5,342.2,344.2,342.5,337.9,332.9,327.2,329.6,333.2,338.1,343.3,347.8,351.3,348.0,343.7,338.9,334.3,330.2,335.8,337.9,339.9,340.7,339.7,337.7,335.7,334.9,-3.8,-8.1,-10.1,-8.5,-4.3,0.4,2.0,0.4,-1.6,-3.9,-5.6,-6.5,-6.0,-4.4,-2.0,-0.5,0.1,0.5,0.5,-0.1,-1.9,-1.2,-2.1,-4.0,-5.9,-6.6,-5.7,-3.8,-6.4,-10.7,-12.7,-11.2,-7.1,-2.7,-0.7,-1.9,-3.6,-6.3,-8.3,-9.3,-8.8,-7.4,-5.2,-3.6,-2.7,-2.2,-2.2,-2.4,-4.6,-3.9,-4.8,-6.7,-8.5,-9.2,-8.3,-6.4,665.6,666.4,667.2,667.4,667.0,666.3,665.3,665.1,668.9,666.7,664.9,664.4,665.5,667.3,669.2,667.1,665.0,664.1,664.6,666.5,666.6,666.6,667.0,667.4,667.6,667.5,667.1,666.8,702.6,703.8,705.5,706.6,706.5,705.3,703.6,702.6,702.8,702.2,702.1,703.1,705.7,709.0,712.2,708.8,705.4,702.9,701.8,702.1,704.4,704.9,705.6,706.2,706.2,705.7,705.0,704.4,368.0,30.0,824.9,-0.001,0.101,-0.082
83,0,1656521709.782,0.98,1,-0.100506,0.072710,-0.992276,-0.245427,0.070168,-0.966872,-0.175,0.073,559.9,561.3,565.0,568.9,570.7,569.7,565.7,561.8,554.5,557.1,560.7,564.8,568.9,572.0,574.2,572.0,568.6,564.8,560.9,557.3,563.7,565.4,567.0,567.6,566.8,565.1,563.5,562.9,605.5,606.5,609.7,613.3,615.2,614.2,611.0,607.1,602.0,604.3,607.5,611.3,614.7,617.2,618.8,617.5,615.2,612.1,608.5,604.9,608.8,610.4,611.8,612.3,611.4,609.9,608.4,608.0,229.7,225.7,223.9,225.4,229.2,233.4,234.9,233.5,231.6,229.5,228.0,227.1,227.6,229.1,231.3,232.6,233.2,233.6,233.5,233.0,231.3,232.0,231.2,229.5,227.8,227.2,227.9,229.7,227.6,223.8,222.1,223.4,227.0,230.7,232.4,231.4,230.0,227.7,225.9,225.0,225.5,226.7,228.6,230.0,230.8,231.1,231.1,231.0,229.1,229.7,228.9,227.3,225.8,225.2,225.9,227.6,261.9,263.7,268.1,272.5,274.3,272.9,268.1,263.7,257.2,259.3,262.5,266.8,271.7,275.8,279.1,275.7,271.2,266.7,262.6,259.4,266.4,268.3,270.3,271.1,270.3,268.4,266.5,265.6,328.2,329.9,334.5,339.2,341.3,339.5,335.0,330.0,324.3,326.7,330.2,335.1,340.3,344.9,348.3,345.0,340.7,336.0,331.3,327.2,332.9,334.9,336.9,337.7,336.8,334.7,332.7,332.0,-3.8,-8.2,-10.2,-8.6,-4.4,0.3,1.9,0.3,-1.7,-4.0,-5.7,-6.6,-6.1,-4.4,-2.1,-0.6,0.0,0.4,0.4,-0.2,-2.0,-1.3,-2.2,-4.1,-5.9,-6.6,-5.7,-3.8,-6.5,-10.8,-12.8,-11.3,-7.2,-2.8,-0.8,-2.0,-3.6,-6.3,-8.4,-9.4,-8.9,-7.5,-5.3,-3.7,-2.8,-2.3,-2.3,-2.5,-4.7,-4.0,-4.9,-6.8,-8.6,-9.3,-8.4,-6.5,661.9,662.8,663.5,663.7,663.2,662.6,661.6,661.4,665.2,663.1,661.3,660.7,661.7,663.5,665.3,663.3,661.2,660.3,660.9,662.8,662.8,662.9,663.2,663.6,663.9,663.8,663.5,663.1,696.3,697.6,699.3,700.4,700.3,699.0,697.3,696.3,696.6,696.0,695.9,696.9,699.4,702.7,706.0,702.5,699.1,696.7,695.6,695.8,698.1,698.6,699.4,699.9,700.0,699.5,698.8,698.2,367.9,29.9,825.1,0.004,0.109,-0.084
84,0,1656521709.816,0.98,1,-0.097741,0.074396,-0.992427,-0.241894,0.072392,-0.967598,-0.172,0.075,559.9,561.2,565.0,568.9,570.7,569.6,565.7,561.7,554.4,557.1,560.6,564.8,568.8,572.0,574.2,571.9,568.6,564.8,560.9,557.3,563.7,565.4,567.0,567.6,566.8,565.1,563.5,562.9,605.6,606.6,609.8,613.4,615.3,614.3,611.0,607.1,602.1,604.4,607.6,611.4,614.8,617.3,618.9,617.5,615.2,612.2,608.6,604.9,608.9,610.5,611.9,612.3,611.5,609.9,608.5,608.1,229.6,225.7,223.9,225.3,229.1,233.4,234.9,233.5,231.6,229.5,228.0,227.2,227.6,229.1,231.2,232.6,233.1,233.5,233.5,232.9,231.3,231.9,231.2,229.4,227.8,227.1,227.9,229.6,227.6,223.8,222.1,223.5,227.0,230.8,232.5,231.4,230.0,227.7,225.9,225.1,225.6,226.8,228.6,230.0,230.8,231.1,231.1,231.0,229.1,229.7,229.0,227.3,225.8,225.2,225.9,227.6,262.3,264.1,268.5,272.9,274.8,273.3,268.5,264.1,257.6,259.6,262.9,267.2,272.1,276.3,279.5,276.1,271.6,267.1,263.0,259.8,266.9,268.8,270.7,271.5,270.7,268.8,266.9,266.1,328.9,330.6,335.2,339.9,342.0,340.2,335.6,330.7,325.0,327.4,331.0,335.9,341.1,345.6,349.0,345.7,341.4,336.7,332.0,327.9,333.6,335.6,337.6,338.4,337.5,335.4,333.4,332.7,-3.9,-8.2,-10.2,-8.6,-4.4,0.3,1.9,0.3,-1.7,-4.0,-5.7,-6.6,-6.1,-4.5,-2.1,-0.6,-0.0,0.4,0.3,-0.3,-2.0,-1.3,-2.2,-4.1,-6.0,-6.7,-5.8,-3.9,-6.5,-10.8,-12.8,-11.3,-7.1,-2.8,-0.8,-2.0,-3.7,-6.4,-8.4,-9.3,-8.8,-7.5,-5.3,-3.7,-2.8,-2.4,-2.4,-2.5,-4.7,-4.0,-4.9,-6.8,-8.6,-9.3,-8.4,-6.5,663.0,663.9,664.6,664.8,664.3,663.7,662.7,662.5,666.3,664.1,662.4,661.8,662.9,664.7,666.5,664.4,662.3,661.4,662.0,663.9,664.0,664.1,664.4,664.8,665.0,664.9,664.6,664.2,697.6,698.9,700.6,701.7,701.6,700.3,698.6,697.6,697.9,697.3,697.2,698.2,700.7,704.1,707.3,703.8,700.4,698.0,696.9,697.1,699.5,700.0,700.7,701.3,701.3,700.8,700.1,699.5,366.5,29.9,822.0,0.002,0.106,-0.082
85,0,1656521709.849,0.98,1,-0.096217,0.075475,-0.992495,-0.242046,0.073634,-0.967467,-0.171,0.076,560.0,561.3,565.0,569.0,570.8,569.7,565.7,561.8,554.5,557.1,560.7,564.9,568.9,572.0,574.3,572.0,568.7,564.9,561.0,557.3,563.7,565.4,567.1,567.7,566.9,565.1,563.5,562.9,605.5,606.4,609.7,613.3,615.1,614.2,610.9,607.0,602.0,604.3,607.4,611.2,614.7,617.2,618.7,617.4,615.1,612.1,608.5,604.8,608.8,610.3,611.8,612.2,611.4,609.8,608.4,608.0,229.8,225.8,224.0,225.4,229.3,233.5,235.0,233.6,231.7,229.6,228.1,227.2,227.7,229.2,231.4,232.7,233.3,233.7,233.6,233.1,231.4,232.1,231.3,229.5,227.9,227.2,228.0,229.8,227.6,223.9,222.1,223.5,227.0,230.8,232.5,231.5,230.1,227.7,225.9,225.1,225.5,226.7,228.6,230.0,230.8,231.2,231.2,231.0,229.2,229.7,229.0,227.3,225.8,225.2,226.0,227.6,261.5,263.3,267.7,272.1,273.9,272.4,267.7,263.3,256.7,258.8,262.0,266.4,271.2,275.4,278.6,275.3,270.8,266.2,262.2,258.9,266.0,267.9,269.8,270.6,269.8,267.9,266.0,265.2,328.1,329.8,334.3,339.1,341.2,339.4,334.9,329.9,324.2,326.5,330.1,335.0,340.2,344.8,348.2,344.9,340.6,335.9,331.2,327.1,332.8,334.8,336.8,337.6,336.7,334.6,332.6,331.8,-3.7,-8.1,-10.1,-8.5,-4.3,0.4,2.0,0.5,-1.6,-3.9,-5.6,-6.5,-6.0,-4.3,-2.0,-0.5,0.1,0.5,0.5,-0.1,-1.9,-1.2,-2.1,-4.0,-5.8,-6.5,-5.6,-3.7,-6.4,-10.8,-12.8,-11.3,-7.1,-2.8,-0.8,-1.9,-3.6,-6.3,-8.3,-9.4,-8.9,-7.5,-5.3,-3.7,-2.7,-2.3,-2.3,-2.4,-4.6,-4.0,-4.9,-6.8,-8.6,-9.2,-8.3,-6.4,660.7,661.6,662.3,662.6,662.1,661.4,660.4,660.2,664.0,661.8,660.1,659.5,660.6,662.4,664.3,662.2,660.1,659.2,659.7,661.6,661.7,661.8,662.1,662.5,662.7,662.6,662.3,661.9,696.2,697.5,699.2,700.3,700.2,698.9,697.2,696.2,696.5,695.9,695.8,696.8,699.3,702.7,705.9,702.4,699.1,696.6,695.5,695.7,698.1,698.6,699.3,699.9,699.9,699.4,698.7,698.1,366.8,29.9,822.8,0.006,0.105,-0.084
86,0,1656521709.882,0.98,1,-0.097404,0.073890,-0.992498,-0.240940,0.072056,-0.967861,-0.171,0.074,559.9,561.3,565.0,568.9,570.7,569.6,565.7,561.7,554.4,557.1,560.6,564.8,568.9,572.0,574.2,572.0,568.6,564.8,560.9,557.3,563.7,565.4,567.0,567.6,566.8,565.1,563.5,562.9,605.6,606.6,609.8,613.4,615.2,614.3,611.0,607.1,602.1,604.4,607.6,611.4,614.8,617.3,618.8,617.5,615.2,612.2,608.6,604.9,608.9,610.4,611.9,612.3,611.5,609.9,608.5,608.1,229.7,225.8,224.0,225.4,229.2,233.5,235.0,233.6,231.7,229.6,228.0,227.2,227.7,229.2,231.4,232.7,233.3,233.6,233.6,233.0,231.4,232.0,231.3,229.5,227.8,227.2,228.0,229.7,227.7,223.9,222.2,223.6,227.1,230.9,232.6,231.6,230.1,227.8,226.0,225.2,225.7,226.9,228.8,230.2,230.9,231.3,231.3,231.1,229.3,229.8,229.1,227.5,225.9,225.3,226.1,227.7,261.4,263.2,267.6,272.0,273.8,272.3,267.5,263.2,256.6,258.7,261.9,266.2,271.1,275.3,278.5,275.2,270.7,266.1,262.1,258.8,265.9,267.8,269.7,270.5,269.7,267.8,265.9,265.1,328.0,329.7,334.3,339.0,341.1,339.3,334.7,329.8,324.0,326.4,330.0,334.9,340.1,344.7,348.1,344.8,340.5,335.7,331.1,327.0,332.6,334.7,336.7,337.5,336.6,334.5,332.5,331.7,-3.8,-8.1,-10.1,-8.5,-4.3,0.4,2.0,0.4,-1.6,-3.9,-5.6,-6.5,-6.0,-4.4,-2.0,-0.5,0.1,0.5,0.5,-0.1,-1.9,-1.2,-2.1,-4.0,-5.8,-6.5,-5.7,-3.8,-6.3,-10.7,-12.7,-11.1,-7.0,-2.6,-0.7,-1.8,-3.5,-6.2,-8.2,-9.2,-8.7,-7.3,-5.1,-3.5,-2.6,-2.2,-2.2,-2.4,-4.5,-3.9,-4.7,-6.6,-8.4,-9.1,-8.2,-6.3,660.5,661.4,662.2,662.4,661.9,661.3,660.3,660.1,663.9,661.7,659.9,659.4,660.4,662.2,664.1,662.0,659.9,659.0,659.6,661.5,661.5,661.6,661.9,662.3,662.5,662.4,662.1,661.7,695.7,697.0,698.7,699.8,699.7,698.4,696.7,695.7,695.9,695.3,695.2,696.3,698.8,702.2,705.4,701.9,698.6,696.1,695.0,695.2,697.5,698.0,698.8,699.3,699.4,698.9,698.1,697.6,366.9,30.0,822.9,0.004,0.105,-0.080
87,0,1656521709.916,0.98,1,-0.093545,0.075489,-0.992749,-0.242017,0.073398,-0.967492,-0.170,0.076,560.0,561.4,565.1,569.0,570.8,569.7,565.8,561.8,554.5,557.1,560.7,564.9,569.0,572.1,574.3,572.1,568.7,564.9,561.0,557.3,563.8,565.5,567.1,567.7,566.9,565.2,563.6,563.0,605.6,606.6,609.9,613.5,615.3,614.3,611.1,607.2,602.1,604.5,607.6,611.4,614.9,617.4,618.9,617.6,615.3,612.2,608.6,605.0,608.9,610.5,611.9,612.4,611.6,610.0,608.6,608.1,229.6,225.6,223.9,225.3,229.1,233.4,234.9,233.4,231.6,229.5,228.0,227.1,227.6,229.1,231.3,232.6,233.1,233.5,233.4,232.9,231.3,231.9,231.2,229.4,227.8,227.1,227.9,229.6,227.6,223.9,222.2,223.5,227.1,230.8,232.5,231.5,230.0,227.7,226.0,225.1,225.6,226.8,228.7,230.1,230.8,231.2,231.2,231.0,229.2,229.8,229.0,227.4,225.8,225.3,226.0,227.6,261.3,263.2,267.6,272.0,273.8,272.3,267.5,263.1,256.5,258.6,261.9,266.2,271.1,275.3,278.5,275.2,270.6,266.1,262.0,258.7,265.8,267.8,269.7,270.5,269.7,267.8,265.9,265.1,328.8,330.6,335.1,339.8,341.9,340.1,335.6,330.6,324.9,327.3,330.9,335.8,341.0,345.5,348.9,345.6,341.3,336.6,331.9,327.8,333.5,335.5,337.5,338.3,337.4,335.4,333.4,332.6,-3.9,-8.3,-10.2,-8.6,-4.4,0.3,1.9,0.3,-1.8,-4.0,-5.7,-6.6,-6.1,-4.4,-2.1,-0.6,-0.0,0.4,0.3,-0.3,-2.0,-1.3,-2.2,-4.1,-5.9,-6.6,-5.8,-3.9,-6.4,-10.8,-12.8,-11.2,-7.1,-2.7,-0.8,-1.9,-3.6,-6.3,-8.3,-9.3,-8.8,-7.4,-5.2,-3.6,-2.7,-2.3,-2.3,-2.5,-4.6,-3.9,-4.8,-6.7,-8.5,-9.2,-8.3,-6.4,660.2,661.1,661.9,662.1,661.6,661.0,659.9,659.7,663.4,661.3,659.6,659.1,660.2,662.0,663.8,661.7,659.6,658.7,659.2,661.1,661.2,661.3,661.6,662.1,662.3,662.2,661.8,661.4,697.4,698.6,700.3,701.4,701.3,700.0,698.3,697.3,697.6,697.0,696.9,697.9,700.4,703.8,707.0,703.5,700.1,697.7,696.6,696.9,699.2,699.7,700.4,701.0,701.0,700.5,699.8,699.2,366.6,30.0,822.2,0.006,0.104,-0.080
88,0,1656521709.949,0.98,1,-0.095395,0.068841,-0.993056,-0.242173,0.067037,-0.967914,-0.170,0.069,559.9,561.2,565.0,568.9,570.8,569.7,565.7,561.7,554.4,557.0,560.6,564.8,568.9,572.1,574.3,572.0,568.7,564.8,560.9,557.2,563.7,565.4,567.0,567.6,566.8,565.1,563.5,562.9,605.7,606.6,609.9,613.5,615.3,614.4,611.1,607.2,602.2,604.5,607.6,611.4,614.9,617.4,619.0,617.6,615.3,612.3,608.7,605.0,609.0,610.6,612.0,612.4,611.6,610.0,608.6,608.2,229.8,225.8,224.0,225.4,229.3,233.6,235.1,233.6,231.8,229.6,228.0,227.2,227.7,229.2,231.4,232.8,233.3,233.7,233.7,233.1,231.5,232.1,231.3,229.6,227.9,227.2,228.0,229.8,227.7,223.9,222.2,223.5,227.1,230.9,232.6,231.6,230.2,227.8,226.0,225.1,225.6,226.8,228.8,230.2,230.9,231.3,231.3,231.2,229.3,229.8,229.1,227.4,225.9,225.3,226.1,227.7,259.4,261.3,265.7,270.1,271.8,270.4,265.6,261.2,254.7,256.8,260.0,264.3,269.2,273.4,276.6,273.2,268.7,264.2,260.2,256.9,264.0,265.9,267.8,268.6,267.8,265.9,264.0,263.2,327.3,329.0,333.6,338.3,340.4,338.6,334.1,329.1,323.4,325.8,329.3,334.2,339.4,344.0,347.4,344.1,339.8,335.1,330.4,326.3,332.0,334.0,336.0,336.8,335.9,333.8,331.8,331.1,-3.7,-8.1,-10.0,-8.4,-4.2,0.5,2.1,0.5,-1.5,-3.9,-5.6,-6.5,-6.0,-4.3,-1.9,-0.4,0.2,0.6,0.5,-0.1,-1.9,-1.2,-2.0,-3.9,-5.8,-6.5,-5.6,-3.7,-6.3,-10.6,-12.6,-11.1,-7.0,-2.7,-0.7,-1.8,-3.5,-6.2,-8.3,-9.3,-8.8,-7.4,-5.2,-3.5,-2.6,-2.1,-2.1,-2.3,-4.5,-3.9,-4.7,-6.6,-8.4,-9.1,-8.2,-6.3,655.8,656.7,657.5,657.7,657.1,656.5,655.5,655.3,659.1,657.0,655.2,654.7,655.7,657.5,659.3,657.2,655.2,654.3,654.9,656.7,656.8,656.9,657.2,657.6,657.8,657.7,657.4,657.0,694.1,695.4,697.1,698.2,698.1,696.8,695.1,694.1,694.4,693.8,693.7,694.7,697.2,700.6,703.8,700.3,696.9,694.5,693.4,693.6,695.9,696.4,697.2,697.7,697.8,697.3,696.6,696.0,367.3,30.0,823.4,0.001,0.103,-0.081
89,0,1656521709.982,0.98,1,-0.095503,0.072937,-0.992753,-0.241021,0.070542,-0.967953,-0.170,0.073,560.1,561.4,565.2,569.1,570.9,569.8,565.8,561.9,554.6,557.2,560.8,565.0,569.0,572.2,574.4,572.1,568.8,565.0,561.1,557.4,563.9,565.6,567.2,567.8,567.0,565.3,563.6,563.1,605.7,606.7,609.9,613.5,615.4,614.4,611.1,607.3,602.2,604.5,607.7,611.5,614.9,617.4,619.0,617.6,615.3,612.3,608.7,605.0,609.0,610.6,612.0,612.4,611.6,610.0,608.6,608.2,229.7,225.7,224.0,225.4,229.2,233.5,235.0,233.5,231.7,229.6,228.0,227.2,227.7,229.2,231.4,232.7,233.3,233.6,233.6,233.0,231.4,232.0,231.3,229.5,227.8,227.2,228.0,229.7,227.7,223.9,222.2,223.5,227.1,230.8,232.6,231.6,230.1,227.8,226.0,225.1,225.6,226.8,228.7,230.1,230.9,231.3,231.3,231.1,229.2,229.8,229.1,227.4,225.9,225.3,226.0,227.7,261.4,263.2,267.6,272.0,273.8,272.3,267.6,263.2,256.6,258.7,261.9,266.3,271.1,275.3,278.5,275.2,270.7,266.1,262.1,258.8,265.9,267.8,269.7,270.5,269.7,267.8,265.9,265.1,328.3,330.1,334.6,339.3,341.4,339.7,335.1,330.1,324.4,326.8,330.4,335.3,340.5,345.0,348.4,345.2,340.8,336.1,331.4,327.3,333.0,335.1,337.1,337.8,336.9,334.9,332.9,332.1,-3.8,-8.1,-10.1,-8.5,-4.3,0.4,2.0,0.4,-1.6,-3.9,-5.6,-6.5,-6.0,-4.4,-2.0,-0.5,0.1,0.5,0.5,-0.2,-1.9,-1.2,-2.1,-4.0,-5.8,-6.5,-5.7,-3.8,-6.4,-10.7,-12.7,-11.2,-7.0,-2.7,-0.7,-1.9,-3.5,-6.2,-8.3,-9.3,-8.8,-7.4,-5.2,-3.5,-2.6,-2.2,-2.2,-2.4,-4.6,-3.9,-4.8,-6.7,-8.5,-9.1,-8.3,-6.4,660.1,661.0,661.8,661.9,661.5,660.8,659.8,659.6,663.4,661.3,659.5,658.9,660.0,661.8,663.6,661.6,659.5,658.6,659.2,661.0,661.1,661.2,661.5,661.9,662.1,662.0,661.7,661.3,696.2,697.5,699.2,700.3,700.2,698.9,697.2,696.2,696.5,695.9,695.8,696.8,699.3,702.7,705.9,702.4,699.0,696.6,695.5,695.7,698.0,698.5,699.3,699.8,699.9,699.4,698.7,698.1,367.0,30.0,822.6,0.002,0.103,-0.082
90,0,1656521710.016,0.98,1,-0.095667,0.070805,-0.992892,-0.241886,0.067736,-0.967937,-0.170,0.071,560.2,561.5,565.2,569.2,571.0,569.9,565.9,562.0,554.6,557.3,560.9,565.1,569.1,572.3,574.5,572.2,568.9,565.1,561.1,557.5,563.9,565.6,567.3,567.9,567.1,565.4,563.7,563.1,605.7,606.7,610.0,613.6,615.4,614.4,611.2,607.3,602.2,604.5,607.7,611.5,615.0,617.4,619.0,617.7,615.4,612.3,608.7,605.1,609.0,610.6,612.0,612.5,611.6,610.1,608.7,608.2,229.6,225.6,223.8,225.3,229.1,233.4,234.8,233.4,231.5,229.4,227.9,227.0,227.5,229.0,231.2,232.6,233.1,233.5,233.4,232.9,231.3,231.9,231.1,229.4,227.7,227.1,227.8,229.6,227.5,223.8,222.1,223.4,227.0,230.7,232.4,231.4,230.0,227.6,225.9,225.0,225.5,226.7,228.6,230.0,230.8,231.1,231.1,231.0,229.1,229.7,228.9,227.3,225.7,225.2,225.9,227.5,261.2,263.0,267.4,271.8,273.6,272.1,267.3,263.0,256.4,258.5,261.7,266.1,270.9,275.1,278.3,275.0,270.5,265.9,261.9,258.6,265.7,267.6,269.5,270.3,269.6,267.6,265.7,264.9,327.8,329.6,334.1,338.8,340.9,339.1,334.6,329.6,323.9,326.3,329.9,334.8,340.0,344.5,347.9,344.6,340.3,335.6,330.9,326.8,332.5,334.6,336.6,337.3,336.4,334.4,332.4,331.6,-3.9,-8.3,-10.3,-8.7,-4.5,0.2,1.8,0.3,-1.8,-4.1,-5.8,-6.7,-6.2,-4.5,-2.1,-0.6,-0.0,0.4,0.3,-0.3,-2.1,-1.4,-2.3,-4.2,-6.0,-6.7,-5.8,-3.9,-6.5,-10.8,-12.8,-11.3,-7.2,-2.8,-0.8,-2.0,-3.7,-6.4,-8.4,-9.4,-8.9,-7.5,-5.3,-3.7,-2.8,-2.3,-2.3,-2.5,-4.7,-4.0,-4.9,-6.8,-8.6,-9.3,-8.4,-6.5,659.4,660.3,661.1,661.2,660.8,660.1,659.1,658.9,662.7,660.5,658.8,658.2,659.3,661.1,662.9,660.8,658.7,657.8,658.4,660.3,660.4,660.4,660.8,661.2,661.4,661.3,661.0,660.6,695.0,696.3,698.0,699.2,699.0,697.7,696.0,695.0,695.3,694.7,694.6,695.6,698.2,701.5,704.7,701.2,697.9,695.4,694.3,694.5,696.9,697.4,698.1,698.7,698.7,698.2,697.5,696.9,367.6,29.9,823.8,0.001,0.105,-0.082
91,0,1656521710.049,0.98,1,-0.094866,0.070960,-0.992958,-0.244066,0.069346,-0.967276,-0.171,0.071,560.1,561.5,565.2,569.1,571.0,569.9,565.9,562.0,554.6,557.3,560.9,565.0,569.1,572.2,574.4,572.2,568.9,565.1,561.1,557.5,563.9,565.6,567.3,567.8,567.0,565.3,563.7,563.1,605.6,606.6,609.8,613.4,615.3,614.3,611.1,607.2,602.2,604.4,607.6,611.4,614.8,617.3,618.9,617.5,615.2,612.2,608.6,605.0,608.9,610.5,611.9,612.3,611.5,609.9,608.5,608.1,229.5,225.5,223.7,225.2,229.0,233.3,234.8,233.3,231.5,229.4,227.8,227.0,227.4,229.0,231.1,232.5,233.0,233.4,233.4,232.8,231.2,231.8,231.0,229.3,227.6,227.0,227.8,229.5,227.3,223.6,221.9,223.2,226.7,230.5,232.2,231.2,229.8,227.4,225.7,224.8,225.2,226.4,228.4,229.8,230.5,230.9,230.9,230.8,228.9,229.5,228.7,227.1,225.5,225.0,225.7,227.3,261.6,263.4,267.8,272.2,274.0,272.6,267.8,263.4,256.8,258.9,262.2,266.5,271.4,275.6,278.8,275.4,270.9,266.4,262.3,259.1,266.1,268.1,270.0,270.8,270.0,268.1,266.1,265.3,329.6,331.3,335.9,340.6,342.7,340.9,336.4,331.4,325.7,328.0,331.6,336.5,341.7,346.3,349.7,346.4,342.1,337.4,332.7,328.6,334.3,336.3,338.3,339.1,338.2,336.1,334.1,333.4,-4.0,-8.4,-10.3,-8.8,-4.6,0.1,1.7,0.2,-1.8,-4.2,-5.9,-6.8,-6.3,-4.6,-2.2,-0.7,-0.1,0.3,0.2,-0.4,-2.2,-1.5,-2.3,-4.3,-6.1,-6.8,-5.9,-4.0,-6.8,-11.1,-13.1,-11.6,-7.5,-3.1,-1.1,-2.3,-3.9,-6.6,-8.7,-9.7,-9.2,-7.9,-5.7,-4.0,-3.1,-2.6,-2.6,-2.8,-5.0,-4.3,-5.2,-7.1,-8.9,-9.6,-8.7,-6.8,660.5,661.4,662.2,662.4,661.9,661.3,660.2,660.0,663.8,661.7,659.9,659.4,660.5,662.3,664.1,662.0,659.9,659.0,659.6,661.4,661.5,661.6,662.0,662.4,662.6,662.5,662.1,661.7,699.0,700.3,702.0,703.1,703.0,701.7,700.0,699.0,699.3,698.7,698.6,699.6,702.1,705.4,708.6,705.2,701.8,699.3,698.3,698.5,700.8,701.3,702.1,702.6,702.7,702.2,701.5,700.9,368.7,29.7,826.4,0.003,0.104,-0.083
92,0,1656521710.082,0.98,1,-0.099024,0.074678,-0.992279,-0.243832,0.073105,-0.967058,-0.173,0.075,560.0,561.3,565.1,569.0,570.9,569.8,565.8,561.8,554.5,557.1,560.7,564.9,569.0,572.1,574.4,572.1,568.8,564.9,561.0,557.4,563.8,565.5,567.1,567.7,566.9,565.2,563.6,563.0,605.6,606.6,609.8,613.4,615.3,614.3,611.1,607.2,602.1,604.4,607.6,611.4,614.8,617.3,618.9,617.6,615.3,612.2,608.6,605.0,608.9,610.5,611.9,612.4,611.5,610.0,608.5,608.1,229.4,225.5,223.6,225.1,228.9,233.2,234.7,233.3,231.4,229.3,227.7,226.9,227.3,228.9,231.1,232.4,233.0,233.4,233.3,232.8,231.1,231.7,230.9,229.2,227.5,226.9,227.7,229.4,227.2,223.5,221.8,223.1,226.7,230.4,232.1,231.1,229.7,227.3,225.5,224.7,225.1,226.3,228.2,229.7,230.5,230.8,230.9,230.7,228.8,229.4,228.6,227.0,225.4,224.8,225.6,227.2,260.7,262.5,266.9,271.3,273.1,271.6,266.9,262.5,256.0,258.0,261.2,265.6,270.4,274.6,277.8,274.5,270.0,265.5,261.4,258.2,265.2,267.1,269.0,269.8,269.1,267.1,265.2,264.4,327.6,329.3,333.8,338.5,340.6,338.9,334.3,329.4,323.7,326.0,329.6,334.5,339.7,344.2,347.6,344.4,340.1,335.4,330.7,326.6,332.2,334.3,336.3,337.1,336.1,334.1,332.1,331.3,-4.1,-8.4,-10.4,-8.9,-4.7,0.0,1.7,0.1,-1.9,-4.2,-5.9,-6.9,-6.4,-4.7,-2.3,-0.8,-0.2,0.2,0.2,-0.4,-2.2,-1.6,-2.4,-4.3,-6.2,-6.9,-6.0,-4.1,-6.8,-11.2,-13.2,-11.7,-7.6,-3.2,-1.2,-2.3,-4.0,-6.7,-8.8,-9.8,-9.3,-7.9,-5.7,-4.0,-3.1,-2.7,-2.6,-2.8,-5.1,-4.4,-5.3,-7.2,-9.0,-9.6,-8.8,-6.9,658.6,659.5,660.2,660.4,659.9,659.3,658.3,658.1,662.0,659.8,658.0,657.4,658.5,660.2,662.1,660.0,658.0,657.1,657.7,659.6,659.6,659.7,660.0,660.4,660.6,660.5,660.2,659.8,694.8,696.0,697.7,698.8,698.7,697.5,695.8,694.8,695.0,694.4,694.3,695.3,697.9,701.2,704.4,700.9,697.6,695.1,694.0,694.3,696.6,697.1,697.8,698.4,698.4,697.9,697.2,696.6,368.0,29.5,824.8,0.008,0.106,-0.085
93,0,1656521710.116,0.98,1,-0.098241,0.074224,-0.992391,-0.242152,0.071872,-0.967573,-0.172,0.074,560.0,561.4,565.1,569.0,570.8,569.8,565.8,561.8,554.5,557.2,560.7,564.9,569.0,572.1,574.4,572.1,568.8,564.9,561.0,557.4,563.8,565.5,567.1,567.7,566.9,565.2,563.6,563.0,605.5,606.5,609.7,613.3,615.2,614.2,611.0,607.1,602.0,604.3,607.5,611.3,614.7,617.2,618.8,617.5,615.2,612.2,608.6,604.9,608.8,610.4,611.8,612.3,611.4,609.9,608.4,608.0,229.3,225.4,223.6,225.0,228.8,233.1,234.6,233.1,231.3,229.2,227.6,226.8,227.3,228.8,231.0,232.3,232.9,233.3,233.2,232.6,231.0,231.6,230.9,229.1,227.4,226.8,227.6,229.3,227.2,223.4,221.7,223.0,226.5,230.3,232.0,231.0,229.6,227.3,225.5,224.6,225.0,226.2,228.2,229.6,230.4,230.7,230.8,230.6,228.7,229.3,228.5,226.9,225.3,224.8,225.5,227.1,261.1,262.9,267.3,271.7,273.5,272.0,267.2,262.9,256.4,258.4,261.6,265.9,270.8,275.0,278.2,274.8,270.3,265.8,261.8,258.5,265.6,267.5,269.4,270.2,269.4,267.5,265.6,264.8,327.3,329.0,333.5,338.3,340.4,338.6,334.1,329.1,323.4,325.7,329.3,334.2,339.4,343.9,347.4,344.1,339.8,335.1,330.4,326.3,332.0,334.0,336.0,336.8,335.8,333.8,331.8,331.0,-4.2,-8.6,-10.5,-8.9,-4.7,-0.1,1.6,-0.0,-2.0,-4.4,-6.1,-7.0,-6.5,-4.8,-2.4,-0.9,-0.3,0.1,0.0,-0.6,-2.4,-1.7,-2.5,-4.4,-6.3,-7.0,-6.1,-4.2,-6.9,-11.3,-13.3,-11.8,-7.7,-3.3,-1.3,-2.4,-4.1,-6.8,-8.9,-9.9,-9.4,-8.1,-5.9,-4.2,-3.2,-2.8,-2.8,-2.9,-5.1,-4.5,-5.4,-7.3,-9.1,-9.7,-8.9,-7.0,659.5,660.4,661.2,661.3,660.8,660.2,659.2,659.0,662.8,660.7,658.9,658.3,659.4,661.1,663.0,660.9,658.8,658.0,658.6,660.4,660.5,660.6,660.9,661.3,661.5,661.4,661.1,660.7,694.4,695.6,697.4,698.5,698.4,697.1,695.4,694.4,694.6,694.0,693.9,695.0,697.5,700.9,704.1,700.6,697.2,694.8,693.7,693.9,696.2,696.7,697.5,698.0,698.1,697.6,696.8,696.3,367.2,29.5,823.2,0.008,0.106,-0.085
94,0,1656521710.149,0.98,1,-0.095687,0.072819,-0.992744,-0.241864,0.071284,-0.967688,-0.171,0.073,560.0,561.4,565.1,569.0,570.9,569.8,565.8,561.9,554.5,557.2,560.8,564.9,569.0,572.2,574.4,572.1,568.8,565.0,561.0,557.4,563.8,565.5,567.2,567.8,567.0,565.2,563.6,563.0,605.6,606.6,609.8,613.4,615.3,614.3,611.1,607.2,602.1,604.4,607.6,611.4,614.8,617.3,618.9,617.6,615.3,612.2,608.6,605.0,608.9,610.5,611.9,612.3,611.5,609.9,608.5,608.1,229.4,225.5,223.7,225.1,228.9,233.2,234.7,233.3,231.4,229.3,227.7,226.9,227.4,228.9,231.1,232.4,233.0,233.4,233.3,232.8,231.1,231.7,231.0,229.2,227.5,226.9,227.7,229.4,227.3,223.6,221.8,223.2,226.7,230.5,232.2,231.2,229.8,227.4,225.6,224.7,225.2,226.4,228.3,229.8,230.5,230.9,230.9,230.8,228.9,229.4,228.7,227.1,225.5,224.9,225.7,227.3,260.8,262.6,267.0,271.4,273.2,271.7,267.0,262.6,256.0,258.1,261.3,265.7,270.5,274.7,277.9,274.6,270.1,265.5,261.5,258.2,265.3,267.2,269.1,269.9,269.1,267.2,265.3,264.5,327.6,329.4,333.9,338.6,340.7,339.0,334.4,329.5,323.7,326.1,329.7,334.6,339.8,344.3,347.7,344.5,340.2,335.4,330.8,326.7,332.3,334.4,336.4,337.1,336.2,334.2,332.2,331.4,-4.1,-8.4,-10.4,-8.8,-4.6,0.1,1.7,0.1,-1.9,-4.2,-5.9,-6.9,-6.3,-4.7,-2.3,-0.8,-0.2,0.2,0.2,-0.4,-2.2,-1.5,-2.4,-4.3,-6.2,-6.8,-6.0,-4.1,-6.8,-11.1,-13.1,-11.6,-7.5,-3.1,-1.1,-2.3,-3.9,-6.6,-8.7,-9.7,-9.2,-7.8,-5.6,-4.0,-3.1,-2.6,-2.6,-2.8,-5.0,-4.3,-5.2,-7.1,-8.9,-9.6,-8.7,-6.8,658.7,659.6,660.3,660.5,660.1,659.4,658.4,658.2,662.0,659.8,658.1,657.5,658.6,660.4,662.3,660.2,658.1,657.2,657.8,659.6,659.7,659.8,660.1,660.5,660.7,660.6,660.3,659.9,695.0,696.2,697.9,699.1,699.0,697.7,696.0,694.9,695.2,694.6,694.5,695.5,698.1,701.4,704.7,701.2,697.8,695.3,694.2,694.5,696.8,697.3,698.0,698.6,698.6,698.2,697.4,696.8,367.3,29.5,823.6,0.004,0.103,-0.081
95,0,1656521710.182,0.98,1,-0.096867,0.071728,-0.992709,-0.241282,0.069548,-0.967960,-0.171,0.072,560.0,561.4,565.1,569.0,570.9,569.8,565.8,561.8,554.5,557.2,560.8,564.9,569.0,572.1,574.4,572.1,568.8,564.9,561.0,557.4,563.8,565.5,567.1,567.7,566.9,565.2,563.6,563.0,605.6,606.6,609.8,613.4,615.3,614.3,611.1,607.2,602.1,604.4,607.6,611.4,614.8,617.3,618.9,617.6,615.3,612.2,608.6,604.9,608.9,610.5,611.9,612.3,611.5,609.9,608.5,608.1,229.4,225.4,223.6,225.1,228.9,233.2,234.7,233.2,231.4,229.3,227.7,226.9,227.3,228.9,231.1,232.4,233.0,233.3,233.3,232.7,231.1,231.7,230.9,229.2,227.5,226.9,227.7,229.4,227.3,223.6,221.8,223.2,226.7,230.5,232.2,231.2,229.8,227.4,225.6,224.7,225.2,226.4,228.3,229.8,230.5,230.9,230.9,230.8,228.9,229.4,228.7,227.1,225.5,224.9,225.7,227.3,260.9,262.7,267.1,271.5,273.3,271.8,267.0,262.7,256.2,258.2,261.4,265.8,270.6,274.8,278.0,274.7,270.2,265.6,261.6,258.3,265.4,267.3,269.2,270.0,269.3,267.3,265.4,264.6,327.1,328.8,333.3,338.1,340.2,338.4,333.9,328.9,323.2,325.5,329.1,334.0,339.2,343.7,347.2,343.9,339.6,334.9,330.2,326.1,331.8,333.8,335.8,336.6,335.7,333.6,331.6,330.8,-4.1,-8.5,-10.4,-8.9,-4.6,0.0,1.7,0.1,-2.0,-4.3,-6.0,-6.9,-6.4,-4.7,-2.3,-0.8,-0.2,0.2,0.1,-0.5,-2.3,-1.6,-2.4,-4.3,-6.2,-6.9,-6.0,-4.1,-6.7,-11.1,-13.1,-11.6,-7.5,-3.1,-1.1,-2.3,-3.9,-6.6,-8.7,-9.7,-9.2,-7.8,-5.6,-4.0,-3.1,-2.6,-2.6,-2.8,-5.0,-4.3,-5.2,-7.1,-8.9,-9.5,-8.7,-6.8,659.0,659.9,660.7,660.9,660.4,659.7,658.7,658.5,662.4,660.2,658.4,657.9,658.9,660.7,662.5,660.4,658.4,657.5,658.1,659.9,660.0,660.1,660.4,660.8,661.0,660.9,660.6,660.2,693.8,695.1,696.8,697.9,697.8,696.5,694.8,693.8,694.0,693.4,693.3,694.4,696.9,700.3,703.5,700.0,696.6,694.2,693.1,693.3,695.6,696.1,696.9,697.4,697.5,697.0,696.2,695.7,367.0,29.5,822.8,0.003,0.104,-0.083
96,0,1656521710.216,0.98,1,-0.096780,0.073098,-0.992618,-0.242819,0.070985,-0.967471,-0.172,0.073,560.1,561.4,565.1,569.1,570.9,569.8,565.8,561.9,554.5,557.2,560.8,565.0,569.0,572.2,574.4,572.2,568.8,565.0,561.1,557.4,563.8,565.6,567.2,567.8,567.0,565.3,563.6,563.0,605.7,606.7,609.9,613.6,615.4,614.4,611.2,607.3,602.2,604.5,607.7,611.5,615.0,617.5,619.0,617.7,615.4,612.3,608.7,605.0,609.0,610.6,612.0,612.5,611.6,610.1,608.6,608.2,229.4,225.4,223.6,225.0,228.9,233.2,234.7,233.2,231.3,229.2,227.7,226.8,227.3,228.8,231.0,232.4,232.9,233.3,233.2,232.7,231.1,231.7,230.9,229.2,227.5,226.9,227.6,229.4,227.3,223.5,221.8,223.2,226.7,230.5,232.2,231.2,229.7,227.4,225.6,224.7,225.2,226.4,228.4,229.8,230.5,230.9,230.9,230.8,228.9,229.4,228.7,227.1,225.5,224.9,225.7,227.3,260.3,262.1,266.5,270.9,272.7,271.2,266.4,262.1,255.5,257.6,260.8,265.2,270.0,274.2,277.4,274.1,269.6,265.0,261.0,257.7,264.8,266.7,268.6,269.4,268.6,266.7,264.8,264.0,327.0,328.7,333.3,338.0,340.1,338.3,333.7,328.8,323.0,325.4,329.0,333.9,339.1,343.6,347.1,343.8,339.5,334.7,330.1,326.0,331.6,333.7,335.7,336.5,335.5,333.5,331.5,330.7,-4.1,-8.5,-10.5,-8.9,-4.7,0.0,1.6,0.1,-2.0,-4.3,-6.0,-6.9,-6.4,-4.7,-2.3,-0.9,-0.3,0.2,0.1,-0.5,-2.3,-1.6,-2.5,-4.4,-6.2,-6.9,-6.0,-4.1,-6.8,-11.1,-13.1,-11.6,-7.4,-3.1,-1.1,-2.3,-3.9,-6.6,-8.7,-9.7,-9.2,-7.8,-5.6,-3.9,-3.0,-2.6,-2.6,-2.8,-5.0,-4.3,-5.2,-7.1,-8.9,-9.5,-8.7,-6.8,657.4,658.3,659.0,659.2,658.7,658.1,657.1,656.9,660.7,658.5,656.8,656.2,657.3,659.1,660.9,658.8,656.8,655.8,656.4,658.3,658.4,658.4,658.8,659.2,659.4,659.3,659.0,658.6,693.3,694.5,696.2,697.4,697.2,696.0,694.3,693.3,693.5,692.9,692.8,693.8,696.4,699.7,702.9,699.5,696.1,693.6,692.5,692.8,695.1,695.6,696.3,696.9,696.9,696.4,695.7,695.1,367.3,29.5,823.2,0.005,0.106,-0.082
97,0,1656521710.249,0.98,1,-0.094874,0.075083,-0.992654,-0.241224,0.073518,-0.967681,-0.170,0.076,560.0,561.3,565.0,569.0,570.8,569.7,565.7,561.8,554.5,557.1,560.7,564.8,568.9,572.1,574.3,572.0,568.7,564.9,561.0,557.3,563.7,565.5,567.1,567.7,566.9,565.1,563.5,562.9,605.7,606.7,609.9,613.5,615.3,614.4,611.1,607.2,602.2,604.5,607.6,611.5,614.9,617.4,619.0,617.6,615.3,612.3,608.7,605.0,609.0,610.5,612.0,612.4,611.6,610.0,608.6,608.2,229.4,225.4,223.6,225.0,228.9,233.1,234.6,233.2,231.3,229.2,227.7,226.8,227.3,228.8,231.0,232.3,232.9,233.3,233.2,232.7,231.1,231.7,230.9,229.2,227.5,226.9,227.6,229.4,227.2,223.5,221.8,223.1,226.7,230.4,232.1,231.1,229.7,227.3,225.6,224.7,225.2,226.4,228.3,229.7,230.5,230.8,230.8,230.7,228.8,229.4,228.6,227.0,225.4,224.9,225.6,227.2,261.0,262.8,267.2,271.6,273.5,272.0,267.2,262.9,256.3,258.3,261.6,265.9,270.8,275.0,278.2,274.9,270.4,265.8,261.8,258.5,265.6,267.5,269.4,270.2,269.4,267.5,265.6,264.8,328.1,329.9,334.4,339.2,341.2,339.5,334.9,330.0,324.2,326.6,330.2,335.1,340.3,344.8,348.3,345.0,340.7,336.0,331.3,327.2,332.8,334.9,336.9,337.7,336.7,334.7,332.7,331.9,-4.1,-8.5,-10.5,-8.9,-4.7,-0.0,1.6,0.0,-2.0,-4.3,-6.0,-6.9,-6.4,-4.8,-2.4,-0.9,-0.3,0.1,0.1,-0.5,-2.3,-1.6,-2.5,-4.4,-6.2,-6.9,-6.1,-4.2,-6.8,-11.2,-13.2,-11.7,-7.5,-3.2,-1.2,-2.3,-4.0,-6.7,-8.7,-9.8,-9.2,-7.9,-5.7,-4.0,-3.1,-2.7,-2.7,-2.9,-5.0,-4.4,-5.3,-7.2,-9.0,-9.6,-8.8,-6.9,659.6,660.5,661.2,661.4,661.0,660.4,659.3,659.1,662.9,660.7,659.0,658.4,659.5,661.3,663.2,661.1,659.0,658.1,658.7,660.5,660.6,660.7,661.0,661.4,661.6,661.5,661.2,660.8,695.9,697.2,698.9,700.0,699.9,698.6,696.9,695.9,696.1,695.5,695.4,696.5,699.0,702.4,705.6,702.1,698.7,696.3,695.2,695.4,697.7,698.2,699.0,699.5,699.6,699.1,698.3,697.8,366.6,29.5,822.0,0.004,0.102,-0.081
98,0,1656521710.283,0.98,1,-0.096688,0.076258,-0.992389,-0.242355,0.074891,-0.967293,-0.171,0.077,560.1,561.4,565.1,569.1,570.9,569.8,565.9,562.0,554.6,557.3,560.8,565.0,569.0,572.2,574.4,572.2,568.8,565.0,561.1,557.5,563.9,565.6,567.2,567.8,567.0,565.3,563.7,563.1,605.6,606.6,609.8,613.4,615.2,614.3,611.0,607.2,602.1,604.4,607.6,611.4,614.8,617.3,618.8,617.5,615.2,612.2,608.6,604.9,608.9,610.5,611.9,612.3,611.5,609.9,608.5,608.1,229.8,225.8,224.0,225.4,229.3,233.5,235.0,233.6,231.8,229.7,228.2,227.3,227.7,229.2,231.3,232.7,233.3,233.7,233.6,233.1,231.5,232.1,231.3,229.6,227.9,227.3,228.1,229.8,227.5,223.8,222.1,223.4,227.0,230.7,232.4,231.4,230.0,227.7,225.9,225.0,225.5,226.7,228.6,230.0,230.7,231.1,231.1,231.0,229.1,229.7,228.9,227.3,225.7,225.2,225.9,227.5,262.1,263.9,268.3,272.7,274.5,273.1,268.4,264.0,257.4,259.4,262.7,267.0,271.9,276.1,279.3,276.0,271.5,266.9,262.9,259.6,266.7,268.6,270.5,271.3,270.5,268.6,266.6,265.9,329.7,331.4,336.0,340.7,342.8,341.0,336.4,331.5,325.8,328.1,331.7,336.6,341.8,346.4,349.8,346.5,342.2,337.5,332.8,328.7,334.3,336.4,338.4,339.2,338.3,336.2,334.2,333.4,-3.7,-8.1,-10.1,-8.5,-4.3,0.4,2.1,0.5,-1.5,-3.8,-5.5,-6.4,-5.9,-4.4,-2.0,-0.5,0.1,0.6,0.5,-0.1,-1.9,-1.2,-2.1,-4.0,-5.8,-6.5,-5.6,-3.7,-6.5,-10.9,-12.9,-11.4,-7.2,-2.9,-0.9,-2.0,-3.7,-6.4,-8.4,-9.4,-8.9,-7.6,-5.4,-3.7,-2.8,-2.4,-2.4,-2.6,-4.7,-4.1,-4.9,-6.8,-8.7,-9.3,-8.4,-6.5,661.9,662.8,663.5,663.7,663.3,662.7,661.7,661.5,665.2,663.1,661.3,660.7,661.8,663.6,665.5,663.4,661.3,660.4,661.0,662.9,662.9,663.0,663.3,663.7,663.9,663.8,663.5,663.1,699.3,700.5,702.2,703.3,703.2,702.0,700.3,699.3,699.5,698.9,698.8,699.8,702.3,705.7,708.9,705.4,702.1,699.6,698.5,698.8,701.1,701.6,702.3,702.9,702.9,702.4,701.7,701.1,368.1,29.8,825.0,0.003,0.105,-0.085
99,0,1656521710.316,0.98,1,-0.083345,0.090804,-0.992375,-0.241209,0.093593,-0.965950,-0.164,0.094,560.3,561.5,565.1,569.0,570.9,569.9,566.0,562.1,554.8,557.4,561.0,565.0,569.0,572.1,574.2,572.1,568.9,565.2,561.3,557.7,564.0,565.7,567.3,567.8,567.0,565.3,563.7,563.2,605.2,606.2,609.4,612.9,614.7,613.7,610.5,606.8,601.9,604.2,607.2,610.9,614.3,616.7,618.3,616.9,614.6,611.7,608.1,604.6,608.5,610.0,611.4,611.8,611.0,609.5,608.1,607.7,231.7,227.8,225.9,227.3,231.0,235.3,236.8,235.4,233.6,231.7,230.3,229.5,229.8,231.0,232.9,234.3,234.9,235.3,235.3,234.8,233.3,233.9,233.1,231.3,229.7,229.1,229.9,231.6,228.9,225.3,223.6,224.8,228.3,231.9,233.6,232.7,231.2,229.1,227.5,226.7,227.1,228.1,229.7,231.1,231.8,232.2,232.3,232.1,230.4,230.9,230.2,228.6,227.1,226.6,227.3,228.9,268.0,269.7,274.1,278.6,280.6,279.2,274.4,269.9,263.1,265.2,268.5,272.9,277.8,282.0,285.3,282.0,277.5,272.9,268.8,265.4,272.6,274.6,276.5,277.2,276.4,274.4,272.5,271.7,340.8,342.5,347.1,351.8,353.9,352.2,347.6,342.7,337.0,339.3,342.9,347.8,353.0,357.6,361.1,357.7,353.4,348.6,343.9,339.9,345.5,347.6,349.6,350.4,349.4,347.4,345.4,344.6,-1.6,-6.1,-8.1,-6.6,-2.4,2.4,4.1,2.6,0.5,-1.6,-3.2,-4.1,-3.8,-2.4,-0.3,1.2,1.9,2.4,2.4,1.9,0.1,0.8,-0.1,-2.0,-3.9,-4.6,-3.6,-1.7,-5.1,-9.5,-11.5,-10.0,-5.9,-1.5,0.6,-0.6,-2.4,-4.9,-6.8,-7.8,-7.4,-6.2,-4.2,-2.5,-1.6,-1.1,-1.1,-1.2,-3.3,-2.7,-3.6,-5.5,-7.3,-8.0,-7.1,-5.1,676.2,677.0,677.8,678.2,677.9,677.4,676.3,675.9,679.5,677.3,675.6,675.1,676.3,678.2,680.3,678.1,675.9,674.9,675.4,677.2,677.4,677.6,677.9,678.3,678.4,678.2,677.9,677.5,723.8,724.9,726.5,727.6,727.5,726.4,724.8,723.9,724.2,723.5,723.2,724.1,726.6,729.9,733.2,729.8,726.5,724.1,723.1,723.4,725.6,726.1,726.8,727.3,727.3,726.8,726.1,725.6,371.7,30.6,833.3,0.003,0.099,-0.091
100,0,1656521710.349,0.98,1,-0.076462,0.098164,-0.992229,-0.238025,0.101491,-0.965942,-0.159,0.102,560.4,561.6,565.2,569.0,570.9,569.9,566.0,562.2,554.9,557.5,561.1,565.1,569.0,572.0,574.2,572.1,568.9,565.2,561.4,557.7,564.0,565.7,567.3,567.8,567.0,565.3,563.7,563.2,605.2,606.3,609.4,612.9,614.6,613.6,610.4,606.7,601.9,604.2,607.2,610.9,614.2,616.6,618.2,616.8,614.5,611.5,608.1,604.6,608.4,609.9,611.3,611.8,611.0,609.5,608.1,607.7,232.4,228.5,226.6,228.0,231.7,235.9,237.4,236.1,234.1,232.4,231.1,230.3,230.6,231.7,233.4,234.8,235.4,235.9,235.9,235.4,233.9,234.5,233.7,232.0,230.4,229.8,230.6,232.3,229.7,226.1,224.5,225.7,229.2,232.8,234.4,233.4,231.8,229.9,228.4,227.7,228.1,229.0,230.5,231.9,232.6,233.0,233.0,232.8,231.2,231.7,231.0,229.4,227.9,227.4,228.1,229.7,270.4,272.1,276.5,281.0,283.0,281.7,276.9,272.4,265.4,267.6,270.9,275.3,280.2,284.5,287.8,284.5,280.0,275.4,271.2,267.8,275.0,277.0,279.0,279.7,278.8,276.8,274.9,274.2,345.3,347.1,351.6,356.4,358.5,356.7,352.1,347.1,341.5,343.9,347.4,352.3,357.5,362.1,365.7,362.3,357.9,353.1,348.4,344.3,350.1,352.1,354.1,354.9,354.0,351.9,349.9,349.1,-0.9,-5.3,-7.4,-5.9,-1.7,3.1,4.8,3.3,1.1,-0.9,-2.3,-3.2,-2.9,-1.6,0.3,1.9,2.6,3.1,3.1,2.5,0.9,1.5,0.6,-1.3,-3.2,-3.8,-2.9,-1.0,-4.2,-8.6,-10.6,-9.1,-4.9,-0.5,1.5,0.3,-1.6,-4.0,-5.8,-6.7,-6.2,-5.1,-3.3,-1.6,-0.7,-0.2,-0.2,-0.4,-2.4,-1.7,-2.6,-4.5,-6.4,-7.1,-6.2,-4.2,682.1,682.8,683.7,684.1,683.9,683.5,682.4,681.9,685.3,683.1,681.4,681.0,682.2,684.2,686.4,684.2,682.0,680.9,681.4,683.0,683.3,683.6,683.9,684.2,684.3,684.1,683.8,683.4,733.4,734.5,736.0,737.0,737.0,736.0,734.5,733.5,733.9,733.1,732.8,733.6,736.1,739.4,742.7,739.3,736.0,733.7,732.7,733.1,735.2,735.7,736.3,736.8,736.8,736.3,735.7,735.2,372.0,30.9,834.3,-0.003,0.097,-0.089
101,0,1656521710.383,0.98,1,-0.078747,0.099929,-0.991874,-0.238920,0.103196,-0.965540,-0.161,0.103,560.2,561.5,565.1,568.9,570.7,569.8,565.9,562.1,554.7,557.4,560.9,565.0,568.9,571.9,574.1,571.9,568.8,565.1,561.2,557.6,563.9,565.6,567.1,567.7,566.9,565.2,563.6,563.1,605.2,606.3,609.4,612.9,614.6,613.6,610.4,606.7,601.9,604.2,607.2,610.9,614.2,616.6,618.2,616.8,614.5,611.6,608.1,604.6,608.4,609.9,611.3,611.8,611.0,609.5,608.1,607.7,232.3,228.3,226.5,227.9,231.6,235.8,237.3,236.0,234.1,232.3,231.0,230.2,230.5,231.6,233.3,234.7,235.3,235.8,235.8,235.3,233.8,234.4,233.6,231.9,230.3,229.7,230.5,232.2,229.5,225.9,224.3,225.5,229.0,232.6,234.2,233.3,231.7,229.7,228.2,227.5,227.8,228.8,230.3,231.7,232.4,232.8,232.8,232.7,231.0,231.6,230.8,229.3,227.8,227.2,227.9,229.5,270.0,271.7,276.1,280.6,282.6,281.3,276.5,272.0,265.1,267.2,270.5,274.9,279.8,284.1,287.4,284.1,279.6,275.0,270.9,267.4,274.7,276.6,278.6,279.3,278.4,276.4,274.5,273.8,344.7,346.4,351.0,355.7,357.8,356.1,351.5,346.5,340.8,343.2,346.8,351.7,356.9,361.5,365.0,361.6,357.2,352.5,347.8,343.7,349.4,351.5,353.5,354.2,353.3,351.3,349.3,348.5,-1.0,-5.5,-7.5,-6.0,-1.8,3.0,4.7,3.2,1.0,-1.0,-2.5,-3.4,-3.1,-1.7,0.2,1.8,2.5,3.0,3.0,2.4,0.8,1.4,0.5,-1.4,-3.3,-4.0,-3.0,-1.1,-4.4,-8.8,-10.8,-9.3,-5.1,-0.7,1.3,0.1,-1.8,-4.2,-6.0,-6.9,-6.5,-5.4,-3.5,-1.8,-0.9,-0.4,-0.4,-0.6,-2.6,-1.9,-2.8,-4.8,-6.6,-7.3,-6.4,-4.5,681.5,682.3,683.1,683.5,683.3,682.9,681.8,681.3,684.7,682.5,680.8,680.4,681.6,683.6,685.7,683.6,681.4,680.3,680.8,682.5,682.8,683.0,683.3,683.6,683.7,683.5,683.2,682.8,732.0,733.1,734.6,735.7,735.7,734.6,733.1,732.2,732.5,731.7,731.4,732.3,734.7,738.1,741.4,738.0,734.7,732.3,731.4,731.7,733.9,734.3,735.0,735.4,735.4,735.0,734.3,733.9,371.8,30.9,833.7,0.002,0.098,-0.090
102,0,1656521710.416,0.98,1,-0.082636,0.096186,-0.991927,-0.243516,0.099257,-0.964805,-0.165,0.100,560.1,561.3,564.9,568.8,570.7,569.7,565.8,562.0,554.6,557.2,560.8,564.8,568.8,571.9,574.0,571.9,568.7,565.0,561.1,557.5,563.8,565.5,567.1,567.6,566.8,565.1,563.5,563.0,605.3,606.3,609.5,613.0,614.7,613.7,610.6,606.8,601.9,604.2,607.3,611.0,614.3,616.8,618.4,617.0,614.7,611.7,608.2,604.6,608.5,610.1,611.5,611.9,611.1,609.6,608.2,607.7,232.0,228.0,226.2,227.5,231.3,235.5,237.1,235.7,233.8,232.0,230.7,229.8,230.1,231.3,233.1,234.5,235.1,235.5,235.6,235.1,233.6,234.1,233.3,231.6,230.0,229.4,230.2,231.9,229.1,225.4,223.8,225.0,228.5,232.1,233.8,232.8,231.3,229.3,227.7,226.9,227.3,228.2,229.8,231.2,232.0,232.4,232.4,232.3,230.6,231.1,230.4,228.8,227.3,226.7,227.4,229.0,267.8,269.5,273.9,278.4,280.4,279.1,274.3,269.8,262.9,265.0,268.3,272.7,277.6,281.8,285.2,281.9,277.4,272.8,268.6,265.3,272.4,274.4,276.3,277.1,276.2,274.2,272.3,271.6,341.3,343.0,347.6,352.3,354.4,352.7,348.1,343.1,337.5,339.8,343.4,348.2,353.5,358.1,361.6,358.2,353.9,349.1,344.4,340.4,346.0,348.1,350.1,350.8,349.9,347.9,345.9,345.1,-1.3,-5.7,-7.8,-6.3,-2.1,2.7,4.4,2.9,0.8,-1.3,-2.8,-3.7,-3.4,-2.1,-0.1,1.5,2.2,2.7,2.7,2.2,0.4,1.1,0.2,-1.8,-3.6,-4.3,-3.3,-1.4,-4.9,-9.3,-11.4,-9.9,-5.7,-1.3,0.8,-0.4,-2.2,-4.7,-6.6,-7.5,-7.1,-6.0,-4.1,-2.4,-1.4,-1.0,-0.9,-1.1,-3.1,-2.5,-3.4,-5.3,-7.1,-7.8,-6.9,-5.0,676.3,677.1,677.9,678.3,678.1,677.6,676.5,676.1,679.6,677.4,675.7,675.2,676.4,678.4,680.4,678.3,676.1,675.1,675.6,677.3,677.5,677.7,678.1,678.4,678.5,678.3,678.0,677.6,724.7,725.8,727.3,728.4,728.3,727.2,725.7,724.8,725.2,724.4,724.1,725.0,727.4,730.7,734.0,730.6,727.3,725.0,724.0,724.4,726.5,727.0,727.6,728.1,728.1,727.7,727.0,726.5,371.5,30.7,833.2,0.006,0.102,-0.093
103,0,1656521710.449,0.98,1,-0.084025,0.088721,-0.992506,-0.241706,0.091220,-0.966052,-0.165,0.092,560.0,561.3,564.9,568.8,570.7,569.7,565.8,561.9,554.5,557.2,560.7,564.8,568.8,571.9,574.1,572.0,568.7,565.0,561.1,557.4,563.8,565.5,567.1,567.6,566.8,565.1,563.5,562.9,605.2,606.2,609.4,612.9,614.7,613.8,610.6,606.8,601.9,604.1,607.2,610.9,614.3,616.8,618.4,617.0,614.7,611.7,608.2,604.6,608.5,610.0,611.4,611.8,611.1,609.5,608.1,607.7,231.4,227.4,225.6,227.0,230.7,235.0,236.5,235.2,233.3,231.4,229.9,229.1,229.4,230.7,232.6,234.0,234.6,235.1,235.1,234.6,233.0,233.6,232.8,231.1,229.4,228.8,229.6,231.3,228.6,224.9,223.2,224.4,227.9,231.6,233.3,232.4,230.9,228.7,227.1,226.2,226.6,227.6,229.3,230.7,231.5,231.9,232.0,231.8,230.0,230.6,229.8,228.2,226.7,226.2,226.9,228.5,265.4,267.1,271.5,276.0,278.0,276.6,271.9,267.4,260.6,262.7,265.9,270.3,275.2,279.4,282.7,279.4,274.9,270.4,266.2,262.9,270.0,272.0,273.9,274.7,273.8,271.8,269.9,269.2,337.4,339.1,343.6,348.4,350.5,348.8,344.2,339.3,333.6,335.9,339.5,344.3,349.5,354.1,357.6,354.3,350.0,345.2,340.6,336.5,342.1,344.2,346.2,346.9,346.0,343.9,341.9,341.2,-1.9,-6.4,-8.4,-6.9,-2.7,2.0,3.8,2.2,0.2,-2.0,-3.6,-4.5,-4.1,-2.7,-0.6,0.9,1.6,2.1,2.1,1.6,-0.2,0.5,-0.4,-2.4,-4.2,-4.9,-4.0,-2.0,-5.5,-9.8,-11.9,-10.4,-6.3,-1.9,0.2,-0.9,-2.7,-5.3,-7.2,-8.2,-7.8,-6.6,-4.7,-2.9,-2.0,-1.5,-1.4,-1.6,-3.7,-3.1,-4.0,-5.9,-7.7,-8.3,-7.4,-5.5,670.5,671.2,672.0,672.4,672.1,671.6,670.5,670.1,673.7,671.5,669.8,669.3,670.5,672.4,674.4,672.3,670.1,669.1,669.7,671.4,671.6,671.7,672.1,672.4,672.6,672.4,672.1,671.7,716.6,717.8,719.3,720.4,720.3,719.2,717.6,716.7,717.0,716.3,716.0,717.0,719.4,722.8,726.0,722.6,719.3,716.9,715.9,716.2,718.4,718.9,719.6,720.1,720.1,719.6,718.9,718.4,370.4,30.5,830.6,0.004,0.099,-0.092
104,0,1656521710.483,0.98,1,-0.086904,0.083355,-0.992723,-0.241434,0.084876,-0.966698,-0.166,0.086,559.9,561.2,564.9,568.8,570.7,569.7,565.7,561.8,554.3,557.0,560.6,564.8,568.8,571.9,574.2,572.0,568.7,564.9,560.9,557.2,563.7,565.4,567.0,567.6,566.8,565.0,563.4,562.8,605.6,606.5,609.8,613.3,615.2,614.2,611.0,607.1,602.1,604.4,607.5,611.3,614.7,617.2,618.8,617.5,615.2,612.1,608.5,604.9,608.9,610.4,611.8,612.3,611.5,609.9,608.5,608.1,230.8,226.8,224.9,226.3,230.1,234.4,236.0,234.6,232.7,230.7,229.2,228.4,228.7,230.1,232.1,233.5,234.1,234.5,234.5,234.0,232.4,233.0,232.2,230.4,228.8,228.2,229.0,230.7,228.1,224.4,222.6,223.9,227.4,231.2,232.9,231.9,230.4,228.2,226.5,225.7,226.1,227.2,228.9,230.3,231.1,231.5,231.6,231.4,229.6,230.2,229.4,227.8,226.2,225.7,226.4,228.0,261.7,263.5,267.9,272.3,274.2,272.9,268.1,263.7,256.9,259.0,262.3,266.6,271.5,275.7,279.0,275.7,271.2,266.6,262.5,259.2,266.3,268.3,270.2,271.0,270.1,268.2,266.2,265.5,332.4,334.1,338.7,343.4,345.5,343.8,339.3,334.3,328.6,330.9,334.5,339.4,344.6,349.1,352.6,349.3,345.0,340.3,335.6,331.5,337.1,339.2,341.2,342.0,341.0,339.0,337.0,336.2,-2.6,-7.0,-9.1,-7.5,-3.3,1.4,3.1,1.6,-0.5,-2.7,-4.3,-5.3,-4.8,-3.4,-1.2,0.4,1.0,1.5,1.5,0.9,-0.8,-0.2,-1.1,-3.0,-4.8,-5.5,-4.6,-2.7,-5.9,-10.3,-12.4,-10.9,-6.7,-2.3,-0.3,-1.4,-3.2,-5.8,-7.8,-8.8,-8.3,-7.1,-5.1,-3.3,-2.4,-1.9,-1.9,-2.0,-4.2,-3.5,-4.4,-6.3,-8.2,-8.8,-7.9,-6.0,661.5,662.4,663.2,663.5,663.1,662.6,661.5,661.2,664.8,662.6,660.9,660.4,661.5,663.4,665.4,663.3,661.1,660.2,660.7,662.5,662.6,662.8,663.1,663.5,663.6,663.5,663.2,662.8,705.2,706.4,708.0,709.1,709.1,707.9,706.3,705.3,705.6,704.9,704.7,705.6,708.2,711.5,714.8,711.3,708.0,705.6,704.5,704.8,707.0,707.5,708.2,708.7,708.8,708.3,707.6,707.1,369.2,30.2,827.9,0.004,0.101,-0.089
105,0,1656521710.516,0.98,1,-0.091683,0.077817,-0.992743,-0.242495,0.076841,-0.967105,-0.169,0.079,560.0,561.3,565.1,569.0,570.8,569.8,565.8,561.9,554.5,557.1,560.7,564.9,568.9,572.1,574.3,572.1,568.8,564.9,561.0,557.3,563.8,565.5,567.1,567.7,566.9,565.2,563.5,563.0,605.7,606.7,610.0,613.5,615.4,614.4,611.1,607.3,602.2,604.5,607.7,611.5,614.9,617.4,619.0,617.6,615.3,612.3,608.7,605.0,609.0,610.6,612.0,612.4,611.6,610.1,608.6,608.2,230.3,226.3,224.5,225.9,229.7,234.0,235.5,234.1,232.2,230.1,228.7,227.8,228.2,229.7,231.8,233.1,233.7,234.1,234.1,233.5,231.9,232.6,231.8,230.0,228.3,227.7,228.5,230.3,228.0,224.3,222.6,223.9,227.5,231.2,232.9,231.9,230.4,228.1,226.4,225.6,226.0,227.2,229.0,230.4,231.2,231.6,231.6,231.4,229.6,230.1,229.4,227.8,226.2,225.6,226.4,228.0,261.6,263.4,267.8,272.2,274.0,272.6,267.8,263.4,256.8,258.9,262.1,266.5,271.4,275.6,278.8,275.5,271.0,266.4,262.3,259.0,266.1,268.1,270.0,270.8,270.0,268.0,266.1,265.3,329.7,331.5,336.0,340.7,342.8,341.1,336.5,331.5,325.8,328.2,331.8,336.7,341.9,346.4,349.9,346.6,342.3,337.5,332.8,328.7,334.4,336.5,338.5,339.3,338.3,336.3,334.3,333.5,-3.2,-7.6,-9.6,-8.0,-3.8,0.9,2.6,1.0,-1.1,-3.3,-4.9,-5.9,-5.4,-3.8,-1.5,-0.0,0.6,1.0,1.0,0.4,-1.4,-0.7,-1.5,-3.5,-5.3,-6.0,-5.1,-3.2,-6.0,-10.3,-12.3,-10.8,-6.7,-2.3,-0.3,-1.5,-3.2,-5.8,-7.8,-8.8,-8.3,-7.0,-4.9,-3.2,-2.3,-1.9,-1.8,-2.0,-4.2,-3.5,-4.4,-6.3,-8.1,-8.8,-7.9,-6.0,660.9,661.7,662.5,662.7,662.3,661.7,660.7,660.4,664.2,662.0,660.2,659.7,660.8,662.6,664.5,662.4,660.3,659.4,660.0,661.8,661.9,662.0,662.3,662.7,662.9,662.8,662.5,662.1,699.1,700.4,702.0,703.1,703.0,701.8,700.2,699.2,699.5,698.8,698.7,699.6,702.2,705.5,708.8,705.3,701.9,699.5,698.4,698.7,701.0,701.5,702.2,702.7,702.8,702.3,701.6,701.0,368.9,30.0,827.1,0.003,0.104,-0.083
106,0,1656521710.549,0.98,1,-0.092433,0.076323,-0.992789,-0.240002,0.074647,-0.967898,-0.168,0.077,560.0,561.3,565.0,568.9,570.8,569.7,565.7,561.8,554.5,557.1,560.7,564.8,568.9,572.0,574.2,572.0,568.7,564.9,561.0,557.3,563.7,565.5,567.1,567.7,566.9,565.1,563.5,562.9,605.7,606.7,609.9,613.5,615.3,614.3,611.1,607.2,602.2,604.5,607.7,611.5,614.9,617.4,618.9,617.6,615.3,612.3,608.7,605.0,609.0,610.6,612.0,612.4,611.6,610.0,608.6,608.2,229.9,225.9,224.1,225.5,229.3,233.6,235.1,233.7,231.8,229.8,228.3,227.4,227.9,229.3,231.4,232.8,233.3,233.7,233.7,233.1,231.5,232.2,231.4,229.6,228.0,227.3,228.1,229.9,227.7,224.0,222.3,223.6,227.2,230.9,232.6,231.6,230.1,227.8,226.1,225.3,225.7,226.9,228.7,230.1,230.9,231.3,231.3,231.1,229.3,229.8,229.1,227.5,225.9,225.3,226.1,227.7,262.1,263.9,268.3,272.7,274.6,273.2,268.4,264.0,257.4,259.4,262.7,267.0,271.9,276.1,279.3,276.0,271.5,266.9,262.9,259.6,266.7,268.6,270.5,271.3,270.5,268.6,266.7,265.9,330.4,332.1,336.7,341.4,343.5,341.7,337.1,332.2,326.5,328.9,332.5,337.4,342.6,347.1,350.5,347.2,342.9,338.2,333.5,329.4,335.1,337.1,339.1,339.9,339.0,336.9,334.9,334.2,-3.6,-8.0,-10.0,-8.4,-4.2,0.5,2.2,0.6,-1.5,-3.8,-5.4,-6.3,-5.8,-4.3,-1.9,-0.4,0.2,0.6,0.6,-0.0,-1.8,-1.1,-2.0,-3.9,-5.7,-6.4,-5.5,-3.6,-6.3,-10.7,-12.7,-11.2,-7.0,-2.7,-0.7,-1.8,-3.6,-6.2,-8.2,-9.2,-8.7,-7.3,-5.2,-3.5,-2.6,-2.2,-2.2,-2.4,-4.5,-3.9,-4.7,-6.6,-8.5,-9.1,-8.3,-6.4,662.3,663.2,663.9,664.2,663.7,663.2,662.1,661.9,665.6,663.5,661.7,661.2,662.2,664.0,666.0,663.9,661.8,660.9,661.4,663.3,663.3,663.5,663.8,664.2,664.3,664.2,663.9,663.5,700.5,701.8,703.5,704.6,704.5,703.2,701.6,700.5,700.8,700.2,700.1,701.1,703.6,707.0,710.2,706.7,703.3,700.9,699.8,700.1,702.4,702.9,703.6,704.1,704.2,703.7,703.0,702.4,367.9,29.8,824.8,-0.001,0.102,-0.083
107,0,1656521710.583,0.98,1,-0.093829,0.074130,-0.992825,-0.241246,0.072001,-0.967789,-0.169,0.074,559.9,561.3,565.0,568.9,570.8,569.7,565.7,561.8,554.4,557.1,560.7,564.8,568.9,572.0,574.3,572.0,568.7,564.9,560.9,557.3,563.7,565.4,567.1,567.6,566.8,565.1,563.5,562.9,605.6,606.6,609.8,613.4,615.2,614.3,611.0,607.1,602.1,604.4,607.6,611.4,614.8,617.3,618.9,617.5,615.2,612.2,608.6,604.9,608.9,610.5,611.9,612.3,611.5,609.9,608.5,608.1,229.6,225.6,223.8,225.2,229.1,233.3,234.8,233.4,231.5,229.4,227.9,227.1,227.5,229.0,231.2,232.5,233.0,233.4,233.4,232.8,231.2,231.9,231.1,229.3,227.7,227.0,227.8,229.6,227.5,223.7,222.0,223.3,226.9,230.6,232.3,231.3,229.9,227.6,225.8,225.0,225.5,226.6,228.5,229.9,230.6,231.0,231.0,230.9,229.0,229.6,228.9,227.2,225.7,225.1,225.8,227.5,261.4,263.3,267.7,272.1,273.9,272.4,267.6,263.3,256.7,258.7,262.0,266.3,271.2,275.4,278.6,275.3,270.8,266.2,262.2,258.9,266.0,267.9,269.8,270.6,269.8,267.9,266.0,265.2,329.2,330.9,335.5,340.2,342.3,340.5,336.0,331.0,325.3,327.7,331.3,336.2,341.4,345.9,349.3,346.0,341.7,337.0,332.3,328.2,333.9,335.9,337.9,338.7,337.8,335.7,333.7,333.0,-3.9,-8.3,-10.3,-8.7,-4.5,0.2,1.8,0.3,-1.8,-4.1,-5.7,-6.7,-6.2,-4.6,-2.2,-0.7,-0.1,0.3,0.2,-0.4,-2.1,-1.4,-2.3,-4.2,-6.0,-6.7,-5.9,-3.9,-6.6,-10.9,-13.0,-11.4,-7.3,-2.9,-1.0,-2.1,-3.8,-6.5,-8.5,-9.5,-9.0,-7.6,-5.5,-3.8,-2.9,-2.5,-2.5,-2.7,-4.8,-4.1,-5.0,-6.9,-8.7,-9.4,-8.5,-6.6,660.7,661.5,662.3,662.5,662.0,661.4,660.4,660.2,664.0,661.8,660.0,659.5,660.6,662.3,664.2,662.1,660.1,659.1,659.7,661.6,661.7,661.7,662.1,662.5,662.7,662.6,662.2,661.9,698.3,699.6,701.3,702.4,702.2,701.0,699.3,698.3,698.6,697.9,697.8,698.8,701.4,704.7,707.9,704.5,701.1,698.6,697.5,697.8,700.1,700.6,701.3,701.9,701.9,701.5,700.7,700.2,367.4,29.6,823.7,-0.001,0.103,-0.083
108,0,1656521710.616,0.98,1,-0.092925,0.072317,-0.993043,-0.240263,0.070869,-0.968117,-0.168,0.073,559.8,561.2,564.9,568.8,570.7,569.6,565.6,561.7,554.3,556.9,560.5,564.7,568.8,572.0,574.2,571.9,568.6,564.8,560.8,557.2,563.6,565.3,567.0,567.5,566.7,565.0,563.4,562.8,605.6,606.6,609.8,613.4,615.3,614.3,611.1,607.2,602.1,604.4,607.6,611.4,614.8,617.3,618.9,617.6,615.3,612.2,608.6,605.0,608.9,610.5,611.9,612.3,611.5,609.9,608.5,608.1,229.6,225.6,223.8,225.2,229.1,233.4,234.9,233.4,231.5,229.4,227.9,227.0,227.5,229.0,231.2,232.6,233.1,233.5,233.4,232.9,231.3,231.9,231.1,229.4,227.7,227.0,227.8,229.6,227.4,223.6,221.9,223.2,226.7,230.5,232.2,231.2,229.8,227.5,225.7,224.8,225.2,226.4,228.3,229.8,230.5,230.9,230.9,230.8,228.9,229.5,228.7,227.1,225.5,224.9,225.7,227.3,260.1,261.9,266.3,270.7,272.5,271.1,266.3,261.9,255.3,257.4,260.6,265.0,269.9,274.0,277.3,273.9,269.4,264.9,260.8,257.5,264.6,266.5,268.5,269.3,268.5,266.5,264.6,263.8,327.8,329.5,334.1,338.8,340.9,339.2,334.6,329.6,323.9,326.3,329.8,334.7,339.9,344.5,347.9,344.6,340.3,335.6,330.9,326.8,332.5,334.5,336.5,337.3,336.4,334.3,332.3,331.6,-3.9,-8.3,-10.3,-8.7,-4.5,0.2,1.9,0.3,-1.8,-4.1,-5.7,-6.7,-6.2,-4.5,-2.2,-0.7,-0.1,0.4,0.3,-0.3,-2.1,-1.4,-2.2,-4.2,-6.0,-6.7,-5.8,-3.9,-6.7,-11.0,-13.1,-11.6,-7.4,-3.1,-1.1,-2.2,-3.9,-6.6,-8.6,-9.7,-9.2,-7.8,-5.7,-4.0,-3.0,-2.6,-2.6,-2.7,-4.9,-4.3,-5.2,-7.1,-8.9,-9.5,-8.6,-6.7,657.6,658.5,659.2,659.4,659.0,658.4,657.3,657.1,660.9,658.7,657.0,656.4,657.5,659.3,661.2,659.1,657.0,656.1,656.7,658.5,658.6,658.7,659.0,659.4,659.6,659.5,659.2,658.8,695.3,696.6,698.3,699.4,699.3,698.0,696.3,695.3,695.6,694.9,694.9,695.9,698.4,701.8,705.0,701.5,698.2,695.7,694.6,694.8,697.1,697.6,698.4,698.9,699.0,698.5,697.8,697.2,367.3,29.5,823.7,0.001,0.102,-0.084
109,0,1656521710.649,0.98,1,-0.095628,0.072006,-0.992809,-0.241786,0.070017,-0.967800,-0.170,0.072,559.9,561.3,565.0,568.9,570.8,569.7,565.7,561.7,554.4,557.0,560.6,564.8,568.9,572.1,574.3,572.0,568.7,564.9,560.9,557.3,563.7,565.4,567.1,567.6,566.8,565.1,563.5,562.9,605.5,606.5,609.8,613.4,615.2,614.2,611.0,607.1,602.0,604.4,607.5,611.3,614.8,617.3,618.8,617.5,615.2,612.2,608.6,604.9,608.8,610.4,611.8,612.3,611.5,609.9,608.5,608.0,229.4,225.4,223.6,225.1,228.9,233.2,234.7,233.3,231.4,229.3,227.7,226.9,227.4,228.9,231.1,232.4,233.0,233.3,233.3,232.7,231.1,231.7,231.0,229.2,227.5,226.9,227.7,229.4,227.3,223.6,221.9,223.2,226.7,230.5,232.2,231.2,229.8,227.4,225.6,224.8,225.2,226.5,228.4,229.8,230.5,230.9,230.9,230.8,228.9,229.5,228.7,227.1,225.5,224.9,225.7,227.3,260.3,262.1,266.5,270.9,272.7,271.2,266.5,262.1,255.5,257.6,260.8,265.2,270.0,274.2,277.4,274.1,269.6,265.0,261.0,257.7,264.8,266.7,268.6,269.4,268.6,266.7,264.8,264.0,327.2,328.9,333.5,338.2,340.3,338.5,334.0,329.0,323.3,325.7,329.2,334.1,339.3,343.9,347.3,344.0,339.7,335.0,330.3,326.2,331.9,333.9,335.9,336.7,335.8,333.7,331.7,331.0,-4.1,-8.4,-10.4,-8.8,-4.6,0.1,1.7,0.1,-1.9,-4.2,-5.9,-6.8,-6.3,-4.7,-2.3,-0.8,-0.2,0.2,0.1,-0.5,-2.2,-1.5,-2.4,-4.3,-6.2,-6.9,-6.0,-4.1,-6.7,-11.1,-13.1,-11.6,-7.4,-3.1,-1.1,-2.2,-3.9,-6.6,-8.7,-9.7,-9.2,-7.8,-5.6,-3.9,-3.0,-2.6,-2.6,-2.8,-4.9,-4.3,-5.2,-7.1,-8.9,-9.5,-8.6,-6.7,657.8,658.7,659.4,659.6,659.1,658.5,657.5,657.3,661.1,658.9,657.1,656.6,657.7,659.4,661.3,659.2,657.1,656.2,656.8,658.7,658.8,658.8,659.2,659.6,659.8,659.7,659.4,659.0,694.2,695.4,697.2,698.3,698.2,696.9,695.2,694.2,694.4,693.8,693.7,694.8,697.3,700.7,703.9,700.4,697.0,694.5,693.4,693.7,696.0,696.5,697.2,697.8,697.9,697.4,696.6,696.0,367.3,29.5,823.7,0.001,0.104,-0.081
110,0,1656521710.683,0.98,1,-0.095623,0.071088,-0.992876,-0.242536,0.069195,-0.967672,-0.171,0.071,559.9,561.2,565.0,568.9,570.8,569.7,565.7,561.7,554.4,557.0,560.6,564.8,568.9,572.0,574.3,572.0,568.7,564.8,560.9,557.2,563.7,565.4,567.0,567.6,566.8,565.1,563.5,562.9,605.5,606.5,609.7,613.3,615.2,614.2,611.0,607.1,602.0,604.3,607.4,611.3,614.7,617.2,618.8,617.5,615.2,612.1,608.5,604.9,608.8,610.4,611.8,612.2,611.4,609.8,608.4,608.0,229.4,225.4,223.6,225.0,228.9,233.2,234.7,233.2,231.4,229.2,227.7,226.8,227.3,228.8,231.0,232.4,232.9,233.3,233.3,232.7,231.1,231.7,230.9,229.2,227.5,226.9,227.6,229.4,227.2,223.4,221.7,223.0,226.6,230.3,232.1,231.1,229.7,227.3,225.5,224.6,225.1,226.3,228.2,229.6,230.4,230.8,230.8,230.7,228.7,229.3,228.6,226.9,225.4,224.8,225.5,227.2,260.0,261.8,266.2,270.6,272.4,270.9,266.2,261.8,255.2,257.3,260.5,264.9,269.7,273.9,277.1,273.8,269.3,264.7,260.7,257.4,264.5,266.4,268.3,269.1,268.3,266.4,264.5,263.7,327.2,329.0,333.5,338.2,340.3,338.6,334.0,329.1,323.3,325.7,329.3,334.2,339.4,343.9,347.3,344.1,339.8,335.0,330.4,326.3,331.9,334.0,336.0,336.7,335.8,333.8,331.8,331.0,-4.1,-8.5,-10.5,-8.9,-4.7,0.0,1.6,0.1,-2.0,-4.3,-6.0,-6.9,-6.4,-4.8,-2.4,-0.9,-0.3,0.2,0.1,-0.5,-2.3,-1.6,-2.5,-4.4,-6.2,-6.9,-6.0,-4.1,-6.9,-11.2,-13.3,-11.8,-7.6,-3.3,-1.3,-2.4,-4.0,-6.8,-8.8,-9.9,-9.4,-8.0,-5.8,-4.1,-3.2,-2.7,-2.7,-2.9,-5.1,-4.5,-5.3,-7.2,-9.0,-9.7,-8.8,-6.9,657.1,658.0,658.8,659.0,658.5,657.8,656.8,656.6,660.4,658.3,656.5,656.0,657.0,658.8,660.6,658.5,656.5,655.6,656.2,658.0,658.1,658.2,658.5,658.9,659.1,659.0,658.7,658.3,694.4,695.7,697.4,698.5,698.4,697.1,695.4,694.4,694.6,694.0,693.9,695.0,697.5,700.9,704.1,700.6,697.2,694.8,693.7,693.9,696.2,696.7,697.5,698.0,698.1,697.6,696.8,696.3,367.7,29.5,824.5,0.002,0.104,-0.083
111,0,1656521710.716,0.98,1,-0.094739,0.070593,-0.992996,-0.243141,0.068279,-0.967585,-0.171,0.071,560.0,561.3,565.1,569.0,570.9,569.8,565.7,561.8,554.4,557.1,560.7,564.9,569.0,572.1,574.4,572.1,568.7,564.9,561.0,557.3,563.7,565.5,567.1,567.7,566.9,565.2,563.5,562.9,605.6,606.6,609.9,613.5,615.3,614.4,611.1,607.2,602.1,604.4,607.6,611.4,614.9,617.4,619.0,617.6,615.3,612.3,608.7,605.0,609.0,610.5,612.0,612.4,611.6,610.0,608.6,608.1,229.3,225.3,223.6,225.0,228.9,233.2,234.6,233.2,231.3,229.2,227.6,226.8,227.3,228.8,231.0,232.4,232.9,233.3,233.2,232.7,231.0,231.7,230.9,229.2,227.5,226.8,227.6,229.4,227.3,223.6,221.9,223.2,226.8,230.5,232.2,231.2,229.8,227.4,225.6,224.7,225.2,226.5,228.4,229.8,230.6,230.9,231.0,230.8,228.9,229.5,228.7,227.1,225.5,224.9,225.7,227.3,259.3,261.2,265.6,270.0,271.7,270.3,265.5,261.1,254.6,256.6,259.9,264.2,269.1,273.3,276.5,273.1,268.6,264.1,260.0,256.8,263.8,265.7,267.7,268.5,267.7,265.8,263.9,263.1,326.7,328.4,333.0,337.7,339.8,338.0,333.5,328.5,322.8,325.2,328.7,333.6,338.9,343.4,346.8,343.5,339.2,334.5,329.8,325.7,331.4,333.4,335.4,336.2,335.3,333.2,331.2,330.5,-4.2,-8.5,-10.5,-8.9,-4.7,0.0,1.6,0.0,-2.0,-4.3,-6.0,-6.9,-6.4,-4.7,-2.3,-0.8,-0.3,0.1,0.1,-0.5,-2.3,-1.6,-2.5,-4.4,-6.2,-6.9,-6.1,-4.1,-6.7,-11.0,-13.1,-11.5,-7.4,-3.1,-1.1,-2.2,-3.9,-6.6,-8.7,-9.7,-9.2,-7.8,-5.5,-3.9,-3.0,-2.6,-2.5,-2.7,-4.9,-4.3,-5.1,-7.0,-8.8,-9.5,-8.6,-6.7,655.3,656.2,657.0,657.2,656.7,656.0,655.0,654.8,658.6,656.4,654.7,654.1,655.2,657.0,658.8,656.7,654.6,653.7,654.3,656.2,656.2,656.3,656.7,657.1,657.3,657.2,656.9,656.5,692.9,694.2,695.9,697.0,696.9,695.6,693.9,692.9,693.1,692.5,692.5,693.5,696.0,699.4,702.6,699.1,695.7,693.2,692.2,692.4,694.7,695.2,696.0,696.5,696.6,696.1,695.4,694.8,367.3,29.4,823.8,0.004,0.103,-0.079
112,0,1656521710.749,0.98,1,-0.097022,0.073431,-0.992570,-0.242289,0.071381,-0.967575,-0.171,0.074,560.1,561.4,565.2,569.1,571.0,569.9,565.9,561.9,554.6,557.2,560.8,565.0,569.1,572.2,574.5,572.2,568.9,565.0,561.1,557.4,563.9,565.6,567.2,567.8,567.0,565.3,563.7,563.1,605.6,606.6,609.9,613.5,615.3,614.3,611.1,607.2,602.1,604.5,607.6,611.4,614.9,617.4,618.9,617.6,615.3,612.2,608.6,605.0,608.9,610.5,611.9,612.4,611.6,610.0,608.6,608.1,229.3,225.3,223.5,225.0,228.8,233.1,234.6,233.1,231.3,229.2,227.6,226.8,227.2,228.8,230.9,232.3,232.9,233.2,233.2,232.6,231.0,231.6,230.8,229.1,227.4,226.8,227.6,229.3,227.2,223.5,221.8,223.1,226.7,230.4,232.1,231.1,229.7,227.3,225.5,224.7,225.2,226.4,228.3,229.7,230.5,230.8,230.8,230.7,228.8,229.4,228.6,227.0,225.4,224.8,225.6,227.2,260.8,262.6,267.0,271.4,273.2,271.8,267.0,262.6,256.1,258.1,261.4,265.7,270.6,274.8,278.0,274.6,270.1,265.6,261.5,258.3,265.3,267.3,269.2,270.0,269.2,267.3,265.3,264.5,327.3,329.1,333.6,338.3,340.4,338.7,334.1,329.1,323.4,325.8,329.4,334.3,339.5,344.0,347.4,344.2,339.8,335.1,330.5,326.3,332.0,334.1,336.1,336.8,335.9,333.9,331.9,331.1,-4.2,-8.6,-10.6,-9.0,-4.8,-0.1,1.6,-0.0,-2.1,-4.4,-6.1,-7.0,-6.5,-4.8,-2.4,-0.9,-0.3,0.1,0.0,-0.6,-2.4,-1.7,-2.5,-4.5,-6.3,-7.0,-6.1,-4.2,-6.8,-11.2,-13.2,-11.7,-7.5,-3.2,-1.2,-2.4,-4.0,-6.7,-8.8,-9.8,-9.3,-7.9,-5.7,-4.0,-3.1,-2.7,-2.7,-2.9,-5.1,-4.4,-5.3,-7.2,-9.0,-9.6,-8.8,-6.9,658.6,659.5,660.3,660.5,660.0,659.4,658.4,658.2,662.0,659.8,658.0,657.5,658.5,660.3,662.2,660.1,658.0,657.1,657.7,659.6,659.6,659.7,660.0,660.4,660.6,660.5,660.2,659.8,694.2,695.5,697.2,698.4,698.3,697.0,695.3,694.2,694.5,693.9,693.8,694.8,697.4,700.7,704.0,700.5,697.1,694.6,693.5,693.8,696.1,696.6,697.3,697.9,697.9,697.4,696.7,696.1,367.4,29.5,823.5,0.004,0.106,-0.082
113,0,1656521710.783,0.98,1,-0.096956,0.073722,-0.992555,-0.243116,0.071170,-0.967383,-0.172,0.074,560.1,561.4,565.2,569.1,571.0,569.9,565.9,561.9,554.6,557.2,560.8,565.0,569.1,572.2,574.5,572.2,568.9,565.0,561.1,557.4,563.9,565.6,567.2,567.8,567.0,565.3,563.7,563.1,605.8,606.8,610.0,613.7,615.5,614.5,611.3,607.4,602.3,604.6,607.8,611.6,615.1,617.6,619.1,617.8,615.5,612.5,608.8,605.2,609.1,610.7,612.1,612.6,611.7,610.2,608.7,608.3,229.3,225.4,223.6,225.0,228.9,233.2,234.6,233.2,231.3,229.2,227.6,226.8,227.3,228.8,231.0,232.4,232.9,233.3,233.2,232.7,231.0,231.7,230.9,229.1,227.5,226.8,227.6,229.4,227.2,223.5,221.8,223.1,226.7,230.4,232.1,231.2,229.7,227.4,225.6,224.7,225.2,226.4,228.3,229.7,230.5,230.9,230.9,230.7,228.8,229.4,228.6,227.0,225.4,224.9,225.6,227.2,260.0,261.9,266.3,270.7,272.5,271.0,266.2,261.8,255.3,257.4,260.6,264.9,269.8,274.0,277.2,273.8,269.3,264.8,260.8,257.5,264.6,266.5,268.4,269.2,268.4,266.5,264.6,263.8,326.8,328.5,333.1,337.8,339.9,338.2,333.6,328.6,322.9,325.3,328.9,333.8,339.0,343.5,346.9,343.6,339.3,334.6,329.9,325.8,331.5,333.6,335.6,336.3,335.4,333.3,331.3,330.6,-4.2,-8.5,-10.5,-8.9,-4.7,0.0,1.6,0.0,-2.0,-4.3,-6.0,-6.9,-6.4,-4.8,-2.4,-0.9,-0.3,0.1,0.1,-0.5,-2.3,-1.6,-2.5,-4.4,-6.2,-6.9,-6.1,-4.2,-6.8,-11.1,-13.2,-11.7,-7.5,-3.2,-1.2,-2.3,-4.0,-6.7,-8.7,-9.8,-9.3,-7.9,-5.7,-4.0,-3.1,-2.7,-2.6,-2.8,-5.0,-4.4,-5.2,-7.1,-8.9,-9.6,-8.7,-6.8,656.8,657.6,658.4,658.6,658.1,657.5,656.5,656.3,660.1,657.9,656.1,655.6,656.6,658.4,660.3,658.2,656.1,655.2,655.8,657.7,657.7,657.8,658.1,658.5,658.7,658.7,658.3,657.9,692.7,694.0,695.7,696.8,696.7,695.4,693.7,692.7,692.9,692.3,692.2,693.3,695.8,699.2,702.4,698.9,695.5,693.1,692.0,692.2,694.5,695.0,695.8,696.3,696.4,695.9,695.1,694.6,367.9,29.5,824.6,0.006,0.106,-0.083
114,0,1656521710.816,0.98,1,-0.092496,0.073064,-0.993029,-0.241702,0.070544,-0.967783,-0.169,0.073,560.3,561.7,565.4,569.3,571.1,570.0,566.1,562.1,554.8,557.4,561.0,565.2,569.3,572.4,574.6,572.4,569.0,565.2,561.3,557.6,564.1,565.8,567.4,568.0,567.2,565.5,563.9,563.3,605.9,606.9,610.1,613.7,615.5,614.5,611.3,607.4,602.4,604.7,607.8,611.7,615.1,617.6,619.1,617.8,615.5,612.5,608.9,605.2,609.2,610.7,612.2,612.6,611.8,610.2,608.8,608.4,229.3,225.4,223.6,225.0,228.9,233.2,234.6,233.2,231.3,229.2,227.7,226.8,227.3,228.8,231.0,232.4,232.9,233.3,233.2,232.6,231.0,231.7,230.9,229.2,227.5,226.9,227.6,229.4,227.4,223.6,221.9,223.2,226.8,230.5,232.2,231.2,229.8,227.5,225.7,224.8,225.3,226.5,228.4,229.8,230.6,231.0,231.0,230.8,228.9,229.5,228.8,227.1,225.6,225.0,225.7,227.4,261.0,262.8,267.2,271.6,273.4,272.0,267.2,262.8,256.2,258.3,261.5,265.9,270.8,274.9,278.2,274.8,270.3,265.8,261.7,258.4,265.5,267.4,269.3,270.2,269.4,267.4,265.5,264.7,328.6,330.3,334.9,339.6,341.7,339.9,335.3,330.4,324.7,327.0,330.6,335.5,340.7,345.3,348.7,345.4,341.1,336.4,331.7,327.6,333.3,335.3,337.3,338.1,337.2,335.1,333.1,332.3,-4.2,-8.5,-10.5,-8.9,-4.7,0.0,1.6,0.0,-2.0,-4.3,-6.0,-6.9,-6.4,-4.7,-2.3,-0.9,-0.3,0.1,0.0,-0.6,-2.3,-1.6,-2.5,-4.4,-6.2,-6.9,-6.1,-4.2,-6.7,-11.0,-13.1,-11.5,-7.4,-3.0,-1.1,-2.2,-3.9,-6.6,-8.6,-9.6,-9.1,-7.7,-5.5,-3.9,-3.0,-2.6,-2.5,-2.7,-4.9,-4.2,-5.1,-7.0,-8.8,-9.5,-8.6,-6.7,658.5,659.4,660.2,660.5,660.0,659.3,658.3,658.0,661.8,659.6,657.9,657.4,658.5,660.3,662.2,660.1,657.9,657.0,657.6,659.4,659.5,659.6,660.0,660.4,660.6,660.5,660.1,659.7,696.3,697.6,699.3,700.4,700.3,699.0,697.3,696.3,696.6,695.9,695.9,696.9,699.4,702.8,706.0,702.5,699.1,696.7,695.6,695.8,698.1,698.6,699.4,699.9,700.0,699.5,698.8,698.2,368.0,29.6,824.5,0.004,0.102,-0.079
115,0,1656521710.850,0.98,1,-0.093836,0.074318,-0.992810,-0.240762,0.072257,-0.967891,-0.169,0.075,560.3,561.6,565.3,569.3,571.1,570.0,566.0,562.1,554.7,557.4,561.0,565.2,569.2,572.4,574.6,572.3,569.0,565.2,561.3,557.6,564.0,565.8,567.4,568.0,567.2,565.5,563.8,563.2,605.9,606.9,610.1,613.7,615.6,614.6,611.3,607.5,602.4,604.7,607.9,611.7,615.1,617.6,619.2,617.8,615.5,612.5,608.9,605.2,609.2,610.8,612.2,612.6,611.8,610.2,608.8,608.4,229.2,225.3,223.5,224.9,228.8,233.0,234.5,233.1,231.2,229.1,227.6,226.7,227.2,228.7,230.9,232.2,232.8,233.1,233.1,232.5,230.9,231.6,230.8,229.1,227.4,226.7,227.5,229.3,227.2,223.5,221.8,223.1,226.7,230.4,232.1,231.1,229.6,227.3,225.6,224.7,225.2,226.4,228.3,229.7,230.4,230.8,230.8,230.6,228.8,229.3,228.6,227.0,225.4,224.8,225.6,227.2,261.3,263.2,267.6,272.0,273.8,272.3,267.5,263.1,256.5,258.6,261.9,266.2,271.1,275.3,278.5,275.1,270.6,266.1,262.0,258.7,265.8,267.8,269.7,270.5,269.7,267.8,265.9,265.1,328.9,330.7,335.2,339.9,342.0,340.3,335.7,330.7,325.0,327.4,331.0,335.9,341.1,345.6,349.0,345.7,341.4,336.7,332.0,327.9,333.6,335.7,337.7,338.4,337.5,335.5,333.5,332.7,-4.3,-8.6,-10.6,-9.0,-4.8,-0.1,1.5,-0.1,-2.1,-4.4,-6.1,-7.0,-6.5,-4.9,-2.5,-1.0,-0.4,-0.0,-0.1,-0.7,-2.4,-1.7,-2.6,-4.5,-6.3,-7.0,-6.2,-4.3,-6.9,-11.2,-13.2,-11.7,-7.6,-3.2,-1.2,-2.4,-4.1,-6.8,-8.8,-9.8,-9.3,-7.9,-5.7,-4.1,-3.2,-2.8,-2.7,-2.9,-5.1,-4.4,-5.3,-7.2,-9.0,-9.7,-8.8,-6.9,659.5,660.4,661.2,661.4,660.9,660.2,659.2,659.0,662.7,660.6,658.8,658.3,659.4,661.2,663.1,661.0,658.9,657.9,658.5,660.3,660.5,660.5,660.9,661.3,661.5,661.4,661.1,660.7,696.9,698.2,699.9,701.1,700.9,699.6,697.9,696.9,697.2,696.6,696.5,697.5,700.1,703.4,706.6,703.1,699.8,697.3,696.2,696.5,698.8,699.3,700.0,700.6,700.6,700.1,699.4,698.8,366.9,29.4,822.2,0.004,0.101,-0.079
116,0,1656521710.883,0.98,1,-0.094381,0.074320,-0.992758,-0.240849,0.071383,-0.967934,-0.169,0.074,560.3,561.7,565.4,569.4,571.2,570.1,566.1,562.2,554.8,557.5,561.1,565.3,569.3,572.5,574.7,572.4,569.1,565.3,561.3,557.7,564.1,565.8,567.5,568.1,567.3,565.5,563.9,563.3,606.0,607.0,610.2,613.8,615.7,614.7,611.4,607.5,602.5,604.8,607.9,611.8,615.2,617.7,619.3,617.9,615.6,612.6,609.0,605.3,609.3,610.9,612.3,612.7,611.9,610.3,608.9,608.5,229.3,225.3,223.5,225.0,228.8,233.1,234.6,233.1,231.2,229.1,227.6,226.7,227.2,228.8,231.0,232.3,232.8,233.2,233.1,232.6,231.0,231.6,230.8,229.1,227.4,226.8,227.5,229.3,227.3,223.5,221.8,223.2,226.7,230.5,232.2,231.2,229.7,227.4,225.6,224.8,225.2,226.5,228.4,229.8,230.5,230.9,230.9,230.7,228.9,229.4,228.7,227.1,225.5,224.9,225.7,227.3,260.5,262.4,266.8,271.2,272.9,271.5,266.7,262.3,255.8,257.8,261.1,265.4,270.3,274.5,277.7,274.3,269.8,265.3,261.2,257.9,265.0,266.9,268.9,269.7,268.9,267.0,265.1,264.2,327.3,329.1,333.7,338.4,340.5,338.7,334.1,329.1,323.4,325.8,329.4,334.3,339.5,344.0,347.5,344.2,339.9,335.1,330.5,326.4,332.0,334.1,336.1,336.9,335.9,333.9,331.9,331.1,-4.3,-8.6,-10.6,-9.0,-4.8,-0.1,1.5,-0.0,-2.1,-4.4,-6.1,-7.0,-6.5,-4.8,-2.4,-0.9,-0.4,0.0,-0.0,-0.6,-2.4,-1.7,-2.5,-4.5,-6.3,-7.0,-6.1,-4.2,-6.8,-11.1,-13.1,-11.6,-7.4,-3.1,-1.1,-2.3,-3.9,-6.6,-8.7,-9.7,-9.2,-7.8,-5.6,-3.9,-3.0,-2.6,-2.6,-2.8,-5.0,-4.3,-5.2,-7.1,-8.9,-9.5,-8.7,-6.8,657.3,658.2,658.9,659.1,658.6,658.0,657.0,656.8,660.6,658.4,656.6,656.1,657.2,659.0,660.8,658.7,656.6,655.7,656.3,658.2,658.2,658.3,658.7,659.1,659.3,659.2,658.9,658.5,693.4,694.7,696.5,697.6,697.5,696.2,694.5,693.4,693.7,693.1,693.0,694.1,696.6,700.0,703.2,699.7,696.3,693.8,692.7,692.9,695.3,695.8,696.5,697.1,697.2,696.7,695.9,695.3,367.4,29.5,822.9,0.005,0.102,-0.080
117,0,1656521710.916,0.98,1,-0.096472,0.072482,-0.992693,-0.241665,0.069458,-0.967871,-0.171,0.072,560.3,561.6,565.4,569.3,571.1,570.0,566.0,562.1,554.7,557.4,561.0,565.2,569.2,572.4,574.6,572.3,569.0,565.2,561.2,557.6,564.0,565.8,567.4,568.0,567.2,565.5,563.8,563.2,606.0,606.9,610.2,613.8,615.6,614.6,611.4,607.5,602.4,604.8,607.9,611.8,615.2,617.7,619.2,617.9,615.6,612.6,609.0,605.3,609.3,610.8,612.3,612.7,611.9,610.3,608.9,608.4,229.2,225.2,223.4,224.9,228.7,233.0,234.5,233.0,231.2,229.0,227.5,226.7,227.2,228.7,230.9,232.2,232.7,233.1,233.0,232.5,230.9,231.5,230.7,229.0,227.3,226.7,227.5,229.2,227.2,223.5,221.8,223.1,226.7,230.4,232.1,231.1,229.6,227.3,225.5,224.7,225.2,226.4,228.3,229.7,230.4,230.8,230.8,230.6,228.8,229.4,228.6,227.0,225.4,224.8,225.6,227.2,260.9,262.7,267.1,271.5,273.3,271.9,267.1,262.7,256.2,258.2,261.5,265.8,270.7,274.8,278.1,274.7,270.2,265.7,261.6,258.3,265.4,267.3,269.3,270.1,269.3,267.4,265.4,264.6,327.8,329.6,334.1,338.8,340.9,339.2,334.6,329.6,323.9,326.3,329.9,334.8,340.0,344.5,347.9,344.6,340.3,335.6,330.9,326.8,332.5,334.6,336.6,337.3,336.4,334.4,332.4,331.6,-4.3,-8.7,-10.7,-9.1,-4.9,-0.2,1.4,-0.1,-2.2,-4.5,-6.2,-7.1,-6.6,-4.9,-2.5,-1.1,-0.5,-0.1,-0.1,-0.7,-2.5,-1.8,-2.7,-4.6,-6.4,-7.1,-6.2,-4.3,-6.9,-11.2,-13.2,-11.7,-7.5,-3.2,-1.2,-2.4,-4.1,-6.8,-8.8,-9.8,-9.3,-7.9,-5.7,-4.0,-3.1,-2.7,-2.7,-2.9,-5.1,-4.4,-5.3,-7.2,-9.0,-9.7,-8.8,-6.9,658.4,659.3,660.1,660.3,659.8,659.2,658.1,657.9,661.8,659.6,657.8,657.3,658.3,660.1,662.0,659.9,657.8,656.9,657.5,659.3,659.4,659.5,659.8,660.2,660.4,660.4,660.0,659.6,694.5,695.8,697.5,698.6,698.5,697.2,695.5,694.5,694.7,694.1,694.1,695.1,697.6,701.0,704.2,700.7,697.3,694.9,693.8,694.0,696.3,696.8,697.6,698.1,698.2,697.7,697.0,696.4,367.1,29.4,822.4,0.002,0.104,-0.080
118,0,1656521710.950,0.98,1,-0.094919,0.074584,-0.992687,-0.243071,0.072199,-0.967318,-0.171,0.075,560.3,561.6,565.4,569.3,571.2,570.1,566.1,562.1,554.7,557.4,561.0,565.2,569.3,572.5,574.7,572.4,569.1,565.2,561.3,557.6,564.1,565.8,567.4,568.0,567.2,565.5,563.9,563.3,605.9,606.9,610.2,613.8,615.6,614.6,611.4,607.5,602.4,604.7,607.9,611.7,615.2,617.7,619.3,617.9,615.6,612.6,608.9,605.3,609.2,610.8,612.2,612.7,611.9,610.3,608.9,608.4,229.3,225.3,223.5,225.0,228.8,233.1,234.6,233.2,231.3,229.1,227.6,226.8,227.3,228.8,231.0,232.3,232.9,233.2,233.2,232.6,231.0,231.6,230.9,229.1,227.4,226.8,227.6,229.3,227.3,223.5,221.8,223.1,226.7,230.5,232.2,231.2,229.7,227.4,225.6,224.7,225.2,226.4,228.3,229.7,230.5,230.9,230.9,230.7,228.8,229.4,228.7,227.0,225.5,224.9,225.6,227.3,260.0,261.8,266.2,270.6,272.4,271.0,266.2,261.8,255.3,257.3,260.6,264.9,269.8,274.0,277.2,273.8,269.3,264.8,260.7,257.5,264.5,266.4,268.4,269.2,268.4,266.5,264.5,263.7,327.6,329.3,333.8,338.6,340.6,338.9,334.3,329.4,323.6,326.0,329.6,334.5,339.7,344.2,347.7,344.4,340.1,335.3,330.7,326.6,332.2,334.3,336.3,337.1,336.1,334.1,332.1,331.3,-4.2,-8.6,-10.5,-8.9,-4.7,-0.0,1.6,-0.0,-2.1,-4.4,-6.0,-7.0,-6.4,-4.8,-2.4,-0.9,-0.3,0.1,0.0,-0.6,-2.4,-1.7,-2.5,-4.4,-6.3,-7.0,-6.1,-4.2,-6.8,-11.1,-13.1,-11.6,-7.5,-3.1,-1.1,-2.3,-3.9,-6.7,-8.7,-9.7,-9.2,-7.8,-5.7,-4.0,-3.1,-2.6,-2.6,-2.8,-5.0,-4.3,-5.2,-7.1,-8.9,-9.6,-8.7,-6.8,656.1,657.0,657.8,658.0,657.5,656.9,655.8,655.6,659.4,657.3,655.5,655.0,656.0,657.8,659.7,657.6,655.5,654.6,655.2,657.0,657.1,657.2,657.5,657.9,658.1,658.0,657.7,657.3,694.0,695.2,696.9,698.1,697.9,696.7,695.0,694.0,694.2,693.6,693.5,694.5,697.1,700.4,703.6,700.2,696.8,694.3,693.2,693.5,695.8,696.3,697.0,697.6,697.6,697.1,696.4,695.9,368.3,29.5,825.0,0.006,0.103,-0.081
119,0,1656521710.983,0.98,1,-0.097018,0.074083,-0.992522,-0.242174,0.071959,-0.967561,-0.171,0.074,560.3,561.6,565.4,569.3,571.2,570.1,566.1,562.1,554.8,557.4,561.0,565.2,569.3,572.4,574.7,572.4,569.1,565.2,561.3,557.6,564.1,565.8,567.4,568.0,567.2,565.5,563.9,563.3,605.9,606.9,610.1,613.7,615.6,614.6,611.3,607.5,602.4,604.7,607.9,611.7,615.1,617.6,619.2,617.8,615.6,612.5,608.9,605.2,609.2,610.8,612.2,612.6,611.8,610.2,608.8,608.4,229.2,225.2,223.4,224.9,228.7,233.0,234.5,233.1,231.2,229.1,227.5,226.7,227.2,228.7,230.9,232.2,232.8,233.2,233.1,232.6,230.9,231.6,230.8,229.0,227.3,226.7,227.5,229.2,227.2,223.4,221.7,223.0,226.6,230.3,232.1,231.1,229.6,227.3,225.5,224.6,225.1,226.3,228.2,229.6,230.4,230.8,230.8,230.6,228.7,229.3,228.6,226.9,225.3,224.8,225.5,227.2,260.6,262.4,266.8,271.2,273.0,271.5,266.7,262.4,255.9,257.9,261.1,265.4,270.3,274.5,277.7,274.4,269.9,265.3,261.3,258.0,265.1,267.0,268.9,269.7,268.9,267.0,265.1,264.3,327.5,329.2,333.8,338.5,340.6,338.8,334.3,329.3,323.6,326.0,329.5,334.4,339.6,344.2,347.6,344.3,340.0,335.3,330.6,326.5,332.2,334.2,336.2,337.0,336.1,334.0,332.0,331.3,-4.3,-8.7,-10.6,-9.0,-4.8,-0.1,1.5,-0.1,-2.2,-4.5,-6.1,-7.1,-6.5,-4.9,-2.5,-1.0,-0.4,0.0,-0.0,-0.7,-2.5,-1.8,-2.6,-4.5,-6.4,-7.1,-6.2,-4.3,-6.9,-11.2,-13.3,-11.8,-7.6,-3.3,-1.3,-2.4,-4.1,-6.8,-8.9,-9.9,-9.4,-8.0,-5.8,-4.1,-3.2,-2.7,-2.7,-2.9,-5.1,-4.5,-5.3,-7.2,-9.0,-9.7,-8.8,-6.9,657.5,658.4,659.1,659.3,658.8,658.2,657.2,657.0,660.8,658.7,656.9,656.3,657.4,659.1,661.0,658.9,656.9,656.0,656.6,658.4,658.5,658.6,658.9,659.3,659.5,659.4,659.1,658.7,693.9,695.2,696.9,698.1,698.0,696.7,695.0,694.0,694.2,693.6,693.5,694.5,697.1,700.4,703.7,700.2,696.8,694.3,693.2,693.5,695.8,696.3,697.0,697.6,697.6,697.1,696.4,695.8,368.1,29.4,824.5,0.006,0.104,-0.081
120,0,1656521711.017,0.98,1,-0.093639,0.071291,-0.993051,-0.237400,0.069038,-0.968956,-0.167,0.071,560.3,561.7,565.4,569.3,571.2,570.1,566.1,562.1,554.8,557.4,561.0,565.2,569.3,572.4,574.7,572.4,569.1,565.2,561.3,557.6,564.1,565.8,567.4,568.0,567.2,565.5,563.9,563.3,606.0,606.9,610.2,613.8,615.6,614.6,611.4,607.5,602.5,604.8,607.9,611.8,615.2,617.7,619.2,617.9,615.6,612.6,609.0,605.3,609.3,610.8,612.2,612.7,611.9,610.3,608.9,608.4,229.3,225.3,223.6,225.0,228.8,233.1,234.6,233.2,231.3,229.2,227.6,226.8,227.3,228.8,231.0,232.3,232.9,233.3,233.2,232.6,231.0,231.6,230.9,229.1,227.4,226.8,227.6,229.3,227.3,223.5,221.8,223.1,226.7,230.4,232.2,231.2,229.7,227.4,225.6,224.7,225.2,226.4,228.3,229.7,230.5,230.9,230.9,230.7,228.8,229.4,228.7,227.0,225.5,224.9,225.6,227.3,260.9,262.7,267.1,271.5,273.3,271.9,267.1,262.7,256.2,258.2,261.5,265.8,270.7,274.9,278.1,274.7,270.2,265.7,261.6,258.4,265.4,267.4,269.3,270.1,269.3,267.4,265.4,264.6,327.6,329.3,333.8,338.6,340.7,338.9,334.3,329.4,323.6,326.0,329.6,334.5,339.7,344.2,347.6,344.4,340.1,335.4,330.7,326.6,332.2,334.3,336.3,337.1,336.1,334.1,332.1,331.3,-4.2,-8.6,-10.5,-8.9,-4.7,-0.0,1.6,0.0,-2.1,-4.4,-6.0,-7.0,-6.4,-4.8,-2.4,-0.9,-0.3,0.1,0.0,-0.6,-2.3,-1.7,-2.5,-4.4,-6.3,-7.0,-6.1,-4.2,-6.8,-11.1,-13.1,-11.6,-7.5,-3.1,-1.2,-2.3,-4.0,-6.7,-8.7,-9.7,-9.2,-7.8,-5.7,-4.0,-3.1,-2.6,-2.6,-2.8,-5.0,-4.3,-5.2,-7.1,-8.9,-9.6,-8.7,-6.8,658.3,659.2,659.9,660.1,659.7,659.0,658.0,657.8,661.6,659.5,657.7,657.1,658.2,660.0,661.9,659.8,657.7,656.8,657.4,659.2,659.3,659.4,659.7,660.1,660.3,660.2,659.9,659.5,693.9,695.2,696.9,698.1,698.0,696.7,695.0,693.9,694.1,693.5,693.5,694.6,697.1,700.5,703.7,700.2,696.8,694.3,693.2,693.4,695.8,696.3,697.0,697.6,697.7,697.1,696.4,695.8,367.2,29.4,822.2,-0.001,0.101,-0.083
121,0,1656521711.050,0.98,1,-0.095465,0.074406,-0.992648,-0.241145,0.071931,-0.967820,-0.170,0.075,560.4,561.8,565.5,569.5,571.3,570.2,566.2,562.3,554.9,557.6,561.2,565.3,569.4,572.6,574.8,572.5,569.2,565.4,561.4,557.8,564.2,565.9,567.6,568.2,567.4,565.6,564.0,563.4,606.0,607.0,610.3,613.9,615.7,614.7,611.5,607.6,602.5,604.9,608.0,611.8,615.3,617.7,619.3,618.0,615.7,612.6,609.0,605.4,609.3,610.9,612.3,612.8,611.9,610.4,609.0,608.5,229.3,225.3,223.6,225.0,228.8,233.1,234.6,233.2,231.3,229.2,227.7,226.8,227.3,228.8,231.0,232.3,232.9,233.2,233.2,232.6,231.0,231.6,230.9,229.1,227.4,226.8,227.6,229.3,227.3,223.6,221.8,223.2,226.7,230.5,232.2,231.2,229.7,227.4,225.6,224.8,225.2,226.5,228.3,229.8,230.5,230.9,230.9,230.7,228.9,229.4,228.7,227.1,225.5,224.9,225.7,227.3,261.4,263.2,267.6,272.0,273.8,272.3,267.6,263.2,256.6,258.7,261.9,266.2,271.1,275.3,278.5,275.2,270.7,266.1,262.1,258.8,265.9,267.8,269.7,270.5,269.7,267.8,265.9,265.1,328.8,330.5,335.1,339.8,341.9,340.1,335.5,330.6,324.9,327.3,330.8,335.7,341.0,345.5,348.9,345.6,341.3,336.6,331.9,327.8,333.5,335.5,337.5,338.3,337.4,335.3,333.3,332.6,-4.2,-8.6,-10.5,-9.0,-4.7,-0.0,1.6,0.0,-2.1,-4.4,-6.0,-6.9,-6.4,-4.8,-2.4,-0.9,-0.3,0.1,0.0,-0.6,-2.4,-1.7,-2.5,-4.4,-6.3,-7.0,-6.1,-4.2,-6.8,-11.1,-13.1,-11.6,-7.5,-3.1,-1.1,-2.3,-4.0,-6.7,-8.7,-9.7,-9.2,-7.8,-5.6,-4.0,-3.1,-2.6,-2.6,-2.8,-5.0,-4.3,-5.2,-7.1,-8.9,-9.6,-8.7,-6.8,659.1,660.0,660.7,660.9,660.4,659.8,658.8,658.6,662.4,660.3,658.5,657.9,659.0,660.7,662.6,660.5,658.5,657.6,658.2,660.0,660.1,660.2,660.5,660.9,661.1,661.0,660.7,660.3,696.3,697.6,699.3,700.4,700.3,699.1,697.4,696.3,696.6,696.0,695.9,696.9,699.5,702.8,706.0,702.6,699.2,696.7,695.6,695.8,698.2,698.7,699.4,700.0,700.0,699.5,698.8,698.2,368.4,29.5,824.8,0.003,0.103,-0.081
122,0,1656521711.083,0.98,1,-0.094967,0.072677,-0.992824,-0.241280,0.070455,-0.967895,-0.170,0.073,560.4,561.8,565.5,569.5,571.3,570.2,566.2,562.3,554.9,557.6,561.2,565.3,569.4,572.6,574.8,572.5,569.2,565.4,561.4,557.8,564.2,565.9,567.6,568.2,567.4,565.6,564.0,563.4,606.0,607.0,610.2,613.8,615.7,614.7,611.4,607.6,602.5,604.8,608.0,611.8,615.2,617.7,619.3,617.9,615.7,612.6,609.0,605.3,609.3,610.9,612.3,612.7,611.9,610.3,608.9,608.5,229.2,225.3,223.5,224.9,228.8,233.1,234.5,233.1,231.2,229.1,227.6,226.7,227.2,228.7,230.9,232.3,232.8,233.2,233.1,232.6,230.9,231.6,230.8,229.1,227.4,226.7,227.5,229.3,227.3,223.6,221.9,223.2,226.8,230.5,232.2,231.2,229.7,227.4,225.6,224.8,225.3,226.5,228.4,229.8,230.6,230.9,230.9,230.7,228.9,229.5,228.7,227.1,225.5,224.9,225.7,227.3,260.8,262.6,267.0,271.4,273.2,271.7,266.9,262.6,256.0,258.1,261.3,265.7,270.5,274.7,277.9,274.6,270.1,265.5,261.5,258.2,265.3,267.2,269.1,269.9,269.2,267.2,265.3,264.5,328.1,329.9,334.4,339.1,341.2,339.4,334.9,329.9,324.2,326.6,330.2,335.1,340.3,344.8,348.2,344.9,340.6,335.9,331.2,327.1,332.8,334.8,336.8,337.6,336.7,334.6,332.6,331.9,-4.3,-8.6,-10.6,-9.0,-4.8,-0.1,1.5,-0.1,-2.1,-4.4,-6.1,-7.0,-6.5,-4.8,-2.5,-1.0,-0.4,0.0,-0.0,-0.7,-2.4,-1.7,-2.6,-4.5,-6.3,-7.0,-6.2,-4.3,-6.8,-11.1,-13.1,-11.6,-7.4,-3.1,-1.1,-2.3,-3.9,-6.6,-8.7,-9.7,-9.2,-7.8,-5.6,-3.9,-3.0,-2.6,-2.6,-2.8,-5.0,-4.3,-5.2,-7.1,-8.9,-9.5,-8.7,-6.8,657.6,658.5,659.3,659.5,659.0,658.4,657.3,657.1,660.9,658.8,657.0,656.5,657.5,659.3,661.2,659.1,657.0,656.1,656.7,658.5,658.6,658.7,659.0,659.4,659.6,659.6,659.2,658.8,695.0,696.3,698.0,699.1,699.0,697.7,696.0,695.0,695.2,694.6,694.5,695.6,698.1,701.5,704.7,701.2,697.8,695.3,694.2,694.5,696.8,697.3,698.0,698.6,698.7,698.2,697.4,696.9,367.9,29.4,823.8,0.002,0.102,-0.078
123,0,1656521711.116,0.98,1,-0.097808,0.075394,-0.992345,-0.244497,0.072716,-0.966920,-0.173,0.075,560.4,561.8,565.5,569.4,571.3,570.2,566.2,562.2,554.9,557.5,561.1,565.3,569.4,572.6,574.8,572.5,569.2,565.3,561.4,557.7,564.2,565.9,567.5,568.1,567.3,565.6,564.0,563.4,606.0,607.0,610.2,613.8,615.7,614.7,611.4,607.6,602.5,604.8,608.0,611.8,615.2,617.7,619.3,618.0,615.7,612.6,609.0,605.3,609.3,610.9,612.3,612.7,611.9,610.3,608.9,608.5,229.2,225.3,223.5,224.9,228.8,233.1,234.5,233.1,231.2,229.1,227.6,226.7,227.2,228.7,230.9,232.3,232.8,233.2,233.1,232.5,230.9,231.6,230.8,229.0,227.4,226.7,227.5,229.3,227.2,223.5,221.8,223.1,226.7,230.4,232.1,231.1,229.7,227.3,225.6,224.7,225.2,226.4,228.3,229.7,230.5,230.8,230.8,230.7,228.8,229.4,228.6,227.0,225.4,224.9,225.6,227.2,261.0,262.8,267.2,271.6,273.4,272.0,267.2,262.8,256.3,258.3,261.6,265.9,270.8,274.9,278.2,274.8,270.3,265.8,261.7,258.5,265.5,267.4,269.4,270.2,269.4,267.5,265.5,264.7,327.9,329.6,334.2,338.9,341.0,339.2,334.6,329.7,324.0,326.4,329.9,334.8,340.0,344.6,348.0,344.7,340.4,335.7,331.0,326.9,332.6,334.6,336.6,337.4,336.5,334.4,332.4,331.7,-4.3,-8.6,-10.6,-9.0,-4.8,-0.1,1.5,-0.1,-2.2,-4.5,-6.1,-7.0,-6.5,-4.9,-2.5,-1.0,-0.4,0.0,-0.1,-0.7,-2.4,-1.7,-2.6,-4.5,-6.4,-7.0,-6.2,-4.3,-6.8,-11.2,-13.2,-11.7,-7.5,-3.2,-1.2,-2.3,-4.0,-6.7,-8.8,-9.8,-9.3,-7.9,-5.7,-4.0,-3.1,-2.7,-2.7,-2.9,-5.0,-4.4,-5.2,-7.1,-9.0,-9.6,-8.8,-6.9,658.3,659.1,659.9,660.1,659.6,659.0,658.0,657.8,661.6,659.4,657.6,657.1,658.2,659.9,661.8,659.7,657.6,656.7,657.4,659.2,659.3,659.3,659.7,660.0,660.3,660.2,659.8,659.5,694.6,695.8,697.5,698.6,698.5,697.2,695.5,694.5,694.8,694.2,694.1,695.1,697.6,701.0,704.2,700.7,697.3,694.9,693.8,694.1,696.4,696.9,697.6,698.2,698.2,697.7,697.0,696.4,368.2,29.4,824.6,0.006,0.106,-0.080
124,0,1656521711.150,0.98,1,-0.096555,0.073358,-0.992621,-0.243508,0.070614,-0.967325,-0.172,0.073,560.4,561.8,565.5,569.5,571.3,570.2,566.2,562.2,554.9,557.5,561.2,565.3,569.4,572.6,574.8,572.5,569.2,565.3,561.4,557.7,564.2,565.9,567.6,568.2,567.4,565.6,564.0,563.4,606.0,607.0,610.3,613.9,615.7,614.7,611.5,607.6,602.5,604.8,608.0,611.8,615.3,617.8,619.3,618.0,615.7,612.6,609.0,605.4,609.3,610.9,612.3,612.8,612.0,610.4,609.0,608.5,229.4,225.4,223.6,225.0,228.9,233.2,234.7,233.2,231.3,229.2,227.7,226.8,227.3,228.8,231.0,232.4,233.0,233.3,233.3,232.7,231.1,231.7,230.9,229.2,227.5,226.8,227.6,229.4,227.4,223.6,221.9,223.2,226.8,230.5,232.3,231.3,229.8,227.5,225.7,224.8,225.3,226.5,228.4,229.8,230.6,231.0,231.0,230.8,228.9,229.5,228.8,227.1,225.6,225.0,225.7,227.4,260.5,262.3,266.7,271.1,272.9,271.4,266.7,262.3,255.8,257.8,261.0,265.4,270.2,274.4,277.6,274.3,269.8,265.2,261.2,258.0,265.0,266.9,268.8,269.6,268.9,266.9,265.0,264.2,328.1,329.8,334.4,339.1,341.2,339.4,334.8,329.9,324.2,326.5,330.1,335.0,340.2,344.8,348.2,344.9,340.6,335.9,331.2,327.1,332.8,334.8,336.8,337.6,336.7,334.6,332.6,331.9,-4.1,-8.5,-10.5,-8.9,-4.7,0.0,1.6,0.1,-2.0,-4.3,-6.0,-6.9,-6.4,-4.7,-2.3,-0.8,-0.2,0.2,0.1,-0.5,-2.3,-1.6,-2.5,-4.4,-6.2,-6.9,-6.0,-4.1,-6.7,-11.0,-13.0,-11.5,-7.4,-3.0,-1.0,-2.2,-3.9,-6.6,-8.6,-9.7,-9.1,-7.8,-5.5,-3.9,-2.9,-2.5,-2.5,-2.7,-4.9,-4.2,-5.1,-7.0,-8.8,-9.5,-8.6,-6.7,656.9,657.8,658.5,658.7,658.2,657.7,656.7,656.5,660.3,658.1,656.3,655.8,656.8,658.6,660.4,658.4,656.3,655.4,656.0,657.9,657.9,658.0,658.3,658.7,658.9,658.8,658.5,658.1,694.9,696.1,697.8,698.9,698.8,697.6,695.9,694.9,695.1,694.5,694.4,695.4,698.0,701.3,704.5,701.1,697.7,695.2,694.1,694.4,696.7,697.2,697.9,698.5,698.5,698.0,697.3,696.7,369.0,29.5,826.1,0.003,0.105,-0.082
125,0,1656521711.184,0.98,1,-0.095549,0.072729,-0.992764,-0.241436,0.070420,-0.967858,-0.170,0.073,560.5,561.9,565.6,569.5,571.3,570.2,566.3,562.3,555.0,557.7,561.2,565.4,569.5,572.6,574.8,572.6,569.2,565.4,561.5,557.9,564.3,566.0,567.6,568.2,567.4,565.7,564.1,563.5,606.1,607.1,610.3,613.9,615.7,614.7,611.5,607.7,602.6,604.9,608.1,611.9,615.3,617.8,619.3,618.0,615.7,612.7,609.1,605.4,609.4,611.0,612.4,612.8,612.0,610.4,609.0,608.6,229.3,225.3,223.5,225.0,228.8,233.1,234.5,233.1,231.2,229.1,227.6,226.8,227.3,228.7,230.9,232.3,232.8,233.2,233.1,232.6,231.0,231.6,230.8,229.1,227.4,226.8,227.6,229.3,227.2,223.5,221.8,223.1,226.7,230.4,232.1,231.1,229.7,227.3,225.6,224.7,225.2,226.4,228.3,229.7,230.5,230.8,230.8,230.7,228.8,229.4,228.6,227.0,225.4,224.9,225.6,227.2,262.4,264.2,268.6,273.0,274.8,273.4,268.6,264.2,257.6,259.7,262.9,267.3,272.2,276.3,279.6,276.2,271.7,267.2,263.1,259.8,266.9,268.8,270.8,271.6,270.8,268.9,266.9,266.1,329.9,331.6,336.2,340.9,343.0,341.2,336.6,331.7,325.9,328.3,331.9,336.8,342.0,346.6,350.0,346.7,342.4,337.7,333.0,328.9,334.5,336.6,338.6,339.4,338.5,336.4,334.4,333.6,-4.3,-8.6,-10.6,-9.0,-4.8,-0.1,1.5,-0.1,-2.1,-4.4,-6.1,-7.0,-6.5,-4.9,-2.5,-1.0,-0.4,0.0,-0.1,-0.7,-2.4,-1.7,-2.6,-4.5,-6.3,-7.0,-6.2,-4.3,-6.9,-11.2,-13.2,-11.7,-7.5,-3.2,-1.2,-2.4,-4.1,-6.7,-8.8,-9.8,-9.3,-7.9,-5.7,-4.0,-3.2,-2.7,-2.7,-2.9,-5.1,-4.4,-5.3,-7.2,-9.0,-9.7,-8.8,-6.9,661.5,662.4,663.1,663.3,662.8,662.2,661.2,661.0,664.8,662.6,660.8,660.3,661.4,663.2,665.0,662.9,660.9,659.9,660.5,662.4,662.5,662.5,662.9,663.3,663.5,663.4,663.1,662.7,698.5,699.8,701.5,702.6,702.5,701.2,699.5,698.5,698.7,698.1,698.0,699.1,701.6,704.9,708.2,704.7,701.3,698.8,697.7,698.0,700.3,700.8,701.5,702.1,702.2,701.7,700.9,700.4,368.3,29.4,824.5,0.000,0.104,-0.082
126,0,1656521711.216,0.98,1,-0.095105,0.074279,-0.992692,-0.239749,0.071536,-0.968196,-0.169,0.074,560.6,561.9,565.7,569.6,571.4,570.3,566.3,562.4,555.1,557.7,561.3,565.5,569.5,572.7,574.9,572.6,569.3,565.5,561.5,557.9,564.3,566.1,567.7,568.3,567.5,565.8,564.1,563.5,606.1,607.1,610.4,614.0,615.8,614.8,611.6,607.7,602.6,605.0,608.1,612.0,615.4,617.8,619.4,618.1,615.8,612.7,609.1,605.5,609.4,611.0,612.4,612.9,612.1,610.5,609.1,608.6,229.2,225.2,223.4,224.9,228.7,233.0,234.5,233.0,231.1,229.1,227.5,226.7,227.2,228.7,230.8,232.2,232.7,233.1,233.0,232.5,230.9,231.5,230.7,229.0,227.3,226.7,227.5,229.2,227.2,223.5,221.8,223.1,226.7,230.4,232.1,231.1,229.6,227.3,225.6,224.7,225.2,226.4,228.3,229.7,230.4,230.8,230.8,230.6,228.8,229.4,228.6,227.0,225.4,224.8,225.6,227.2,261.9,263.8,268.2,272.6,274.4,272.9,268.1,263.7,257.2,259.3,262.5,266.8,271.7,275.9,279.1,275.8,271.2,266.7,262.7,259.4,266.5,268.4,270.3,271.1,270.3,268.4,266.5,265.7,328.7,330.5,335.0,339.8,341.9,340.1,335.5,330.5,324.8,327.2,330.8,335.7,340.9,345.4,348.8,345.6,341.2,336.5,331.8,327.7,333.4,335.5,337.5,338.2,337.3,335.3,333.3,332.5,-4.4,-8.7,-10.7,-9.1,-4.9,-0.2,1.4,-0.2,-2.2,-4.5,-6.1,-7.1,-6.5,-4.9,-2.6,-1.1,-0.5,-0.1,-0.2,-0.8,-2.5,-1.8,-2.7,-4.6,-6.4,-7.1,-6.3,-4.3,-6.9,-11.2,-13.2,-11.7,-7.5,-3.2,-1.2,-2.4,-4.1,-6.7,-8.7,-9.7,-9.2,-7.9,-5.7,-4.1,-3.2,-2.7,-2.7,-2.9,-5.1,-4.4,-5.3,-7.2,-9.0,-9.7,-8.8,-6.9,660.2,661.1,661.9,662.1,661.6,661.0,659.9,659.7,663.5,661.4,659.6,659.0,660.1,661.9,663.8,661.7,659.6,658.7,659.3,661.1,661.2,661.3,661.6,662.0,662.2,662.1,661.8,661.4,696.0,697.2,699.0,700.1,700.0,698.7,697.0,696.0,696.2,695.6,695.5,696.6,699.1,702.5,705.7,702.2,698.8,696.3,695.2,695.4,697.8,698.3,699.1,699.6,699.7,699.2,698.4,697.9,367.6,29.4,822.8,0.000,0.103,-0.080
127,0,1656521711.250,0.98,1,-0.091312,0.067471,-0.993534,-0.240944,0.065530,-0.968324,-0.168,0.068,560.4,561.8,565.6,569.5,571.4,570.3,566.2,562.3,554.9,557.6,561.2,565.4,569.5,572.6,574.9,572.6,569.2,565.4,561.4,557.8,564.2,566.0,567.6,568.2,567.4,565.7,564.0,563.4,606.0,607.0,610.3,613.9,615.7,614.8,611.5,607.6,602.6,604.9,608.0,611.8,615.3,617.8,619.4,618.0,615.8,612.7,609.1,605.4,609.4,610.9,612.4,612.8,612.0,610.4,609.0,608.5,229.4,225.4,223.6,225.1,228.9,233.2,234.7,233.3,231.4,229.2,227.7,226.8,227.3,228.9,231.1,232.5,233.0,233.4,233.3,232.8,231.1,231.8,231.0,229.2,227.5,226.9,227.7,229.4,227.4,223.6,221.9,223.2,226.8,230.6,232.3,231.3,229.9,227.5,225.7,224.8,225.3,226.5,228.4,229.9,230.6,231.0,231.0,230.9,229.0,229.5,228.8,227.1,225.6,225.0,225.7,227.4,259.4,261.3,265.7,270.1,271.9,270.4,265.6,261.2,254.7,256.7,260.0,264.3,269.2,273.4,276.6,273.2,268.7,264.2,260.1,256.9,264.0,265.9,267.8,268.6,267.8,265.9,264.0,263.2,326.6,328.3,332.9,337.6,339.7,337.9,333.4,328.4,322.7,325.1,328.7,333.6,338.8,343.3,346.7,343.4,339.1,334.4,329.8,325.6,331.3,333.4,335.3,336.1,335.2,333.1,331.1,330.4,-4.1,-8.4,-10.4,-8.8,-4.6,0.1,1.7,0.1,-1.9,-4.3,-5.9,-6.9,-6.3,-4.7,-2.2,-0.8,-0.2,0.2,0.2,-0.4,-2.2,-1.5,-2.4,-4.3,-6.1,-6.8,-6.0,-4.1,-6.6,-11.0,-13.0,-11.5,-7.3,-3.0,-1.0,-2.1,-3.8,-6.5,-8.6,-9.6,-9.1,-7.7,-5.5,-3.8,-2.9,-2.5,-2.5,-2.6,-4.8,-4.2,-5.1,-7.0,-8.8,-9.4,-8.5,-6.6,654.2,655.1,655.9,656.1,655.6,655.0,653.9,653.7,657.5,655.4,653.6,653.1,654.2,655.9,657.8,655.7,653.6,652.7,653.3,655.1,655.2,655.3,655.6,656.0,656.2,656.2,655.8,655.4,691.7,693.0,694.7,695.9,695.7,694.4,692.7,691.7,691.9,691.3,691.3,692.3,694.9,698.2,701.4,698.0,694.6,692.1,691.0,691.2,693.5,694.0,694.8,695.4,695.4,694.9,694.2,693.6,368.5,29.5,825.2,-0.002,0.100,-0.079
128,0,1656521711.284,0.98,1,-0.094029,0.071815,-0.992976,-0.242698,0.069165,-0.967633,-0.170,0.072,560.5,561.8,565.6,569.5,571.3,570.2,566.2,562.3,554.9,557.6,561.2,565.4,569.4,572.6,574.8,572.5,569.2,565.4,561.4,557.8,564.2,565.9,567.6,568.2,567.4,565.7,564.0,563.4,606.0,607.0,610.3,613.9,615.7,614.7,611.5,607.6,602.5,604.9,608.0,611.8,615.3,617.8,619.3,618.0,615.7,612.6,609.0,605.4,609.3,610.9,612.3,612.8,612.0,610.4,609.0,608.5,229.2,225.3,223.5,224.9,228.8,233.1,234.5,233.1,231.2,229.1,227.6,226.7,227.2,228.7,230.9,232.3,232.8,233.2,233.1,232.5,230.9,231.6,230.8,229.1,227.4,226.7,227.5,229.3,227.3,223.6,221.9,223.2,226.8,230.5,232.2,231.2,229.8,227.4,225.7,224.8,225.3,226.5,228.4,229.8,230.6,230.9,230.9,230.8,228.9,229.5,228.7,227.1,225.5,225.0,225.7,227.3,261.2,263.0,267.4,271.8,273.6,272.1,267.3,263.0,256.4,258.5,261.7,266.1,271.0,275.1,278.3,275.0,270.5,265.9,261.9,258.6,265.7,267.6,269.5,270.4,269.6,267.6,265.7,264.9,328.5,330.3,334.9,339.6,341.6,339.9,335.3,330.3,324.6,327.0,330.6,335.5,340.7,345.2,348.7,345.4,341.0,336.3,331.6,327.5,333.2,335.3,337.3,338.1,337.2,335.1,333.1,332.3,-4.3,-8.7,-10.6,-9.0,-4.8,-0.1,1.5,-0.1,-2.2,-4.5,-6.1,-7.0,-6.5,-4.9,-2.5,-1.0,-0.4,0.0,-0.1,-0.7,-2.4,-1.7,-2.6,-4.5,-6.3,-7.0,-6.2,-4.3,-6.7,-11.1,-13.1,-11.5,-7.4,-3.1,-1.1,-2.2,-3.9,-6.6,-8.7,-9.7,-9.1,-7.7,-5.5,-3.9,-3.0,-2.6,-2.6,-2.8,-4.9,-4.3,-5.1,-7.0,-8.8,-9.5,-8.6,-6.7,658.6,659.5,660.3,660.5,660.0,659.4,658.3,658.1,661.9,659.7,658.0,657.5,658.5,660.3,662.2,660.1,658.0,657.1,657.7,659.5,659.6,659.7,660.0,660.4,660.6,660.5,660.2,659.8,695.8,697.1,698.8,699.9,699.8,698.5,696.8,695.8,696.1,695.5,695.4,696.4,699.0,702.3,705.5,702.0,698.6,696.2,695.1,695.3,697.7,698.1,698.9,699.5,699.5,699.0,698.3,697.7,368.3,29.4,825.0,0.002,0.103,-0.077
129,0,1656521711.317,0.98,1,-0.096402,0.072220,-0.992719,-0.242908,0.069409,-0.967563,-0.171,0.072,560.4,561.8,565.5,569.4,571.2,570.1,566.1,562.2,554.9,557.5,561.1,565.3,569.4,572.5,574.7,572.5,569.1,565.3,561.4,557.7,564.2,565.9,567.5,568.1,567.3,565.6,564.0,563.4,606.0,607.0,610.2,613.8,615.7,614.7,611.4,607.6,602.5,604.8,608.0,611.8,615.2,617.7,619.3,617.9,615.6,612.6,609.0,605.3,609.3,610.9,612.3,612.7,611.9,610.3,608.9,608.5,229.3,225.3,223.5,225.0,228.8,233.1,234.6,233.1,231.2,229.1,227.6,226.8,227.3,228.8,231.0,232.3,232.8,233.2,233.1,232.6,231.0,231.6,230.8,229.1,227.4,226.8,227.6,229.3,227.3,223.6,221.9,223.2,226.8,230.5,232.2,231.2,229.7,227.4,225.6,224.8,225.3,226.5,228.4,229.8,230.5,230.9,230.9,230.7,228.9,229.5,228.7,227.1,225.5,224.9,225.7,227.3,261.5,263.3,267.7,272.1,273.9,272.4,267.6,263.3,256.7,258.8,262.0,266.4,271.2,275.4,278.6,275.3,270.8,266.2,262.2,258.9,266.0,267.9,269.8,270.6,269.9,267.9,266.0,265.2,328.8,330.6,335.1,339.8,341.9,340.1,335.6,330.6,324.9,327.3,330.9,335.8,341.0,345.5,348.9,345.6,341.3,336.6,331.9,327.8,333.5,335.5,337.5,338.3,337.4,335.3,333.3,332.6,-4.2,-8.6,-10.6,-9.0,-4.8,-0.1,1.6,-0.0,-2.1,-4.4,-6.1,-7.0,-6.4,-4.8,-2.4,-0.9,-0.3,0.1,-0.0,-0.6,-2.4,-1.7,-2.5,-4.4,-6.3,-7.0,-6.1,-4.2,-6.8,-11.1,-13.1,-11.6,-7.4,-3.1,-1.1,-2.3,-3.9,-6.6,-8.7,-9.7,-9.2,-7.8,-5.6,-3.9,-3.0,-2.6,-2.6,-2.8,-5.0,-4.3,-5.2,-7.1,-8.9,-9.5,-8.7,-6.8,659.5,660.4,661.1,661.3,660.8,660.2,659.2,659.0,662.8,660.6,658.8,658.3,659.4,661.1,663.0,660.9,658.8,657.9,658.5,660.4,660.4,660.5,660.9,661.2,661.5,661.4,661.0,660.7,696.5,697.8,699.5,700.6,700.5,699.2,697.5,696.5,696.7,696.1,696.0,697.1,699.6,702.9,706.2,702.7,699.3,696.8,695.7,696.0,698.3,698.8,699.5,700.1,700.2,699.7,698.9,698.4,368.3,29.5,824.7,0.001,0.105,-0.081
130,0,1656521711.350,0.98,1,-0.094075,0.073465,-0.992851,-0.240430,0.071101,-0.968059,-0.169,0.074,560.4,561.7,565.4,569.4,571.2,570.1,566.1,562.2,554.9,557.5,561.1,565.3,569.3,572.4,574.6,572.4,569.1,565.3,561.4,557.7,564.1,565.8,567.5,568.1,567.3,565.5,563.9,563.3,605.9,606.9,610.1,613.7,615.5,614.6,611.3,607.5,602.4,604.8,607.9,611.7,615.1,617.6,619.1,617.8,615.5,612.5,608.9,605.3,609.2,610.8,612.2,612.6,611.8,610.2,608.8,608.4,229.2,225.3,223.5,224.9,228.7,233.0,234.5,233.0,231.2,229.1,227.6,226.7,227.2,228.7,230.9,232.2,232.7,233.1,233.0,232.5,230.9,231.5,230.8,229.0,227.4,226.7,227.5,229.2,227.2,223.5,221.8,223.1,226.7,230.4,232.1,231.1,229.6,227.3,225.6,224.7,225.2,226.4,228.3,229.7,230.5,230.8,230.8,230.6,228.8,229.4,228.6,227.0,225.4,224.9,225.6,227.2,262.3,264.1,268.5,272.9,274.7,273.2,268.5,264.1,257.5,259.6,262.8,267.2,272.0,276.2,279.4,276.1,271.6,267.0,263.0,259.7,266.8,268.7,270.6,271.4,270.6,268.7,266.8,266.0,329.9,331.7,336.2,341.0,343.0,341.3,336.7,331.7,326.0,328.4,332.0,336.9,342.1,346.6,350.0,346.8,342.4,337.7,333.0,328.9,334.6,336.7,338.7,339.4,338.5,336.5,334.5,333.7,-4.3,-8.7,-10.7,-9.1,-4.9,-0.2,1.5,-0.1,-2.2,-4.5,-6.1,-7.0,-6.5,-4.9,-2.5,-1.1,-0.5,-0.1,-0.1,-0.7,-2.5,-1.8,-2.6,-4.6,-6.4,-7.1,-6.2,-4.3,-6.9,-11.2,-13.2,-11.7,-7.5,-3.2,-1.2,-2.4,-4.1,-6.8,-8.8,-9.8,-9.2,-7.9,-5.7,-4.0,-3.2,-2.7,-2.7,-2.9,-5.1,-4.4,-5.3,-7.2,-9.0,-9.7,-8.8,-6.9,661.5,662.4,663.2,663.4,662.9,662.3,661.3,661.1,664.8,662.7,660.9,660.4,661.5,663.3,665.1,663.0,660.9,660.0,660.6,662.5,662.5,662.6,663.0,663.4,663.6,663.5,663.1,662.8,699.0,700.3,702.0,703.1,703.0,701.8,700.0,699.0,699.3,698.7,698.6,699.6,702.2,705.5,708.7,705.3,701.9,699.4,698.3,698.5,700.9,701.4,702.1,702.7,702.7,702.2,701.5,700.9,368.1,29.4,824.5,0.000,0.103,-0.080
131,0,1656521711.383,0.98,1,-0.094576,0.071730,-0.992930,-0.240910,0.069622,-0.968047,-0.169,0.072,560.3,561.6,565.4,569.3,571.1,570.0,566.0,562.1,554.7,557.4,561.0,565.2,569.3,572.4,574.6,572.4,569.0,565.2,561.3,557.6,564.0,565.8,567.4,568.0,567.2,565.5,563.8,563.2,605.9,606.9,610.1,613.7,615.6,614.6,611.3,607.5,602.4,604.7,607.9,611.7,615.1,617.6,619.2,617.8,615.5,612.5,608.9,605.2,609.2,610.8,612.2,612.6,611.8,610.2,608.8,608.4,229.3,225.4,223.6,225.0,228.9,233.1,234.6,233.2,231.3,229.2,227.7,226.8,227.3,228.8,231.0,232.3,232.9,233.3,233.2,232.6,231.0,231.7,230.9,229.1,227.5,226.8,227.6,229.4,227.3,223.6,221.9,223.2,226.7,230.5,232.2,231.2,229.7,227.4,225.6,224.8,225.2,226.5,228.4,229.8,230.5,230.9,230.9,230.7,228.9,229.4,228.7,227.1,225.5,224.9,225.7,227.3,260.7,262.5,266.9,271.3,273.1,271.6,266.8,262.5,255.9,258.0,261.2,265.5,270.4,274.6,277.8,274.5,270.0,265.4,261.4,258.1,265.2,267.1,269.0,269.8,269.0,267.1,265.2,264.4,328.0,329.8,334.3,339.0,341.1,339.4,334.8,329.8,324.1,326.5,330.1,335.0,340.2,344.7,348.1,344.8,340.5,335.8,331.1,327.0,332.7,334.8,336.8,337.5,336.6,334.5,332.6,331.8,-4.2,-8.5,-10.5,-8.9,-4.7,-0.0,1.6,0.0,-2.0,-4.3,-6.0,-6.9,-6.4,-4.8,-2.4,-0.9,-0.3,0.1,0.0,-0.6,-2.3,-1.6,-2.5,-4.4,-6.2,-6.9,-6.1,-4.2,-6.8,-11.1,-13.1,-11.6,-7.4,-3.1,-1.1,-2.3,-4.0,-6.6,-8.7,-9.7,-9.2,-7.8,-5.6,-3.9,-3.1,-2.6,-2.6,-2.8,-5.0,-4.3,-5.2,-7.1,-8.9,-9.6,-8.7,-6.8,657.8,658.7,659.4,659.6,659.2,658.5,657.5,657.3,661.1,658.9,657.2,656.6,657.7,659.5,661.3,659.2,657.2,656.3,656.9,658.7,658.8,658.9,659.2,659.6,659.8,659.7,659.4,659.0,695.1,696.4,698.1,699.2,699.1,697.8,696.1,695.1,695.3,694.7,694.6,695.7,698.2,701.6,704.8,701.3,697.9,695.4,694.3,694.6,696.9,697.4,698.2,698.7,698.8,698.3,697.5,697.0,367.4,29.5,823.1,-0.001,0.102,-0.079
132,0,1656521711.416,0.98,1,-0.094208,0.074928,-0.992729,-0.241568,0.072708,-0.967656,-0.170,0.075,560.4,561.7,565.5,569.4,571.2,570.1,566.1,562.2,554.8,557.5,561.1,565.3,569.3,572.5,574.7,572.4,569.1,565.3,561.4,557.7,564.1,565.8,567.5,568.1,567.3,565.6,563.9,563.3,605.9,606.9,610.2,613.8,615.6,614.6,611.4,607.5,602.4,604.8,607.9,611.7,615.1,617.6,619.2,617.8,615.5,612.5,608.9,605.3,609.2,610.8,612.2,612.6,611.8,610.3,608.9,608.4,229.2,225.3,223.5,224.9,228.8,233.0,234.5,233.1,231.2,229.1,227.6,226.7,227.2,228.7,230.9,232.2,232.8,233.1,233.1,232.5,230.9,231.6,230.8,229.0,227.4,226.7,227.5,229.2,227.3,223.5,221.8,223.2,226.7,230.5,232.2,231.2,229.7,227.4,225.6,224.8,225.3,226.5,228.4,229.8,230.5,230.9,230.9,230.7,228.8,229.4,228.7,227.1,225.5,224.9,225.6,227.3,261.7,263.5,267.9,272.3,274.1,272.7,267.9,263.5,256.9,259.0,262.2,266.6,271.5,275.7,278.9,275.5,271.0,266.5,262.4,259.1,266.2,268.1,270.1,270.9,270.1,268.2,266.2,265.4,329.3,331.0,335.6,340.3,342.4,340.6,336.0,331.1,325.3,327.7,331.3,336.2,341.4,346.0,349.4,346.1,341.8,337.0,332.4,328.3,333.9,336.0,338.0,338.8,337.9,335.8,333.8,333.0,-4.3,-8.7,-10.6,-9.0,-4.8,-0.1,1.5,-0.1,-2.2,-4.5,-6.1,-7.0,-6.5,-4.9,-2.5,-1.0,-0.4,-0.0,-0.1,-0.7,-2.5,-1.8,-2.6,-4.5,-6.4,-7.1,-6.2,-4.3,-6.8,-11.2,-13.2,-11.6,-7.5,-3.1,-1.2,-2.3,-4.0,-6.7,-8.7,-9.7,-9.2,-7.8,-5.6,-4.0,-3.1,-2.7,-2.7,-2.9,-5.0,-4.3,-5.2,-7.1,-8.9,-9.6,-8.7,-6.8,660.1,661.0,661.8,662.0,661.5,660.9,659.9,659.6,663.4,661.2,659.5,659.0,660.1,661.8,663.7,661.6,659.5,658.6,659.2,661.0,661.1,661.2,661.6,661.9,662.2,662.1,661.7,661.3,697.6,698.9,700.6,701.7,701.6,700.3,698.6,697.6,697.9,697.2,697.2,698.2,700.7,704.1,707.3,703.8,700.4,698.0,696.9,697.1,699.4,699.9,700.7,701.2,701.3,700.8,700.0,699.5,367.9,29.4,824.2,0.004,0.103,-0.080
133,0,1656521711.450,0.98,1,-0.095525,0.072094,-0.992813,-0.241594,0.069683,-0.967872,-0.170,0.072,560.2,561.6,565.3,569.3,571.1,570.0,566.0,562.1,554.7,557.4,561.0,565.1,569.2,572.4,574.6,572.3,569.0,565.2,561.2,557.6,564.0,565.7,567.4,568.0,567.2,565.4,563.8,563.2,605.8,606.8,610.0,613.6,615.5,614.5,611.3,607.4,602.3,604.6,607.8,611.6,615.0,617.5,619.1,617.7,615.5,612.4,608.8,605.2,609.1,610.7,612.1,612.5,611.7,610.1,608.7,608.3,229.4,225.4,223.6,225.1,228.9,233.2,234.6,233.2,231.3,229.2,227.7,226.8,227.3,228.8,231.0,232.4,232.9,233.3,233.2,232.7,231.1,231.7,230.9,229.2,227.5,226.9,227.6,229.4,227.3,223.6,221.8,223.2,226.7,230.5,232.2,231.2,229.8,227.4,225.6,224.7,225.2,226.4,228.3,229.8,230.5,230.9,230.9,230.8,228.9,229.4,228.7,227.1,225.5,224.9,225.7,227.3,261.2,263.0,267.4,271.8,273.6,272.1,267.3,263.0,256.4,258.5,261.7,266.1,270.9,275.1,278.3,275.0,270.5,265.9,261.9,258.6,265.7,267.6,269.5,270.3,269.5,267.6,265.7,264.9,327.9,329.6,334.2,338.9,341.0,339.2,334.6,329.7,324.0,326.3,329.9,334.8,340.0,344.6,348.0,344.7,340.4,335.7,331.0,326.9,332.6,334.6,336.6,337.4,336.5,334.4,332.4,331.6,-4.2,-8.5,-10.5,-8.9,-4.7,0.0,1.6,0.0,-2.0,-4.3,-6.0,-6.9,-6.4,-4.7,-2.3,-0.9,-0.3,0.1,0.1,-0.5,-2.3,-1.6,-2.5,-4.4,-6.2,-6.9,-6.1,-4.1,-6.8,-11.1,-13.1,-11.6,-7.5,-3.1,-1.1,-2.3,-3.9,-6.6,-8.7,-9.7,-9.2,-7.8,-5.6,-4.0,-3.1,-2.6,-2.6,-2.8,-5.0,-4.3,-5.2,-7.1,-8.9,-9.6,-8.7,-6.8,659.1,660.0,660.8,661.0,660.5,659.9,658.9,658.7,662.5,660.3,658.5,658.0,659.0,660.8,662.7,660.6,658.5,657.6,658.2,660.1,660.1,660.2,660.5,660.9,661.1,661.0,660.7,660.3,695.0,696.3,698.0,699.1,699.0,697.7,696.0,695.0,695.2,694.6,694.5,695.6,698.1,701.5,704.7,701.2,697.8,695.4,694.3,694.5,696.8,697.3,698.1,698.6,698.7,698.2,697.4,696.9,367.8,29.5,824.0,0.002,0.105,-0.083
134,0,1656521711.483,0.98,1,-0.093572,0.073517,-0.992895,-0.240906,0.071590,-0.967904,-0.169,0.074,560.2,561.5,565.3,569.2,571.0,569.9,565.9,562.0,554.7,557.3,560.9,565.1,569.1,572.3,574.5,572.2,568.9,565.1,561.2,557.5,564.0,565.7,567.3,567.9,567.1,565.4,563.7,563.2,605.8,606.8,610.0,613.6,615.4,614.5,611.2,607.4,602.3,604.7,607.8,611.6,615.0,617.5,619.0,617.7,615.4,612.4,608.8,605.2,609.1,610.7,612.1,612.5,611.7,610.1,608.7,608.3,229.4,225.4,223.6,225.1,228.9,233.2,234.7,233.2,231.4,229.3,227.8,226.9,227.4,228.9,231.0,232.4,232.9,233.3,233.2,232.7,231.1,231.7,230.9,229.2,227.5,226.9,227.7,229.4,227.3,223.6,221.9,223.2,226.7,230.5,232.2,231.2,229.7,227.4,225.7,224.8,225.3,226.5,228.3,229.7,230.5,230.9,230.9,230.7,228.9,229.4,228.7,227.1,225.5,224.9,225.7,227.3,262.0,263.8,268.2,272.6,274.4,273.0,268.2,263.8,257.3,259.3,262.6,266.9,271.8,276.0,279.2,275.8,271.3,266.8,262.7,259.5,266.5,268.5,270.4,271.2,270.4,268.5,266.5,265.7,330.2,331.9,336.5,341.2,343.3,341.5,336.9,332.0,326.3,328.7,332.2,337.1,342.3,346.9,350.3,347.0,342.7,338.0,333.3,329.2,334.9,336.9,338.9,339.7,338.8,336.7,334.7,334.0,-4.1,-8.5,-10.5,-8.9,-4.7,0.0,1.6,0.1,-2.0,-4.3,-5.9,-6.9,-6.3,-4.7,-2.4,-0.9,-0.3,0.1,0.1,-0.5,-2.3,-1.6,-2.5,-4.4,-6.2,-6.9,-6.0,-4.1,-6.8,-11.1,-13.2,-11.6,-7.5,-3.1,-1.2,-2.3,-4.0,-6.7,-8.7,-9.7,-9.2,-7.8,-5.7,-4.0,-3.1,-2.7,-2.7,-2.8,-5.0,-4.3,-5.2,-7.1,-8.9,-9.6,-8.7,-6.8,661.4,662.3,663.1,663.3,662.8,662.2,661.1,660.9,664.7,662.5,660.8,660.3,661.3,663.1,665.0,662.9,660.8,659.9,660.5,662.3,662.4,662.5,662.8,663.2,663.4,663.3,663.0,662.6,699.8,701.1,702.8,703.9,703.8,702.5,700.8,699.8,700.1,699.5,699.4,700.4,702.9,706.3,709.5,706.0,702.6,700.2,699.1,699.3,701.7,702.1,702.9,703.4,703.5,703.0,702.3,701.7,368.3,29.5,825.3,0.001,0.102,-0.082
135,0,1656521711.517,0.98,1,-0.098679,0.073300,-0.992416,-0.243594,0.071013,-0.967274,-0.173,0.074,560.1,561.5,565.2,569.1,571.0,569.9,565.9,562.0,554.6,557.3,560.8,565.0,569.1,572.2,574.5,572.2,568.9,565.0,561.1,557.5,563.9,565.6,567.2,567.8,567.0,565.3,563.7,563.1,605.8,606.8,610.0,613.6,615.4,614.5,611.2,607.3,602.3,604.6,607.7,611.6,615.0,617.5,619.1,617.7,615.4,612.4,608.8,605.1,609.1,610.6,612.1,612.5,611.7,610.1,608.7,608.3,229.4,225.4,223.6,225.0,228.9,233.2,234.6,233.2,231.3,229.2,227.7,226.9,227.3,228.8,231.0,232.3,232.9,233.3,233.2,232.7,231.1,231.7,230.9,229.2,227.5,226.9,227.6,229.4,227.3,223.6,221.9,223.2,226.8,230.5,232.2,231.2,229.7,227.4,225.7,224.8,225.3,226.5,228.4,229.8,230.5,230.9,230.9,230.7,228.9,229.4,228.7,227.1,225.5,224.9,225.7,227.3,261.5,263.3,267.7,272.1,273.9,272.5,267.7,263.3,256.8,258.8,262.0,266.4,271.2,275.4,278.7,275.3,270.8,266.2,262.2,259.0,266.0,267.9,269.9,270.7,269.9,267.9,266.0,265.2,328.4,330.2,334.7,339.4,341.5,339.8,335.2,330.2,324.5,326.9,330.5,335.4,340.6,345.1,348.5,345.3,340.9,336.2,331.5,327.4,333.1,335.2,337.2,337.9,337.0,335.0,333.0,332.2,-4.2,-8.5,-10.5,-8.9,-4.7,-0.0,1.6,0.0,-2.0,-4.3,-6.0,-6.9,-6.4,-4.8,-2.4,-0.9,-0.3,0.1,0.1,-0.5,-2.3,-1.6,-2.5,-4.4,-6.2,-6.9,-6.1,-4.2,-6.8,-11.1,-13.1,-11.6,-7.4,-3.1,-1.1,-2.3,-4.0,-6.6,-8.7,-9.7,-9.2,-7.8,-5.6,-4.0,-3.1,-2.6,-2.6,-2.8,-5.0,-4.3,-5.2,-7.1,-8.9,-9.6,-8.7,-6.8,660.3,661.2,661.9,662.1,661.6,661.0,660.0,659.8,663.6,661.5,659.7,659.1,660.1,661.9,663.8,661.7,659.6,658.7,659.4,661.2,661.3,661.3,661.7,662.0,662.3,662.2,661.9,661.5,696.2,697.5,699.2,700.3,700.2,698.9,697.2,696.2,696.5,695.8,695.8,696.8,699.3,702.7,705.9,702.4,699.0,696.6,695.5,695.7,698.0,698.5,699.3,699.8,699.9,699.4,698.7,698.1,367.8,29.5,824.4,0.002,0.107,-0.081
136,0,1656521711.550,0.98,1,-0.094504,0.072171,-0.992905,-0.241531,0.069658,-0.967890,-0.170,0.072,560.3,561.6,565.4,569.3,571.1,570.0,566.0,562.1,554.8,557.4,561.0,565.2,569.3,572.4,574.6,572.4,569.0,565.2,561.3,557.6,564.0,565.8,567.4,568.0,567.2,565.5,563.8,563.3,605.8,606.8,610.0,613.6,615.5,614.5,611.2,607.4,602.3,604.6,607.7,611.6,615.0,617.5,619.1,617.7,615.4,612.4,608.8,605.1,609.1,610.7,612.1,612.5,611.7,610.1,608.7,608.3,229.4,225.4,223.6,225.1,228.9,233.2,234.7,233.2,231.3,229.2,227.7,226.8,227.3,228.8,231.0,232.4,232.9,233.3,233.3,232.7,231.1,231.7,230.9,229.2,227.5,226.9,227.6,229.4,227.3,223.6,221.9,223.2,226.8,230.5,232.2,231.2,229.8,227.4,225.7,224.8,225.3,226.5,228.4,229.8,230.6,231.0,231.0,230.8,228.9,229.5,228.7,227.1,225.5,225.0,225.7,227.4,260.9,262.7,267.1,271.5,273.3,271.9,267.1,262.7,256.2,258.2,261.5,265.8,270.7,274.9,278.1,274.7,270.2,265.7,261.6,258.4,265.4,267.3,269.3,270.1,269.3,267.4,265.4,264.6,328.2,329.9,334.5,339.2,341.3,339.5,335.0,330.0,324.3,326.7,330.2,335.2,340.4,344.9,348.3,345.0,340.7,336.0,331.3,327.2,332.9,334.9,336.9,337.7,336.8,334.7,332.7,332.0,-4.1,-8.5,-10.5,-8.9,-4.7,0.0,1.6,0.0,-2.0,-4.3,-6.0,-6.9,-6.4,-4.7,-2.3,-0.8,-0.2,0.2,0.1,-0.5,-2.3,-1.6,-2.5,-4.4,-6.2,-6.9,-6.0,-4.1,-6.7,-11.0,-13.1,-11.5,-7.4,-3.1,-1.1,-2.2,-3.9,-6.6,-8.7,-9.7,-9.2,-7.8,-5.6,-3.9,-3.0,-2.5,-2.5,-2.7,-4.9,-4.3,-5.1,-7.0,-8.8,-9.5,-8.6,-6.7,658.4,659.3,660.0,660.2,659.8,659.1,658.1,657.9,661.7,659.5,657.8,657.2,658.3,660.1,662.0,659.9,657.8,656.9,657.5,659.3,659.4,659.5,659.8,660.2,660.4,660.3,660.0,659.6,695.7,697.0,698.7,699.8,699.7,698.4,696.7,695.7,695.9,695.3,695.3,696.3,698.8,702.2,705.4,701.9,698.5,696.1,695.0,695.2,697.5,698.0,698.8,699.3,699.4,698.9,698.2,697.6,368.1,29.5,824.8,0.004,0.102,-0.080
137,0,1656521711.584,0.98,1,-0.096697,0.076371,-0.992380,-0.239391,0.073874,-0.968109,-0.170,0.076,560.4,561.8,565.5,569.3,571.2,570.1,566.1,562.2,555.0,557.6,561.2,565.3,569.3,572.4,574.6,572.4,569.1,565.3,561.4,557.8,564.2,565.9,567.5,568.1,567.3,565.6,564.0,563.4,605.8,606.9,610.1,613.6,615.4,614.4,611.2,607.4,602.4,604.7,607.8,611.6,615.0,617.5,619.0,617.7,615.4,612.4,608.8,605.2,609.1,610.7,612.1,612.5,611.7,610.2,608.8,608.3,229.1,225.2,223.4,224.9,228.6,232.9,234.4,232.9,231.1,229.0,227.5,226.7,227.1,228.6,230.7,232.1,232.6,233.0,232.9,232.4,230.8,231.4,230.6,228.9,227.3,226.6,227.4,229.1,227.2,223.5,221.8,223.1,226.7,230.4,232.1,231.1,229.6,227.3,225.6,224.8,225.3,226.5,228.3,229.7,230.4,230.8,230.7,230.6,228.8,229.3,228.6,227.0,225.4,224.9,225.6,227.2,264.5,266.3,270.7,275.1,276.9,275.5,270.7,266.3,259.8,261.8,265.1,269.4,274.3,278.5,281.7,278.3,273.8,269.3,265.2,262.0,269.0,271.0,272.9,273.7,272.9,271.0,269.0,268.2,331.0,332.8,337.4,342.1,344.1,342.3,337.7,332.8,327.1,329.5,333.1,338.0,343.2,347.7,351.1,347.8,343.5,338.8,334.1,330.0,335.7,337.7,339.7,340.5,339.6,337.6,335.6,334.8,-4.5,-8.8,-10.8,-9.2,-5.0,-0.3,1.3,-0.3,-2.3,-4.6,-6.2,-7.2,-6.7,-5.1,-2.7,-1.2,-0.6,-0.2,-0.2,-0.8,-2.6,-1.9,-2.8,-4.7,-6.5,-7.2,-6.4,-4.5,-7.0,-11.3,-13.3,-11.7,-7.6,-3.2,-1.3,-2.4,-4.2,-6.8,-8.8,-9.8,-9.2,-7.9,-5.7,-4.1,-3.2,-2.8,-2.8,-3.0,-5.1,-4.5,-5.3,-7.2,-9.0,-9.7,-8.9,-7.0,667.1,667.9,668.7,668.9,668.4,667.8,666.8,666.6,670.4,668.2,666.4,665.9,666.9,668.7,670.6,668.5,666.4,665.5,666.1,668.0,668.0,668.1,668.5,668.8,669.1,669.0,668.6,668.2,701.5,702.8,704.5,705.6,705.5,704.2,702.5,701.5,701.8,701.1,701.1,702.1,704.6,708.0,711.2,707.8,704.4,701.9,700.8,701.0,703.4,703.8,704.6,705.2,705.2,704.7,704.0,703.4,367.9,29.5,824.2,0.001,0.104,-0.080
138,0,1656521711.617,0.98,1,-0.096230,0.073336,-0.992654,-0.242149,0.071468,-0.967603,-0.171,0.074,560.3,561.7,565.4,569.3,571.2,570.1,566.1,562.1,554.8,557.4,561.0,565.2,569.3,572.5,574.7,572.4,569.1,565.3,561.3,557.7,564.1,565.8,567.5,568.0,567.2,565.5,563.9,563.3,605.9,606.9,610.1,613.7,615.5,614.6,611.3,607.4,602.4,604.7,607.8,611.7,615.1,617.6,619.1,617.8,615.5,612.5,608.9,605.2,609.2,610.8,612.2,612.6,611.8,610.2,608.8,608.4,229.5,225.5,223.7,225.2,229.0,233.3,234.8,233.3,231.5,229.3,227.8,226.9,227.4,228.9,231.2,232.5,233.1,233.5,233.4,232.8,231.2,231.8,231.0,229.3,227.6,227.0,227.8,229.5,227.4,223.7,222.0,223.3,226.9,230.6,232.3,231.3,229.9,227.5,225.7,224.9,225.3,226.6,228.5,229.9,230.7,231.1,231.1,230.9,229.0,229.6,228.8,227.2,225.6,225.0,225.8,227.4,260.5,262.3,266.7,271.1,272.9,271.5,266.7,262.3,255.8,257.9,261.1,265.4,270.3,274.5,277.7,274.3,269.8,265.3,261.3,258.0,265.0,267.0,268.9,269.7,268.9,267.0,265.1,264.3,327.8,329.5,334.1,338.8,340.9,339.1,334.6,329.6,323.9,326.3,329.9,334.8,340.0,344.5,347.9,344.6,340.3,335.6,330.9,326.8,332.5,334.6,336.5,337.3,336.4,334.3,332.3,331.6,-4.0,-8.3,-10.3,-8.7,-4.5,0.2,1.8,0.2,-1.9,-4.2,-5.9,-6.8,-6.3,-4.6,-2.2,-0.7,-0.1,0.3,0.3,-0.3,-2.2,-1.5,-2.3,-4.2,-6.1,-6.8,-5.9,-4.0,-6.6,-10.9,-13.0,-11.4,-7.3,-3.0,-1.0,-2.1,-3.8,-6.5,-8.6,-9.6,-9.1,-7.7,-5.5,-3.8,-2.9,-2.4,-2.4,-2.6,-4.8,-4.2,-5.0,-6.9,-8.7,-9.4,-8.5,-6.6,657.3,658.2,658.9,659.1,658.7,658.1,657.1,656.9,660.7,658.5,656.7,656.2,657.2,659.0,660.9,658.8,656.7,655.8,656.4,658.3,658.3,658.4,658.7,659.1,659.3,659.2,658.9,658.5,694.7,695.9,697.6,698.8,698.7,697.4,695.7,694.7,694.9,694.3,694.2,695.3,697.8,701.2,704.4,700.9,697.5,695.1,694.0,694.2,696.5,697.0,697.7,698.3,698.4,697.9,697.1,696.6,368.6,29.6,825.6,0.005,0.104,-0.082
139,0,1656521711.650,0.98,1,-0.097125,0.073510,-0.992554,-0.243394,0.071461,-0.967291,-0.172,0.074,560.3,561.6,565.3,569.3,571.1,570.0,566.0,562.1,554.8,557.4,561.0,565.2,569.2,572.4,574.6,572.3,569.0,565.2,561.3,557.6,564.0,565.8,567.4,568.0,567.2,565.5,563.8,563.2,605.9,606.8,610.1,613.7,615.5,614.5,611.3,607.4,602.4,604.7,607.8,611.6,615.1,617.6,619.1,617.8,615.5,612.5,608.9,605.2,609.2,610.7,612.1,612.6,611.8,610.2,608.8,608.3,229.4,225.5,223.7,225.1,228.9,233.2,234.7,233.3,231.4,229.3,227.7,226.9,227.4,228.9,231.1,232.4,233.0,233.4,233.3,232.8,231.1,231.7,231.0,229.2,227.5,226.9,227.7,229.4,227.3,223.6,221.9,223.2,226.7,230.5,232.2,231.2,229.8,227.4,225.6,224.7,225.2,226.4,228.3,229.8,230.5,230.9,230.9,230.8,228.9,229.4,228.7,227.0,225.5,224.9,225.7,227.3,261.0,262.8,267.2,271.6,273.4,272.0,267.2,262.8,256.3,258.3,261.6,265.9,270.8,275.0,278.2,274.8,270.3,265.8,261.7,258.5,265.5,267.5,269.4,270.2,269.4,267.5,265.5,264.7,328.2,329.9,334.5,339.2,341.3,339.5,335.0,330.0,324.3,326.7,330.2,335.1,340.3,344.9,348.3,345.0,340.7,336.0,331.3,327.2,332.9,334.9,336.9,337.7,336.8,334.7,332.7,332.0,-4.1,-8.4,-10.4,-8.8,-4.6,0.1,1.7,0.1,-1.9,-4.3,-5.9,-6.9,-6.3,-4.7,-2.3,-0.8,-0.2,0.2,0.2,-0.4,-2.2,-1.5,-2.4,-4.3,-6.2,-6.8,-6.0,-4.1,-6.8,-11.1,-13.1,-11.6,-7.5,-3.1,-1.1,-2.3,-3.9,-6.6,-8.7,-9.7,-9.2,-7.9,-5.7,-4.0,-3.0,-2.6,-2.6,-2.8,-5.0,-4.3,-5.2,-7.1,-8.9,-9.6,-8.7,-6.8,658.7,659.6,660.3,660.5,660.0,659.4,658.4,658.2,662.1,659.9,658.1,657.5,658.6,660.4,662.2,660.1,658.1,657.2,657.8,659.7,659.7,659.8,660.1,660.5,660.7,660.6,660.3,659.9,695.5,696.8,698.5,699.6,699.5,698.2,696.5,695.5,695.8,695.2,695.1,696.1,698.6,702.0,705.2,701.7,698.4,695.9,694.8,695.0,697.4,697.9,698.6,699.2,699.2,698.7,698.0,697.4,369.0,29.5,826.5,0.006,0.106,-0.084
140,0,1656521711.684,0.98,1,-0.095002,0.075494,-0.992610,-0.240612,0.073223,-0.967855,-0.170,0.076,560.3,561.7,565.4,569.3,571.2,570.1,566.1,562.2,554.8,557.5,561.1,565.2,569.3,572.4,574.6,572.4,569.1,565.3,561.3,557.7,564.1,565.8,567.5,568.0,567.2,565.5,563.9,563.3,606.0,607.0,610.2,613.8,615.6,614.6,611.4,607.5,602.5,604.8,607.9,611.8,615.2,617.6,619.2,617.9,615.6,612.5,609.0,605.3,609.3,610.8,612.2,612.7,611.9,610.3,608.9,608.5,229.5,225.5,223.7,225.1,229.0,233.3,234.7,233.3,231.4,229.3,227.8,226.9,227.4,228.9,231.1,232.5,233.0,233.4,233.3,232.8,231.1,231.8,231.0,229.3,227.6,227.0,227.7,229.5,227.4,223.7,222.0,223.3,226.9,230.6,232.3,231.3,229.8,227.5,225.8,224.9,225.4,226.6,228.5,229.9,230.7,231.0,231.0,230.9,229.0,229.6,228.8,227.2,225.6,225.0,225.8,227.4,261.9,263.7,268.1,272.5,274.3,272.9,268.1,263.7,257.1,259.2,262.4,266.8,271.7,275.8,279.0,275.7,271.2,266.7,262.6,259.3,266.4,268.3,270.2,271.1,270.3,268.3,266.4,265.6,329.1,330.8,335.4,340.1,342.2,340.4,335.8,330.9,325.2,327.5,331.1,336.1,341.3,345.8,349.2,345.9,341.6,336.9,332.2,328.1,333.8,335.8,337.8,338.6,337.7,335.6,333.6,332.9,-4.1,-8.4,-10.4,-8.8,-4.6,0.1,1.7,0.1,-1.9,-4.2,-5.9,-6.8,-6.3,-4.6,-2.3,-0.8,-0.2,0.2,0.2,-0.4,-2.2,-1.5,-2.4,-4.3,-6.1,-6.8,-6.0,-4.1,-6.6,-11.0,-13.0,-11.5,-7.3,-3.0,-1.0,-2.1,-3.8,-6.5,-8.5,-9.6,-9.0,-7.7,-5.5,-3.8,-2.9,-2.5,-2.5,-2.7,-4.8,-4.2,-5.0,-7.0,-8.8,-9.4,-8.6,-6.7,660.7,661.5,662.3,662.5,662.0,661.4,660.4,660.2,664.0,661.8,660.0,659.5,660.6,662.3,664.2,662.1,660.1,659.1,659.7,661.6,661.7,661.7,662.1,662.5,662.7,662.6,662.2,661.9,697.1,698.4,700.1,701.2,701.2,699.9,698.2,697.1,697.4,696.8,696.7,697.7,700.3,703.6,706.9,703.4,700.0,697.5,696.4,696.7,699.0,699.5,700.2,700.8,700.8,700.3,699.6,699.0,368.3,29.5,824.8,0.005,0.104,-0.082
141,0,1656521711.717,0.98,1,-0.096535,0.076187,-0.992409,-0.242288,0.074027,-0.967376,-0.171,0.076,560.4,561.7,565.4,569.4,571.2,570.1,566.1,562.2,554.9,557.5,561.1,565.3,569.3,572.5,574.7,572.4,569.1,565.3,561.4,557.7,564.1,565.8,567.5,568.1,567.3,565.5,563.9,563.3,605.9,606.9,610.2,613.7,615.6,614.6,611.3,607.5,602.4,604.7,607.9,611.7,615.1,617.6,619.2,617.8,615.5,612.5,608.9,605.3,609.2,610.8,612.2,612.6,611.8,610.3,608.8,608.4,229.4,225.4,223.6,225.1,228.9,233.2,234.6,233.2,231.3,229.2,227.7,226.9,227.3,228.8,231.0,232.4,232.9,233.3,233.2,232.7,231.1,231.7,230.9,229.2,227.5,226.9,227.6,229.4,227.3,223.6,221.9,223.2,226.8,230.5,232.2,231.2,229.7,227.4,225.7,224.8,225.3,226.5,228.4,229.8,230.5,230.9,230.9,230.7,228.9,229.5,228.7,227.1,225.5,224.9,225.7,227.3,262.0,263.9,268.3,272.6,274.5,273.0,268.2,263.8,257.3,259.3,262.6,266.9,271.8,276.0,279.2,275.8,271.3,266.8,262.8,259.5,266.6,268.5,270.4,271.2,270.4,268.5,266.6,265.8,329.6,331.3,335.9,340.6,342.7,340.9,336.3,331.4,325.6,328.0,331.6,336.5,341.7,346.2,349.7,346.4,342.1,337.3,332.7,328.6,334.2,336.3,338.3,339.1,338.2,336.1,334.1,333.3,-4.2,-8.5,-10.5,-8.9,-4.7,-0.0,1.6,0.0,-2.0,-4.3,-6.0,-6.9,-6.4,-4.8,-2.4,-0.9,-0.3,0.1,0.1,-0.5,-2.3,-1.6,-2.5,-4.4,-6.2,-6.9,-6.1,-4.2,-6.8,-11.1,-13.1,-11.6,-7.4,-3.1,-1.1,-2.3,-4.0,-6.7,-8.7,-9.7,-9.2,-7.8,-5.6,-3.9,-3.0,-2.6,-2.6,-2.8,-5.0,-4.3,-5.2,-7.1,-8.9,-9.6,-8.7,-6.8,661.0,661.9,662.6,662.8,662.4,661.7,660.7,660.5,664.3,662.1,660.4,659.8,660.9,662.7,664.5,662.5,660.4,659.5,660.1,661.9,662.0,662.1,662.4,662.8,663.0,662.9,662.6,662.2,698.2,699.5,701.2,702.3,702.2,701.0,699.3,698.3,698.5,697.9,697.8,698.8,701.4,704.7,707.9,704.5,701.1,698.6,697.5,697.8,700.1,700.6,701.3,701.9,701.9,701.4,700.7,700.1,368.6,29.4,825.6,0.006,0.106,-0.083
142,0,1656521711.751,0.98,1,-0.091205,0.074129,-0.993069,-0.239244,0.072106,-0.968278,-0.167,0.074,560.4,561.8,565.5,569.4,571.2,570.1,566.1,562.2,554.9,557.5,561.1,565.3,569.4,572.5,574.7,572.4,569.1,565.3,561.4,557.7,564.2,565.9,567.5,568.1,567.3,565.6,564.0,563.4,605.9,606.9,610.1,613.7,615.5,614.6,611.3,607.5,602.5,604.8,607.9,611.7,615.1,617.6,619.1,617.8,615.5,612.5,608.9,605.3,609.2,610.8,612.2,612.6,611.8,610.2,608.8,608.4,229.2,225.3,223.5,224.9,228.8,233.0,234.5,233.0,231.2,229.1,227.6,226.7,227.2,228.7,230.9,232.2,232.7,233.1,233.0,232.5,230.9,231.5,230.8,229.0,227.4,226.7,227.5,229.2,227.2,223.5,221.9,223.2,226.7,230.4,232.1,231.1,229.7,227.4,225.6,224.8,225.2,226.5,228.3,229.7,230.5,230.8,230.8,230.7,228.8,229.4,228.7,227.0,225.5,224.9,225.6,227.3,262.3,264.1,268.5,272.9,274.7,273.3,268.5,264.1,257.5,259.6,262.9,267.2,272.1,276.3,279.5,276.1,271.6,267.1,263.0,259.7,266.8,268.7,270.7,271.5,270.7,268.8,266.8,266.0,330.6,332.4,336.9,341.6,343.7,341.9,337.4,332.4,326.7,329.1,332.7,337.6,342.8,347.3,350.7,347.4,343.1,338.4,333.7,329.6,335.3,337.4,339.4,340.1,339.2,337.2,335.2,334.4,-4.3,-8.7,-10.7,-9.1,-4.8,-0.1,1.5,-0.1,-2.2,-4.5,-6.1,-7.0,-6.5,-4.9,-2.5,-1.0,-0.5,-0.1,-0.1,-0.7,-2.5,-1.8,-2.6,-4.5,-6.4,-7.1,-6.2,-4.3,-6.9,-11.2,-13.2,-11.7,-7.5,-3.2,-1.2,-2.4,-4.1,-6.7,-8.8,-9.8,-9.2,-7.9,-5.7,-4.0,-3.1,-2.7,-2.7,-2.9,-5.1,-4.4,-5.3,-7.2,-9.0,-9.7,-8.8,-6.9,661.5,662.4,663.2,663.4,663.0,662.3,661.3,661.0,664.8,662.6,660.9,660.4,661.5,663.3,665.2,663.1,660.9,660.0,660.6,662.4,662.5,662.6,663.0,663.4,663.6,663.5,663.1,662.7,700.5,701.8,703.5,704.6,704.5,703.2,701.5,700.5,700.7,700.1,700.0,701.1,703.6,707.0,710.2,706.7,703.3,700.8,699.8,700.0,702.3,702.8,703.6,704.1,704.2,703.7,702.9,702.4,367.4,29.3,822.9,0.002,0.099,-0.079
143,0,1656521711.784,0.98,1,-0.092987,0.073064,-0.992983,-0.239603,0.071240,-0.968254,-0.168,0.073,560.4,561.7,565.4,569.3,571.2,570.1,566.1,562.2,554.9,557.5,561.1,565.3,569.3,572.4,574.6,572.4,569.1,565.3,561.4,557.7,564.1,565.8,567.5,568.1,567.3,565.5,563.9,563.3,605.9,606.9,610.1,613.7,615.5,614.5,611.3,607.4,602.4,604.7,607.8,611.6,615.0,617.5,619.1,617.7,615.5,612.4,608.9,605.2,609.2,610.7,612.1,612.6,611.8,610.2,608.8,608.4,229.2,225.2,223.4,224.9,228.7,232.9,234.4,233.0,231.1,229.0,227.5,226.6,227.1,228.6,230.8,232.1,232.7,233.1,233.0,232.5,230.8,231.5,230.7,229.0,227.3,226.7,227.4,229.2,227.1,223.4,221.7,223.1,226.6,230.3,232.0,231.0,229.6,227.2,225.5,224.6,225.1,226.3,228.2,229.6,230.4,230.7,230.7,230.6,228.7,229.3,228.5,226.9,225.4,224.8,225.5,227.2,262.6,264.4,268.8,273.2,275.0,273.6,268.8,264.4,257.8,259.9,263.2,267.5,272.4,276.6,279.8,276.4,271.9,267.4,263.3,260.0,267.1,269.1,271.0,271.8,271.0,269.1,267.1,266.3,330.4,332.1,336.7,341.4,343.5,341.7,337.1,332.2,326.5,328.8,332.4,337.4,342.6,347.1,350.5,347.2,342.9,338.2,333.5,329.4,335.1,337.1,339.1,339.9,339.0,336.9,334.9,334.2,-4.4,-8.8,-10.7,-9.2,-4.9,-0.3,1.4,-0.2,-2.3,-4.6,-6.2,-7.2,-6.6,-5.0,-2.6,-1.1,-0.5,-0.1,-0.2,-0.8,-2.6,-1.9,-2.7,-4.6,-6.5,-7.2,-6.3,-4.4,-7.0,-11.3,-13.3,-11.8,-7.6,-3.3,-1.3,-2.5,-4.2,-6.9,-8.9,-9.9,-9.4,-8.0,-5.8,-4.1,-3.2,-2.8,-2.8,-3.0,-5.2,-4.5,-5.4,-7.3,-9.1,-9.8,-8.9,-7.0,662.4,663.3,664.1,664.3,663.8,663.2,662.1,661.9,665.7,663.5,661.8,661.2,662.3,664.1,666.0,663.9,661.8,660.9,661.5,663.3,663.4,663.5,663.8,664.2,664.4,664.3,664.0,663.6,700.1,701.4,703.1,704.2,704.1,702.8,701.1,700.1,700.4,699.7,699.7,700.7,703.2,706.6,709.8,706.3,702.9,700.5,699.4,699.6,701.9,702.4,703.2,703.7,703.8,703.3,702.6,702.0,368.1,29.3,824.7,0.002,0.100,-0.079
144,0,1656521711.817,0.98,1,-0.095374,0.072470,-0.992800,-0.240280,0.070218,-0.968161,-0.170,0.073,560.4,561.8,565.5,569.4,571.3,570.2,566.2,562.2,554.9,557.5,561.1,565.3,569.4,572.5,574.8,572.5,569.2,565.3,561.4,557.8,564.2,565.9,567.6,568.1,567.3,565.6,564.0,563.4,606.0,607.0,610.2,613.8,615.6,614.7,611.4,607.5,602.5,604.8,608.0,611.8,615.2,617.7,619.2,617.9,615.6,612.6,609.0,605.3,609.3,610.8,612.3,612.7,611.9,610.3,608.9,608.5,229.2,225.2,223.5,224.9,228.7,233.0,234.5,233.1,231.2,229.1,227.6,226.7,227.2,228.7,230.9,232.2,232.8,233.1,233.1,232.5,230.9,231.6,230.8,229.0,227.3,226.7,227.5,229.2,227.2,223.5,221.8,223.1,226.7,230.4,232.1,231.1,229.6,227.3,225.5,224.7,225.2,226.4,228.3,229.7,230.4,230.8,230.8,230.6,228.8,229.4,228.6,227.0,225.4,224.8,225.6,227.2,261.1,263.0,267.4,271.8,273.6,272.1,267.3,263.0,256.4,258.5,261.7,266.0,270.9,275.1,278.3,275.0,270.5,265.9,261.9,258.6,265.7,267.6,269.5,270.3,269.5,267.6,265.7,264.9,328.0,329.7,334.3,339.0,341.1,339.3,334.8,329.8,324.1,326.5,330.1,335.0,340.2,344.7,348.1,344.8,340.5,335.8,331.1,327.0,332.7,334.7,336.7,337.5,336.6,334.5,332.5,331.8,-4.3,-8.7,-10.6,-9.1,-4.8,-0.1,1.5,-0.1,-2.2,-4.5,-6.1,-7.0,-6.5,-4.9,-2.5,-1.0,-0.4,-0.0,-0.1,-0.7,-2.5,-1.8,-2.6,-4.5,-6.4,-7.1,-6.2,-4.3,-6.9,-11.2,-13.2,-11.7,-7.5,-3.2,-1.2,-2.4,-4.1,-6.7,-8.8,-9.8,-9.3,-7.9,-5.7,-4.1,-3.2,-2.7,-2.7,-2.9,-5.1,-4.4,-5.3,-7.2,-9.0,-9.7,-8.8,-6.9,658.6,659.5,660.3,660.5,660.0,659.4,658.3,658.1,661.9,659.8,658.0,657.5,658.5,660.3,662.2,660.1,658.0,657.1,657.7,659.5,659.6,659.7,660.0,660.4,660.6,660.5,660.2,659.8,694.8,696.1,697.8,699.0,698.9,697.6,695.8,694.8,695.0,694.4,694.4,695.4,698.0,701.3,704.6,701.1,697.7,695.2,694.1,694.3,696.7,697.2,697.9,698.5,698.5,698.0,697.3,696.7,367.6,29.4,823.2,-0.000,0.103,-0.081
145,0,1656521711.851,0.98,1,-0.094267,0.071616,-0.992968,-0.241942,0.069705,-0.967784,-0.170,0.072,560.3,561.6,565.4,569.3,571.1,570.1,566.1,562.1,554.7,557.4,561.0,565.2,569.3,572.4,574.6,572.4,569.0,565.2,561.3,557.6,564.1,565.8,567.4,568.0,567.2,565.5,563.8,563.3,605.9,606.9,610.1,613.7,615.6,614.6,611.3,607.4,602.4,604.7,607.9,611.7,615.1,617.6,619.2,617.8,615.5,612.5,608.9,605.2,609.2,610.8,612.2,612.6,611.8,610.2,608.8,608.4,229.3,225.3,223.5,225.0,228.8,233.1,234.6,233.1,231.3,229.2,227.6,226.8,227.3,228.8,231.0,232.3,232.8,233.2,233.2,232.6,231.0,231.6,230.8,229.1,227.4,226.8,227.6,229.3,227.3,223.5,221.8,223.2,226.7,230.5,232.2,231.2,229.7,227.4,225.6,224.7,225.2,226.4,228.4,229.8,230.5,230.9,230.9,230.7,228.8,229.4,228.7,227.0,225.5,224.9,225.6,227.3,260.5,262.4,266.8,271.2,273.0,271.5,266.7,262.3,255.8,257.8,261.1,265.4,270.3,274.5,277.7,274.3,269.8,265.3,261.2,258.0,265.0,267.0,268.9,269.7,268.9,267.0,265.1,264.3,328.0,329.8,334.4,339.1,341.1,339.4,334.8,329.8,324.1,326.5,330.1,335.0,340.2,344.7,348.1,344.9,340.5,335.8,331.1,327.0,332.7,334.8,336.8,337.5,336.6,334.6,332.6,331.8,-4.2,-8.6,-10.5,-9.0,-4.7,-0.1,1.6,-0.0,-2.1,-4.4,-6.0,-7.0,-6.4,-4.8,-2.4,-0.9,-0.3,0.1,-0.0,-0.6,-2.4,-1.7,-2.5,-4.4,-6.3,-7.0,-6.1,-4.2,-6.8,-11.1,-13.1,-11.6,-7.5,-3.1,-1.1,-2.3,-4.0,-6.7,-8.7,-9.7,-9.2,-7.8,-5.6,-4.0,-3.1,-2.6,-2.6,-2.8,-5.0,-4.3,-5.2,-7.1,-8.9,-9.6,-8.7,-6.8,657.4,658.3,659.1,659.3,658.8,658.2,657.1,656.9,660.7,658.6,656.8,656.3,657.4,659.1,661.0,658.9,656.8,655.9,656.5,658.3,658.4,658.5,658.8,659.2,659.5,659.4,659.0,658.6,695.1,696.4,698.1,699.2,699.1,697.8,696.1,695.1,695.4,694.7,694.7,695.7,698.2,701.6,704.8,701.3,697.9,695.5,694.4,694.6,696.9,697.4,698.2,698.7,698.8,698.3,697.6,697.0,367.6,29.4,823.6,0.000,0.104,-0.080
146,0,1656521711.884,0.98,1,-0.093415,0.076276,-0.992701,-0.242398,0.074300,-0.967328,-0.170,0.077,560.3,561.7,565.4,569.3,571.2,570.1,566.1,562.1,554.8,557.4,561.0,565.2,569.3,572.5,574.7,572.4,569.1,565.2,561.3,557.6,564.1,565.8,567.4,568.0,567.2,565.5,563.9,563.3,606.0,607.0,610.2,613.8,615.6,614.6,611.4,607.5,602.5,604.8,607.9,611.8,615.2,617.7,619.2,617.9,615.6,612.6,609.0,605.3,609.3,610.8,612.3,612.7,611.9,610.3,608.9,608.5,229.4,225.4,223.6,225.0,228.9,233.2,234.7,233.2,231.3,229.2,227.7,226.8,227.3,228.8,231.0,232.4,232.9,233.3,233.2,232.7,231.1,231.7,230.9,229.2,227.5,226.8,227.6,229.4,227.3,223.6,221.9,223.2,226.7,230.5,232.2,231.2,229.7,227.4,225.6,224.8,225.2,226.4,228.3,229.8,230.5,230.9,230.9,230.8,228.9,229.4,228.7,227.1,225.5,224.9,225.7,227.3,260.5,262.3,266.7,271.1,273.0,271.5,266.7,262.3,255.8,257.8,261.1,265.4,270.3,274.5,277.7,274.3,269.8,265.3,261.2,258.0,265.0,267.0,268.9,269.7,268.9,267.0,265.1,264.3,329.3,331.1,335.6,340.3,342.4,340.6,336.1,331.1,325.4,327.8,331.4,336.3,341.5,346.0,349.4,346.1,341.8,337.1,332.4,328.3,334.0,336.1,338.1,338.8,337.9,335.9,333.9,333.1,-4.1,-8.5,-10.5,-8.9,-4.7,0.0,1.6,0.1,-2.0,-4.3,-6.0,-6.9,-6.4,-4.7,-2.4,-0.9,-0.3,0.2,0.1,-0.5,-2.3,-1.6,-2.5,-4.4,-6.2,-6.9,-6.0,-4.1,-6.8,-11.1,-13.1,-11.6,-7.5,-3.1,-1.1,-2.3,-4.0,-6.7,-8.7,-9.7,-9.2,-7.8,-5.7,-4.0,-3.0,-2.6,-2.6,-2.8,-5.0,-4.3,-5.2,-7.1,-8.9,-9.6,-8.7,-6.8,657.3,658.2,659.0,659.2,658.8,658.2,657.1,656.9,660.6,658.5,656.7,656.2,657.3,659.1,661.0,658.9,656.8,655.9,656.4,658.3,658.4,658.5,658.8,659.2,659.4,659.3,658.9,658.6,697.6,698.9,700.5,701.7,701.6,700.3,698.6,697.6,697.9,697.2,697.1,698.2,700.7,704.0,707.3,703.8,700.4,698.0,696.9,697.1,699.4,699.9,700.7,701.2,701.3,700.8,700.0,699.5,368.3,29.4,824.8,0.007,0.103,-0.081
147,0,1656521711.917,0.98,1,-0.092443,0.071617,-0.993139,-0.239521,0.068963,-0.968439,-0.168,0.072,560.3,561.7,565.4,569.4,571.2,570.1,566.1,562.1,554.8,557.4,561.1,565.3,569.3,572.5,574.7,572.4,569.1,565.3,561.3,557.6,564.1,565.8,567.5,568.1,567.3,565.5,563.9,563.3,606.0,607.0,610.2,613.8,615.7,614.7,611.4,607.5,602.5,604.8,608.0,611.8,615.2,617.7,619.3,617.9,615.6,612.6,609.0,605.3,609.3,610.9,612.3,612.7,611.9,610.3,608.9,608.5,229.3,225.3,223.5,225.0,228.8,233.1,234.6,233.1,231.2,229.1,227.6,226.8,227.3,228.8,231.0,232.4,232.9,233.2,233.2,232.6,231.0,231.6,230.9,229.1,227.4,226.8,227.6,229.3,227.4,223.7,222.0,223.3,226.9,230.6,232.3,231.3,229.8,227.5,225.7,224.9,225.4,226.6,228.5,229.9,230.7,231.0,231.0,230.8,229.0,229.6,228.8,227.2,225.6,225.0,225.8,227.4,260.2,262.1,266.5,270.9,272.6,271.2,266.4,262.0,255.4,257.5,260.8,265.1,270.0,274.2,277.4,274.0,269.5,265.0,260.9,257.6,264.7,266.6,268.6,269.4,268.6,266.7,264.8,263.9,327.6,329.4,333.9,338.6,340.7,338.9,334.4,329.4,323.7,326.1,329.7,334.6,339.8,344.3,347.7,344.4,340.1,335.4,330.7,326.6,332.3,334.3,336.3,337.1,336.2,334.2,332.2,331.4,-4.2,-8.6,-10.5,-8.9,-4.7,-0.0,1.6,-0.0,-2.1,-4.4,-6.1,-7.0,-6.4,-4.8,-2.4,-0.9,-0.3,0.1,0.0,-0.6,-2.4,-1.7,-2.5,-4.4,-6.3,-7.0,-6.1,-4.2,-6.6,-11.0,-13.0,-11.4,-7.3,-3.0,-1.0,-2.1,-3.8,-6.5,-8.6,-9.6,-9.0,-7.6,-5.4,-3.8,-2.9,-2.5,-2.5,-2.7,-4.8,-4.2,-5.0,-6.9,-8.7,-9.4,-8.5,-6.6,656.5,657.4,658.2,658.4,657.9,657.3,656.2,656.0,659.8,657.6,655.9,655.4,656.5,658.2,660.1,658.0,655.9,655.0,655.6,657.4,657.5,657.6,657.9,658.3,658.5,658.5,658.1,657.7,694.0,695.3,697.0,698.1,698.0,696.7,695.0,694.0,694.2,693.6,693.5,694.6,697.2,700.5,703.7,700.2,696.8,694.4,693.2,693.5,695.8,696.3,697.1,697.6,697.7,697.2,696.4,695.9,367.0,29.5,822.1,0.001,0.100,-0.076
148,0,1656521711.951,0.98,1,-0.089837,0.073701,-0.993226,-0.237794,0.071591,-0.968674,-0.165,0.074,560.4,561.8,565.5,569.4,571.2,570.1,566.2,562.2,554.9,557.5,561.1,565.3,569.4,572.5,574.7,572.4,569.1,565.3,561.4,557.7,564.2,565.9,567.5,568.1,567.3,565.6,564.0,563.4,606.0,607.0,610.2,613.8,615.6,614.6,611.4,607.5,602.5,604.8,607.9,611.7,615.2,617.6,619.2,617.8,615.6,612.5,608.9,605.3,609.2,610.8,612.2,612.6,611.8,610.3,608.9,608.4,229.3,225.3,223.5,225.0,228.8,233.1,234.5,233.1,231.2,229.1,227.6,226.8,227.3,228.8,230.9,232.3,232.8,233.2,233.1,232.6,231.0,231.6,230.8,229.1,227.4,226.8,227.6,229.3,227.3,223.6,221.9,223.2,226.8,230.5,232.2,231.2,229.7,227.4,225.7,224.8,225.3,226.5,228.4,229.8,230.5,230.9,230.9,230.7,228.9,229.4,228.7,227.1,225.5,224.9,225.7,227.3,262.1,264.0,268.4,272.8,274.6,273.1,268.3,263.9,257.3,259.4,262.7,267.1,271.9,276.1,279.3,276.0,271.5,266.9,262.8,259.5,266.7,268.6,270.5,271.3,270.5,268.6,266.7,265.9,330.0,331.8,336.3,341.0,343.1,341.3,336.8,331.8,326.1,328.5,332.1,337.0,342.2,346.7,350.1,346.8,342.5,337.8,333.1,329.0,334.7,336.7,338.7,339.5,338.6,336.6,334.6,333.8,-4.3,-8.6,-10.6,-9.0,-4.8,-0.1,1.5,-0.1,-2.1,-4.4,-6.1,-7.0,-6.5,-4.8,-2.5,-1.0,-0.4,-0.0,-0.1,-0.7,-2.4,-1.7,-2.6,-4.5,-6.3,-7.0,-6.2,-4.3,-6.8,-11.2,-13.2,-11.6,-7.5,-3.1,-1.2,-2.3,-4.0,-6.7,-8.7,-9.7,-9.2,-7.8,-5.6,-4.0,-3.1,-2.7,-2.7,-2.9,-5.0,-4.3,-5.2,-7.1,-8.9,-9.6,-8.7,-6.8,661.1,662.0,662.8,663.1,662.6,662.0,660.9,660.6,664.4,662.2,660.5,660.0,661.1,662.9,664.8,662.7,660.6,659.6,660.2,662.0,662.1,662.2,662.6,663.0,663.2,663.1,662.7,662.3,699.1,700.4,702.1,703.3,703.1,701.8,700.1,699.1,699.3,698.7,698.7,699.7,702.3,705.6,708.9,705.4,702.0,699.5,698.4,698.6,701.0,701.4,702.2,702.8,702.8,702.3,701.6,701.0,366.9,29.5,822.0,0.000,0.097,-0.077
149,0,1656521711.984,0.98,1,-0.094150,0.071288,-0.993002,-0.239537,0.069168,-0.968420,-0.169,0.071,560.4,561.7,565.5,569.4,571.3,570.2,566.2,562.2,554.8,557.5,561.1,565.3,569.4,572.6,574.8,572.5,569.2,565.3,561.4,557.7,564.2,565.9,567.5,568.1,567.3,565.6,564.0,563.4,606.1,607.1,610.4,614.0,615.8,614.8,611.6,607.7,602.6,605.0,608.1,612.0,615.4,617.9,619.4,618.1,615.8,612.8,609.2,605.5,609.4,611.0,612.4,612.9,612.1,610.5,609.1,608.6,229.3,225.3,223.5,225.0,228.8,233.2,234.6,233.2,231.3,229.2,227.6,226.8,227.3,228.8,231.0,232.4,232.9,233.3,233.2,232.6,231.0,231.7,230.9,229.1,227.4,226.8,227.6,229.3,227.4,223.6,221.9,223.2,226.8,230.6,232.3,231.3,229.8,227.5,225.7,224.8,225.3,226.5,228.5,229.9,230.6,231.0,231.0,230.8,228.9,229.5,228.8,227.1,225.6,225.0,225.7,227.4,259.8,261.6,266.0,270.4,272.2,270.7,266.0,261.6,255.1,257.1,260.4,264.7,269.6,273.7,277.0,273.6,269.1,264.6,260.5,257.2,264.3,266.2,268.2,269.0,268.2,266.3,264.3,263.5,327.2,328.9,333.5,338.2,340.3,338.5,333.9,328.9,323.2,325.6,329.2,334.1,339.3,343.8,347.2,344.0,339.7,335.0,330.3,326.2,331.8,333.9,335.9,336.7,335.7,333.7,331.7,330.9,-4.2,-8.5,-10.5,-8.9,-4.7,-0.0,1.6,0.0,-2.1,-4.4,-6.0,-6.9,-6.4,-4.8,-2.4,-0.9,-0.3,0.1,0.1,-0.6,-2.3,-1.6,-2.5,-4.4,-6.2,-6.9,-6.1,-4.2,-6.7,-11.0,-13.0,-11.5,-7.3,-3.0,-1.0,-2.2,-3.9,-6.6,-8.6,-9.6,-9.1,-7.7,-5.5,-3.8,-2.9,-2.5,-2.5,-2.7,-4.9,-4.2,-5.1,-7.0,-8.8,-9.4,-8.6,-6.7,655.3,656.2,657.0,657.1,656.7,656.0,655.0,654.8,658.6,656.5,654.7,654.2,655.2,657.0,658.8,656.8,654.7,653.8,654.4,656.2,656.3,656.4,656.7,657.1,657.3,657.2,656.9,656.5,692.6,693.9,695.6,696.8,696.7,695.4,693.6,692.6,692.8,692.3,692.2,693.2,695.8,699.2,702.4,698.9,695.5,693.0,691.9,692.1,694.5,695.0,695.7,696.3,696.3,695.8,695.1,694.5,367.7,29.6,823.3,0.001,0.098,-0.076
150,0,1656521712.017,0.98,1,-0.096939,0.069499,-0.992861,-0.242374,0.067427,-0.967837,-0.171,0.070,560.3,561.6,565.4,569.3,571.1,570.0,566.0,562.1,554.8,557.4,561.0,565.2,569.3,572.4,574.6,572.4,569.0,565.2,561.3,557.6,564.1,565.8,567.4,568.0,567.2,565.5,563.8,563.3,605.9,606.9,610.1,613.7,615.6,614.6,611.3,607.4,602.4,604.7,607.9,611.7,615.1,617.6,619.2,617.8,615.5,612.5,608.9,605.2,609.2,610.8,612.2,612.6,611.8,610.2,608.8,608.4,229.4,225.4,223.6,225.1,228.9,233.2,234.7,233.2,231.4,229.3,227.7,226.9,227.4,228.9,231.0,232.4,232.9,233.3,233.3,232.7,231.1,231.7,230.9,229.2,227.5,226.9,227.7,229.4,227.4,223.7,222.0,223.3,226.9,230.6,232.3,231.3,229.9,227.5,225.8,224.9,225.4,226.6,228.5,229.9,230.7,231.0,231.0,230.9,229.0,229.6,228.8,227.2,225.7,225.1,225.8,227.4,260.9,262.7,267.1,271.5,273.3,271.8,267.1,262.7,256.2,258.2,261.4,265.8,270.6,274.8,278.0,274.7,270.2,265.6,261.6,258.3,265.4,267.3,269.2,270.0,269.3,267.3,265.4,264.6,328.1,329.8,334.4,339.1,341.2,339.4,334.8,329.8,324.1,326.5,330.1,335.0,340.2,344.8,348.2,344.9,340.6,335.8,331.2,327.1,332.7,334.8,336.8,337.6,336.7,334.6,332.6,331.8,-4.1,-8.5,-10.4,-8.9,-4.7,0.0,1.7,0.1,-2.0,-4.3,-5.9,-6.9,-6.3,-4.7,-2.3,-0.8,-0.2,0.2,0.1,-0.5,-2.3,-1.6,-2.4,-4.3,-6.2,-6.9,-6.0,-4.1,-6.6,-10.9,-12.9,-11.4,-7.3,-2.9,-1.0,-2.1,-3.8,-6.5,-8.5,-9.5,-9.0,-7.6,-5.4,-3.8,-2.9,-2.5,-2.5,-2.6,-4.8,-4.1,-5.0,-6.9,-8.7,-9.4,-8.5,-6.6,658.3,659.2,660.0,660.2,659.7,659.0,658.0,657.8,661.7,659.5,657.7,657.2,658.2,660.0,661.8,659.7,657.7,656.8,657.4,659.3,659.3,659.4,659.7,660.1,660.3,660.2,659.9,659.5,695.2,696.5,698.2,699.3,699.2,697.8,696.1,695.1,695.4,694.8,694.7,695.8,698.3,701.6,704.9,701.4,698.0,695.5,694.4,694.7,697.0,697.5,698.2,698.8,698.9,698.4,697.6,697.1,367.3,29.7,822.8,-0.003,0.103,-0.077
151,0,1656521712.050,0.98,1,-0.093620,0.074208,-0.992839,-0.240685,0.071052,-0.967999,-0.169,0.074,560.4,561.8,565.5,569.4,571.3,570.2,566.2,562.2,554.9,557.6,561.2,565.3,569.4,572.5,574.7,572.5,569.2,565.3,561.4,557.8,564.2,565.9,567.5,568.1,567.3,565.6,564.0,563.4,605.9,606.9,610.2,613.8,615.6,614.6,611.4,607.5,602.5,604.8,607.9,611.7,615.2,617.6,619.2,617.9,615.6,612.5,608.9,605.3,609.2,610.8,612.2,612.7,611.8,610.3,608.9,608.4,229.3,225.4,223.6,225.1,228.9,233.2,234.6,233.2,231.3,229.2,227.7,226.8,227.3,228.8,231.0,232.4,232.9,233.3,233.2,232.6,231.0,231.7,230.9,229.2,227.5,226.9,227.6,229.4,227.4,223.7,221.9,223.3,226.8,230.6,232.3,231.3,229.8,227.5,225.7,224.9,225.3,226.6,228.5,229.9,230.6,231.0,231.0,230.8,229.0,229.5,228.8,227.2,225.6,225.0,225.8,227.4,261.5,263.4,267.8,272.2,274.0,272.5,267.7,263.3,256.8,258.8,262.1,266.4,271.3,275.5,278.7,275.3,270.8,266.3,262.2,259.0,266.0,268.0,269.9,270.7,269.9,268.0,266.1,265.3,328.7,330.4,335.0,339.7,341.8,340.0,335.5,330.5,324.8,327.2,330.8,335.7,340.9,345.4,348.8,345.5,341.2,336.5,331.8,327.7,333.4,335.4,337.4,338.2,337.3,335.2,333.2,332.5,-4.2,-8.5,-10.5,-8.9,-4.7,0.0,1.6,0.0,-2.1,-4.4,-6.0,-6.9,-6.4,-4.7,-2.3,-0.9,-0.3,0.1,0.0,-0.6,-2.3,-1.6,-2.5,-4.4,-6.2,-6.9,-6.1,-4.2,-6.7,-11.0,-13.0,-11.5,-7.4,-3.0,-1.0,-2.2,-3.9,-6.6,-8.6,-9.6,-9.1,-7.7,-5.5,-3.9,-3.0,-2.5,-2.5,-2.7,-4.9,-4.2,-5.1,-7.0,-8.8,-9.5,-8.6,-6.7,659.6,660.4,661.2,661.4,660.9,660.3,659.3,659.1,662.9,660.7,658.9,658.4,659.5,661.2,663.1,661.0,658.9,658.0,658.6,660.5,660.5,660.6,661.0,661.4,661.6,661.5,661.1,660.8,696.4,697.7,699.4,700.5,700.4,699.1,697.4,696.4,696.6,696.0,695.9,697.0,699.5,702.9,706.1,702.6,699.2,696.7,695.6,695.9,698.2,698.7,699.5,700.0,700.1,699.6,698.8,698.3,367.9,29.6,824.0,0.003,0.101,-0.080
152,0,1656521712.084,0.98,1,-0.089591,0.070949,-0.993448,-0.239210,0.069472,-0.968479,-0.166,0.071,560.4,561.7,565.5,569.4,571.3,570.2,566.2,562.2,554.8,557.5,561.1,565.3,569.4,572.5,574.8,572.5,569.2,565.3,561.4,557.7,564.1,565.9,567.5,568.1,567.3,565.6,563.9,563.3,606.0,607.0,610.2,613.8,615.7,614.7,611.5,607.6,602.5,604.8,608.0,611.8,615.2,617.7,619.3,618.0,615.7,612.6,609.0,605.4,609.3,610.9,612.3,612.7,611.9,610.3,608.9,608.5,229.5,225.5,223.7,225.2,229.1,233.4,234.9,233.4,231.5,229.4,227.8,227.0,227.5,229.0,231.2,232.6,233.1,233.5,233.4,232.9,231.2,231.9,231.1,229.3,227.7,227.0,227.8,229.5,227.5,223.7,222.0,223.3,226.9,230.6,232.3,231.4,229.9,227.5,225.8,224.9,225.3,226.6,228.5,229.9,230.7,231.1,231.1,230.9,229.0,229.6,228.8,227.2,225.6,225.1,225.8,227.5,259.5,261.3,265.7,270.1,271.9,270.5,265.7,261.3,254.7,256.8,260.0,264.4,269.3,273.5,276.7,273.3,268.8,264.3,260.2,256.9,264.0,265.9,267.9,268.7,267.9,265.9,264.0,263.2,327.4,329.1,333.7,338.4,340.5,338.7,334.2,329.2,323.5,325.9,329.4,334.4,339.6,344.1,347.5,344.2,339.9,335.2,330.5,326.4,332.1,334.1,336.1,336.9,336.0,333.9,331.9,331.2,-3.9,-8.3,-10.3,-8.7,-4.5,0.2,1.8,0.3,-1.8,-4.1,-5.8,-6.7,-6.2,-4.5,-2.1,-0.6,-0.1,0.4,0.3,-0.3,-2.1,-1.4,-2.3,-4.2,-6.0,-6.7,-5.8,-3.9,-6.6,-10.9,-12.9,-11.4,-7.3,-2.9,-0.9,-2.1,-3.7,-6.5,-8.5,-9.6,-9.0,-7.7,-5.4,-3.8,-2.8,-2.4,-2.4,-2.6,-4.8,-4.1,-5.0,-6.9,-8.7,-9.4,-8.5,-6.6,654.6,655.5,656.3,656.5,656.0,655.4,654.3,654.1,657.8,655.7,653.9,653.5,654.6,656.4,658.3,656.1,654.0,653.1,653.6,655.4,655.6,655.7,656.0,656.4,656.6,656.5,656.2,655.8,693.5,694.8,696.5,697.6,697.5,696.2,694.5,693.5,693.7,693.1,693.1,694.1,696.7,700.0,703.2,699.8,696.4,693.9,692.8,693.0,695.4,695.8,696.6,697.2,697.2,696.7,696.0,695.4,367.6,29.6,823.4,0.002,0.097,-0.078
153,0,1656521712.117,0.98,1,-0.091134,0.074725,-0.993031,-0.239366,0.073130,-0.968171,-0.167,0.075,560.3,561.7,565.4,569.3,571.2,570.1,566.1,562.2,554.8,557.5,561.1,565.2,569.3,572.4,574.7,572.4,569.1,565.3,561.3,557.7,564.1,565.8,567.5,568.0,567.2,565.5,563.9,563.3,606.0,606.9,610.2,613.8,615.6,614.6,611.4,607.5,602.5,604.8,607.9,611.8,615.2,617.7,619.2,617.9,615.6,612.6,609.0,605.3,609.3,610.8,612.2,612.7,611.9,610.3,608.9,608.5,229.4,225.4,223.6,225.1,228.9,233.2,234.7,233.2,231.4,229.3,227.7,226.9,227.4,228.9,231.1,232.4,232.9,233.3,233.3,232.7,231.1,231.7,231.0,229.2,227.5,226.9,227.7,229.4,227.4,223.7,222.0,223.3,226.8,230.6,232.3,231.3,229.8,227.5,225.7,224.9,225.3,226.6,228.5,229.9,230.6,231.0,231.0,230.8,229.0,229.5,228.8,227.2,225.6,225.0,225.8,227.4,261.2,263.0,267.4,271.8,273.6,272.2,267.4,263.0,256.4,258.5,261.7,266.1,271.0,275.2,278.4,275.0,270.5,266.0,261.9,258.6,265.7,267.6,269.6,270.4,269.6,267.6,265.7,264.9,328.9,330.7,335.2,340.0,342.0,340.3,335.7,330.7,325.0,327.4,331.0,335.9,341.1,345.6,349.0,345.8,341.4,336.7,332.1,327.9,333.6,335.7,337.7,338.4,337.5,335.5,333.5,332.7,-4.1,-8.5,-10.4,-8.8,-4.6,0.1,1.7,0.1,-2.0,-4.3,-5.9,-6.8,-6.3,-4.7,-2.3,-0.8,-0.2,0.2,0.1,-0.5,-2.3,-1.6,-2.4,-4.3,-6.2,-6.9,-6.0,-4.1,-6.7,-11.0,-13.0,-11.5,-7.4,-3.0,-1.0,-2.2,-3.9,-6.6,-8.6,-9.6,-9.1,-7.7,-5.5,-3.9,-3.0,-2.5,-2.5,-2.7,-4.9,-4.2,-5.1,-7.0,-8.8,-9.5,-8.6,-6.7,658.9,659.8,660.6,660.9,660.4,659.7,658.7,658.4,662.2,660.0,658.3,657.8,658.9,660.7,662.6,660.5,658.4,657.4,658.0,659.8,659.9,660.0,660.4,660.8,661.0,660.9,660.5,660.1,696.8,698.1,699.8,700.9,700.8,699.5,697.8,696.8,697.1,696.5,696.4,697.4,700.0,703.3,706.5,703.0,699.6,697.2,696.1,696.3,698.7,699.1,699.9,700.5,700.5,700.0,699.3,698.7,367.2,29.5,822.7,0.004,0.097,-0.077
154,0,1656521712.151,0.98,1,-0.092817,0.073381,-0.992975,-0.241035,0.071590,-0.967873,-0.169,0.074,560.3,561.6,565.4,569.3,571.1,570.0,566.0,562.1,554.7,557.4,561.0,565.2,569.3,572.4,574.6,572.4,569.1,565.2,561.3,557.6,564.0,565.8,567.4,568.0,567.2,565.5,563.8,563.3,606.0,607.0,610.2,613.8,615.7,614.7,611.4,607.6,602.5,604.8,607.9,611.8,615.2,617.7,619.3,618.0,615.7,612.6,609.0,605.3,609.3,610.9,612.3,612.7,611.9,610.3,608.9,608.5,229.5,225.5,223.7,225.2,229.0,233.3,234.8,233.4,231.5,229.4,227.8,227.0,227.5,229.0,231.2,232.5,233.1,233.4,233.4,232.8,231.2,231.8,231.1,229.3,227.6,227.0,227.8,229.5,227.5,223.7,222.0,223.3,226.9,230.7,232.4,231.4,229.9,227.6,225.8,224.9,225.4,226.6,228.5,229.9,230.7,231.1,231.1,230.9,229.0,229.6,228.9,227.2,225.7,225.1,225.8,227.5,260.2,262.1,266.5,270.9,272.7,271.2,266.4,262.0,255.5,257.5,260.8,265.1,270.0,274.2,277.4,274.0,269.5,265.0,260.9,257.7,264.7,266.7,268.6,269.4,268.6,266.7,264.8,264.0,327.8,329.5,334.1,338.8,340.9,339.1,334.5,329.6,323.9,326.2,329.8,334.7,339.9,344.5,347.9,344.6,340.3,335.6,330.9,326.8,332.5,334.5,336.5,337.3,336.4,334.3,332.3,331.5,-4.0,-8.3,-10.3,-8.7,-4.5,0.2,1.8,0.2,-1.8,-4.2,-5.8,-6.7,-6.2,-4.6,-2.2,-0.7,-0.1,0.3,0.2,-0.4,-2.1,-1.4,-2.3,-4.2,-6.0,-6.7,-5.9,-4.0,-6.5,-10.9,-12.9,-11.4,-7.2,-2.9,-0.9,-2.1,-3.7,-6.4,-8.5,-9.5,-9.0,-7.6,-5.4,-3.7,-2.8,-2.4,-2.4,-2.6,-4.8,-4.1,-5.0,-6.9,-8.7,-9.3,-8.5,-6.6,656.7,657.6,658.4,658.6,658.1,657.4,656.4,656.2,660.0,657.8,656.1,655.5,656.6,658.4,660.3,658.2,656.1,655.2,655.7,657.6,657.7,657.8,658.1,658.5,658.7,658.6,658.3,657.9,694.3,695.6,697.3,698.4,698.3,697.0,695.3,694.3,694.6,694.0,693.9,694.9,697.5,700.8,704.0,700.5,697.1,694.7,693.6,693.8,696.1,696.6,697.4,697.9,698.0,697.5,696.8,696.2,367.5,29.6,823.5,0.005,0.099,-0.078
155,0,1656521712.184,0.98,1,-0.090980,0.072630,-0.993201,-0.239662,0.070667,-0.968281,-0.167,0.073,560.3,561.6,565.4,569.3,571.1,570.0,566.0,562.1,554.7,557.4,561.0,565.2,569.3,572.4,574.6,572.4,569.0,565.2,561.3,557.6,564.0,565.8,567.4,568.0,567.2,565.5,563.8,563.2,605.9,606.9,610.2,613.8,615.6,614.6,611.4,607.5,602.4,604.8,607.9,611.7,615.2,617.7,619.2,617.9,615.6,612.6,608.9,605.3,609.2,610.8,612.2,612.7,611.9,610.3,608.9,608.4,229.4,225.4,223.6,225.1,228.9,233.2,234.7,233.2,231.3,229.2,227.7,226.9,227.4,228.9,231.1,232.4,232.9,233.3,233.2,232.7,231.1,231.7,230.9,229.2,227.5,226.9,227.7,229.4,227.4,223.6,221.9,223.2,226.8,230.5,232.3,231.3,229.8,227.5,225.7,224.8,225.3,226.5,228.4,229.8,230.6,231.0,231.0,230.8,228.9,229.5,228.8,227.1,225.6,225.0,225.7,227.4,260.5,262.4,266.8,271.2,273.0,271.5,266.7,262.3,255.7,257.8,261.1,265.5,270.4,274.5,277.7,274.4,269.9,265.3,261.2,258.0,265.1,267.0,268.9,269.7,268.9,267.0,265.1,264.3,327.6,329.4,333.9,338.7,340.8,339.0,334.4,329.5,323.7,326.1,329.7,334.6,339.8,344.3,347.8,344.5,340.2,335.4,330.8,326.7,332.3,334.4,336.4,337.2,336.2,334.2,332.2,331.4,-4.1,-8.5,-10.4,-8.8,-4.6,0.1,1.7,0.1,-2.0,-4.3,-6.0,-6.9,-6.3,-4.7,-2.3,-0.8,-0.2,0.1,0.1,-0.5,-2.3,-1.6,-2.4,-4.3,-6.2,-6.9,-6.0,-4.1,-6.7,-11.0,-13.0,-11.5,-7.4,-3.0,-1.0,-2.2,-3.9,-6.6,-8.6,-9.6,-9.1,-7.7,-5.5,-3.9,-3.0,-2.5,-2.5,-2.7,-4.9,-4.2,-5.1,-7.0,-8.8,-9.5,-8.6,-6.7,657.5,658.4,659.2,659.5,659.0,658.3,657.2,657.0,660.7,658.6,656.9,656.4,657.5,659.3,661.2,659.0,656.9,656.0,656.5,658.3,658.5,658.6,658.9,659.4,659.6,659.5,659.1,658.7,694.2,695.5,697.2,698.3,698.2,696.9,695.2,694.2,694.4,693.8,693.7,694.8,697.3,700.7,703.9,700.4,697.0,694.6,693.5,693.7,696.0,696.5,697.3,697.8,697.9,697.4,696.6,696.1,366.9,29.5,822.3,0.003,0.099,-0.077
156,0,1656521712.217,0.98,1,-0.090298,0.075697,-0.993034,-0.238418,0.073979,-0.968341,-0.166,0.076,560.1,561.5,565.2,569.2,571.0,569.9,565.9,562.0,554.6,557.3,560.9,565.1,569.1,572.3,574.5,572.2,568.9,565.1,561.1,557.5,563.9,565.6,567.3,567.9,567.1,565.4,563.7,563.1,605.9,606.9,610.1,613.7,615.6,614.6,611.3,607.4,602.4,604.7,607.9,611.7,615.1,617.6,619.1,617.8,615.5,612.5,608.9,605.2,609.2,610.8,612.2,612.6,611.8,610.2,608.8,608.4,229.4,225.4,223.6,225.1,229.0,233.2,234.7,233.3,231.4,229.3,227.8,226.9,227.4,228.9,231.1,232.4,233.0,233.3,233.3,232.7,231.1,231.8,231.0,229.2,227.5,226.9,227.7,229.4,227.4,223.7,221.9,223.3,226.9,230.6,232.3,231.3,229.8,227.5,225.8,224.9,225.4,226.6,228.5,229.9,230.6,231.0,231.0,230.8,229.0,229.6,228.8,227.2,225.6,225.0,225.8,227.4,260.3,262.2,266.6,271.0,272.8,271.3,266.5,262.1,255.5,257.6,260.9,265.2,270.1,274.3,277.5,274.2,269.7,265.1,261.0,257.7,264.9,266.8,268.7,269.5,268.7,266.8,264.9,264.1,328.0,329.8,334.3,339.0,341.1,339.4,334.8,329.8,324.1,326.5,330.1,335.0,340.2,344.7,348.1,344.9,340.5,335.8,331.1,327.0,332.7,334.8,336.8,337.5,336.6,334.5,332.5,331.8,-4.1,-8.4,-10.4,-8.8,-4.6,0.1,1.7,0.1,-2.0,-4.2,-5.9,-6.8,-6.3,-4.6,-2.3,-0.8,-0.2,0.2,0.1,-0.5,-2.2,-1.5,-2.4,-4.3,-6.1,-6.8,-6.0,-4.1,-6.6,-11.0,-13.0,-11.5,-7.3,-3.0,-1.0,-2.1,-3.9,-6.5,-8.5,-9.5,-9.0,-7.7,-5.5,-3.8,-2.9,-2.5,-2.5,-2.7,-4.8,-4.2,-5.1,-7.0,-8.8,-9.4,-8.6,-6.7,657.3,658.2,659.0,659.2,658.8,658.1,657.1,656.8,660.5,658.4,656.7,656.2,657.3,659.1,661.0,658.8,656.7,655.8,656.4,658.2,658.3,658.4,658.8,659.2,659.4,659.3,658.9,658.5,695.1,696.3,698.1,699.2,699.1,697.8,696.1,695.1,695.3,694.7,694.6,695.7,698.2,701.6,704.8,701.3,697.9,695.5,694.4,694.6,696.9,697.4,698.2,698.7,698.8,698.3,697.5,697.0,366.6,29.6,821.8,0.003,0.097,-0.076
157,0,1656521712.250,0.98,1,-0.093435,0.074702,-0.992819,-0.240067,0.072861,-0.968018,-0.168,0.075,560.2,561.6,565.3,569.2,571.0,569.9,566.0,562.0,554.7,557.4,561.0,565.1,569.2,572.3,574.5,572.3,568.9,565.1,561.2,557.6,564.0,565.7,567.3,567.9,567.1,565.4,563.8,563.2,605.8,606.8,610.0,613.6,615.4,614.4,611.2,607.4,602.3,604.6,607.8,611.6,615.0,617.5,619.0,617.7,615.4,612.4,608.8,605.1,609.1,610.7,612.1,612.5,611.7,610.1,608.7,608.3,229.4,225.4,223.6,225.1,228.9,233.1,234.6,233.2,231.3,229.2,227.7,226.9,227.3,228.8,231.0,232.3,232.9,233.3,233.2,232.6,231.0,231.7,230.9,229.2,227.5,226.9,227.6,229.4,227.3,223.6,221.9,223.3,226.8,230.5,232.2,231.2,229.8,227.4,225.7,224.8,225.3,226.5,228.4,229.8,230.6,230.9,230.9,230.8,228.9,229.5,228.7,227.1,225.6,225.0,225.7,227.4,261.9,263.7,268.1,272.5,274.3,272.9,268.1,263.7,257.1,259.2,262.5,266.8,271.7,275.9,279.1,275.7,271.2,266.7,262.6,259.4,266.4,268.4,270.3,271.1,270.3,268.4,266.4,265.6,329.5,331.3,335.8,340.6,342.6,340.9,336.3,331.3,325.6,328.0,331.6,336.5,341.7,346.2,349.6,346.4,342.0,337.3,332.6,328.5,334.2,336.3,338.3,339.0,338.1,336.1,334.1,333.3,-4.2,-8.5,-10.5,-8.9,-4.7,-0.0,1.6,0.0,-2.0,-4.3,-6.0,-6.9,-6.4,-4.8,-2.4,-0.9,-0.3,0.1,0.0,-0.6,-2.3,-1.6,-2.5,-4.4,-6.2,-6.9,-6.1,-4.2,-6.7,-11.1,-13.1,-11.6,-7.4,-3.1,-1.1,-2.2,-3.9,-6.6,-8.6,-9.6,-9.1,-7.8,-5.6,-3.9,-3.0,-2.6,-2.6,-2.8,-4.9,-4.3,-5.1,-7.0,-8.9,-9.5,-8.6,-6.8,661.1,662.0,662.7,663.0,662.5,661.9,660.8,660.6,664.4,662.2,660.5,659.9,661.0,662.8,664.7,662.6,660.5,659.6,660.1,662.0,662.1,662.2,662.5,662.9,663.1,663.0,662.7,662.3,698.5,699.8,701.5,702.6,702.5,701.2,699.5,698.5,698.7,698.1,698.0,699.1,701.6,705.0,708.2,704.7,701.3,698.9,697.8,698.0,700.3,700.8,701.6,702.1,702.2,701.7,700.9,700.4,367.6,29.6,824.0,0.003,0.100,-0.078
158,0,1656521712.284,0.98,1,-0.094602,0.073413,-0.992805,-0.242630,0.072104,-0.967436,-0.170,0.074,560.0,561.4,565.1,569.1,570.9,569.8,565.8,561.9,554.5,557.1,560.8,565.0,569.1,572.2,574.4,572.2,568.8,565.0,561.0,557.4,563.8,565.6,567.2,567.8,567.0,565.2,563.6,563.0,605.7,606.6,609.9,613.5,615.4,614.4,611.2,607.3,602.2,604.5,607.6,611.4,614.9,617.4,619.0,617.7,615.4,612.3,608.7,605.0,609.0,610.6,612.0,612.4,611.6,610.0,608.6,608.2,229.5,225.5,223.7,225.2,229.0,233.3,234.8,233.4,231.5,229.4,227.8,226.9,227.4,229.0,231.2,232.5,233.1,233.5,233.4,232.9,231.2,231.8,231.1,229.3,227.6,227.0,227.8,229.5,227.3,223.6,221.9,223.2,226.7,230.5,232.2,231.2,229.8,227.4,225.6,224.7,225.2,226.4,228.3,229.8,230.6,231.0,231.0,230.8,228.9,229.5,228.7,227.1,225.5,224.9,225.7,227.3,259.3,261.1,265.5,269.9,271.7,270.3,265.5,261.1,254.6,256.6,259.9,264.2,269.1,273.2,276.5,273.1,268.6,264.1,260.0,256.8,263.8,265.7,267.7,268.5,267.7,265.8,263.8,263.0,326.7,328.4,332.9,337.6,339.8,338.0,333.5,328.5,322.8,325.1,328.7,333.6,338.8,343.3,346.8,343.5,339.2,334.5,329.8,325.7,331.4,333.4,335.4,336.2,335.2,333.2,331.2,330.4,-4.0,-8.3,-10.3,-8.7,-4.5,0.2,1.8,0.2,-1.8,-4.1,-5.8,-6.8,-6.2,-4.6,-2.2,-0.7,-0.1,0.3,0.3,-0.3,-2.1,-1.4,-2.3,-4.2,-6.0,-6.7,-5.9,-4.0,-6.7,-11.0,-13.1,-11.6,-7.4,-3.1,-1.1,-2.2,-3.8,-6.6,-8.7,-9.7,-9.2,-7.8,-5.6,-3.9,-3.0,-2.5,-2.5,-2.7,-4.9,-4.3,-5.1,-7.0,-8.9,-9.5,-8.6,-6.7,655.0,655.9,656.7,656.9,656.4,655.8,654.7,654.5,658.3,656.2,654.4,653.9,655.0,656.7,658.6,656.5,654.4,653.5,654.1,655.9,656.0,656.1,656.4,656.8,657.0,656.9,656.6,656.2,692.8,694.1,695.8,696.9,696.8,695.5,693.8,692.8,693.0,692.4,692.3,693.4,695.9,699.2,702.5,699.0,695.6,693.1,692.1,692.3,694.6,695.1,695.8,696.4,696.5,696.0,695.2,694.7,367.6,29.6,824.3,0.008,0.101,-0.080
159,0,1656521712.317,0.98,1,-0.094214,0.077521,-0.992529,-0.241433,0.075799,-0.967453,-0.170,0.078,560.0,561.4,565.1,569.0,570.9,569.8,565.8,561.9,554.5,557.1,560.8,564.9,569.0,572.1,574.4,572.1,568.8,565.0,561.0,557.4,563.8,565.5,567.2,567.7,566.9,565.2,563.6,563.0,605.7,606.7,610.0,613.6,615.4,614.4,611.2,607.3,602.2,604.6,607.7,611.5,615.0,617.4,619.0,617.7,615.4,612.3,608.7,605.1,609.0,610.6,612.0,612.5,611.6,610.1,608.7,608.2,229.5,225.5,223.7,225.1,229.0,233.3,234.8,233.3,231.4,229.3,227.8,227.0,227.4,228.9,231.1,232.4,233.0,233.4,233.3,232.8,231.2,231.8,231.0,229.3,227.6,226.9,227.7,229.5,227.4,223.7,221.9,223.3,226.8,230.6,232.3,231.3,229.8,227.5,225.7,224.9,225.4,226.5,228.4,229.8,230.6,231.0,231.0,230.8,228.9,229.5,228.8,227.1,225.6,225.0,225.8,227.4,260.8,262.6,267.0,271.4,273.2,271.8,267.0,262.6,256.0,258.1,261.3,265.7,270.5,274.7,278.0,274.6,270.1,265.6,261.5,258.2,265.3,267.2,269.1,269.9,269.1,267.2,265.3,264.5,328.8,330.5,335.1,339.8,341.9,340.1,335.5,330.6,324.9,327.3,330.8,335.7,340.9,345.5,348.9,345.6,341.3,336.6,331.9,327.8,333.5,335.5,337.5,338.3,337.4,335.3,333.3,332.6,-4.0,-8.4,-10.4,-8.8,-4.6,0.1,1.7,0.2,-1.9,-4.2,-5.8,-6.8,-6.2,-4.6,-2.3,-0.8,-0.2,0.2,0.2,-0.4,-2.2,-1.5,-2.4,-4.3,-6.1,-6.8,-5.9,-4.0,-6.7,-11.0,-13.0,-11.5,-7.4,-3.0,-1.0,-2.2,-3.9,-6.6,-8.6,-9.6,-9.1,-7.7,-5.6,-3.9,-3.0,-2.5,-2.5,-2.7,-4.9,-4.2,-5.1,-7.0,-8.8,-9.5,-8.6,-6.7,658.7,659.6,660.4,660.6,660.1,659.5,658.5,658.3,662.0,659.9,658.1,657.6,658.7,660.4,662.3,660.2,658.1,657.2,657.8,659.7,659.7,659.8,660.2,660.6,660.8,660.7,660.3,659.9,697.1,698.4,700.0,701.1,701.0,699.8,698.1,697.1,697.4,696.7,696.6,697.6,700.2,703.5,706.7,703.3,699.9,697.4,696.4,696.6,698.9,699.4,700.1,700.7,700.7,700.3,699.5,699.0,366.8,29.6,822.5,0.006,0.100,-0.079
160,0,1656521712.351,0.98,1,-0.096316,0.073332,-0.992646,-0.241623,0.070682,-0.967793,-0.171,0.073,560.1,561.5,565.2,569.2,571.0,569.9,565.9,562.0,554.6,557.3,560.9,565.0,569.1,572.3,574.5,572.2,568.9,565.1,561.1,557.5,563.9,565.6,567.3,567.9,567.1,565.3,563.7,563.1,605.8,606.8,610.1,613.7,615.5,614.5,611.2,607.4,602.3,604.6,607.8,611.6,615.1,617.5,619.1,617.8,615.5,612.4,608.8,605.1,609.1,610.7,612.1,612.5,611.7,610.2,608.7,608.3,229.4,225.4,223.6,225.1,228.9,233.2,234.7,233.2,231.3,229.2,227.7,226.8,227.3,228.9,231.1,232.4,232.9,233.3,233.3,232.7,231.1,231.7,230.9,229.2,227.5,226.9,227.7,229.4,227.4,223.7,222.0,223.3,226.9,230.7,232.4,231.3,229.9,227.5,225.8,224.9,225.4,226.6,228.5,230.0,230.7,231.1,231.1,230.9,229.0,229.6,228.9,227.2,225.7,225.1,225.8,227.5,260.8,262.6,267.0,271.4,273.2,271.8,267.0,262.6,256.1,258.1,261.4,265.7,270.6,274.7,278.0,274.6,270.1,265.6,261.5,258.3,265.3,267.2,269.2,270.0,269.2,267.3,265.3,264.5,327.7,329.4,334.0,338.7,340.8,339.0,334.4,329.5,323.8,326.2,329.7,334.7,339.9,344.4,347.8,344.5,340.2,335.5,330.8,326.7,332.4,334.4,336.4,337.2,336.3,334.2,332.2,331.5,-4.1,-8.5,-10.5,-8.9,-4.7,0.0,1.7,0.1,-2.0,-4.3,-6.0,-6.9,-6.4,-4.7,-2.3,-0.8,-0.2,0.2,0.1,-0.5,-2.3,-1.6,-2.4,-4.4,-6.2,-6.9,-6.0,-4.1,-6.6,-10.9,-12.9,-11.4,-7.2,-2.9,-0.9,-2.1,-3.8,-6.5,-8.5,-9.5,-9.0,-7.6,-5.4,-3.7,-2.8,-2.4,-2.4,-2.6,-4.8,-4.1,-5.0,-6.9,-8.7,-9.4,-8.5,-6.6,658.6,659.4,660.2,660.4,659.9,659.3,658.3,658.1,661.9,659.7,657.9,657.4,658.4,660.2,662.1,660.0,657.9,657.0,657.6,659.5,659.5,659.6,659.9,660.3,660.5,660.5,660.1,659.7,694.6,695.8,697.6,698.7,698.6,697.3,695.6,694.6,694.8,694.2,694.1,695.1,697.7,701.0,704.3,700.8,697.4,694.9,693.8,694.1,696.4,696.9,697.6,698.2,698.2,697.8,697.0,696.4,367.7,29.6,824.1,0.003,0.103,-0.079
161,0,1656521712.384,0.98,1,-0.096222,0.073657,-0.992631,-0.242339,0.072213,-0.967500,-0.171,0.074,560.1,561.4,565.2,569.1,570.9,569.9,565.9,561.9,554.6,557.2,560.8,565.0,569.1,572.2,574.4,572.2,568.9,565.0,561.1,557.4,563.9,565.6,567.2,567.8,567.0,565.3,563.7,563.1,605.7,606.7,610.0,613.6,615.4,614.4,611.2,607.3,602.2,604.5,607.7,611.5,615.0,617.5,619.0,617.7,615.4,612.3,608.7,605.1,609.0,610.6,612.0,612.5,611.6,610.1,608.6,608.2,229.5,225.5,223.7,225.2,229.0,233.3,234.8,233.3,231.5,229.4,227.8,227.0,227.5,229.0,231.1,232.5,233.0,233.4,233.4,232.8,231.2,231.8,231.0,229.3,227.6,227.0,227.8,229.5,227.4,223.7,222.0,223.3,226.9,230.6,232.3,231.3,229.9,227.5,225.7,224.9,225.4,226.6,228.5,229.9,230.7,231.0,231.0,230.9,229.0,229.6,228.8,227.2,225.6,225.0,225.8,227.4,260.6,262.4,266.8,271.2,273.0,271.6,266.8,262.4,255.9,257.9,261.2,265.5,270.4,274.6,277.8,274.4,269.9,265.4,261.3,258.1,265.1,267.1,269.0,269.8,269.0,267.1,265.1,264.3,327.7,329.4,334.0,338.7,340.8,339.0,334.4,329.5,323.8,326.1,329.7,334.6,339.8,344.4,347.8,344.5,340.2,335.5,330.8,326.7,332.3,334.4,336.4,337.2,336.3,334.2,332.2,331.4,-4.0,-8.4,-10.3,-8.8,-4.5,0.2,1.8,0.2,-1.8,-4.2,-5.8,-6.8,-6.2,-4.6,-2.2,-0.7,-0.1,0.3,0.2,-0.4,-2.2,-1.5,-2.3,-4.2,-6.1,-6.8,-5.9,-4.0,-6.6,-11.0,-13.0,-11.5,-7.3,-3.0,-1.0,-2.1,-3.8,-6.5,-8.5,-9.6,-9.0,-7.7,-5.5,-3.8,-2.9,-2.5,-2.5,-2.6,-4.8,-4.2,-5.0,-6.9,-8.8,-9.4,-8.5,-6.6,658.2,659.1,659.8,660.0,659.5,658.9,657.9,657.7,661.5,659.3,657.6,657.0,658.1,659.8,661.7,659.6,657.6,656.7,657.3,659.1,659.2,659.3,659.6,660.0,660.2,660.1,659.8,659.4,694.7,696.0,697.7,698.8,698.7,697.4,695.7,694.7,695.0,694.4,694.3,695.3,697.9,701.2,704.4,700.9,697.6,695.1,694.0,694.2,696.6,697.1,697.8,698.4,698.4,697.9,697.2,696.6,367.5,29.7,824.0,0.004,0.103,-0.079
162,0,1656521712.418,0.98,1,-0.097425,0.073640,-0.992515,-0.241568,0.070869,-0.967793,-0.171,0.074,560.1,561.5,565.2,569.1,570.9,569.8,565.9,561.9,554.6,557.3,560.8,565.0,569.1,572.2,574.4,572.2,568.8,565.0,561.1,557.5,563.9,565.6,567.2,567.8,567.0,565.3,563.7,563.1,605.7,606.7,610.0,613.6,615.4,614.4,611.2,607.3,602.2,604.6,607.7,611.6,615.0,617.5,619.0,617.7,615.4,612.3,608.7,605.1,609.0,610.6,612.0,612.5,611.7,610.1,608.7,608.2,229.4,225.4,223.6,225.1,228.9,233.2,234.7,233.2,231.4,229.3,227.7,226.9,227.4,228.9,231.0,232.4,232.9,233.3,233.3,232.7,231.1,231.7,230.9,229.2,227.5,226.9,227.7,229.4,227.4,223.7,222.0,223.3,226.9,230.6,232.3,231.3,229.8,227.5,225.8,224.9,225.4,226.6,228.5,229.9,230.6,231.0,231.0,230.8,229.0,229.6,228.8,227.2,225.6,225.0,225.8,227.4,261.6,263.4,267.8,272.2,274.0,272.6,267.8,263.4,256.9,258.9,262.1,266.5,271.3,275.5,278.8,275.4,270.9,266.4,262.3,259.1,266.1,268.0,270.0,270.8,270.0,268.1,266.1,265.3,328.4,330.2,334.7,339.4,341.5,339.7,335.1,330.2,324.5,326.9,330.5,335.4,340.6,345.1,348.5,345.2,340.9,336.2,331.5,327.4,333.1,335.1,337.1,337.9,337.0,334.9,332.9,332.2,-4.1,-8.5,-10.5,-8.9,-4.7,0.0,1.7,0.1,-2.0,-4.3,-5.9,-6.9,-6.3,-4.7,-2.3,-0.9,-0.2,0.2,0.1,-0.5,-2.3,-1.6,-2.4,-4.4,-6.2,-6.9,-6.0,-4.1,-6.7,-11.0,-13.0,-11.5,-7.3,-3.0,-1.0,-2.2,-3.9,-6.5,-8.6,-9.6,-9.0,-7.7,-5.5,-3.8,-2.9,-2.5,-2.5,-2.7,-4.9,-4.2,-5.1,-7.0,-8.8,-9.4,-8.6,-6.7,660.6,661.5,662.2,662.4,661.9,661.3,660.3,660.1,664.0,661.8,660.0,659.4,660.5,662.2,664.1,662.0,660.0,659.1,659.7,661.6,661.6,661.7,662.0,662.4,662.6,662.5,662.2,661.8,696.2,697.5,699.2,700.3,700.2,698.9,697.2,696.2,696.5,695.9,695.8,696.8,699.4,702.7,705.9,702.4,699.0,696.6,695.5,695.7,698.1,698.5,699.3,699.9,699.9,699.4,698.7,698.1,367.6,29.8,823.8,0.001,0.105,-0.081
163,0,1656521712.451,0.98,1,-0.096282,0.073074,-0.992668,-0.242408,0.070121,-0.967637,-0.171,0.073,560.2,561.6,565.3,569.2,571.1,570.0,566.0,562.1,554.8,557.4,561.0,565.1,569.2,572.3,574.6,572.3,569.0,565.2,561.2,557.6,564.0,565.7,567.4,568.0,567.2,565.4,563.8,563.2,605.7,606.7,609.9,613.5,615.4,614.4,611.1,607.3,602.2,604.5,607.7,611.5,614.9,617.4,619.0,617.6,615.3,612.3,608.7,605.0,609.0,610.6,612.0,612.4,611.6,610.0,608.6,608.2,229.4,225.4,223.6,225.1,228.9,233.2,234.7,233.2,231.4,229.2,227.7,226.9,227.4,228.9,231.1,232.4,233.0,233.3,233.3,232.7,231.1,231.7,230.9,229.2,227.5,226.9,227.7,229.4,227.3,223.6,221.9,223.2,226.8,230.5,232.2,231.2,229.8,227.5,225.7,224.8,225.3,226.5,228.4,229.8,230.6,230.9,231.0,230.8,228.9,229.5,228.7,227.1,225.6,225.0,225.7,227.4,261.6,263.4,267.8,272.2,274.0,272.5,267.8,263.4,256.9,258.9,262.1,266.5,271.4,275.5,278.7,275.4,270.9,266.3,262.3,259.1,266.1,268.0,270.0,270.8,270.0,268.0,266.1,265.3,328.6,330.3,334.9,339.6,341.7,339.9,335.4,330.4,324.7,327.1,330.6,335.5,340.7,345.3,348.7,345.4,341.1,336.4,331.7,327.6,333.3,335.3,337.3,338.1,337.2,335.1,333.1,332.4,-4.1,-8.5,-10.5,-8.9,-4.7,0.0,1.7,0.1,-2.0,-4.3,-6.0,-6.9,-6.4,-4.7,-2.3,-0.8,-0.2,0.2,0.1,-0.5,-2.3,-1.6,-2.4,-4.4,-6.2,-6.9,-6.0,-4.1,-6.7,-11.1,-13.1,-11.6,-7.4,-3.1,-1.1,-2.2,-3.9,-6.6,-8.6,-9.7,-9.1,-7.8,-5.6,-3.9,-3.0,-2.6,-2.5,-2.7,-4.9,-4.3,-5.1,-7.0,-8.8,-9.5,-8.6,-6.7,660.2,661.1,661.8,662.0,661.5,660.9,659.9,659.7,663.6,661.4,659.6,659.0,660.1,661.8,663.7,661.6,659.6,658.7,659.3,661.1,661.2,661.3,661.6,662.0,662.2,662.1,661.8,661.4,696.8,698.0,699.7,700.9,700.7,699.4,697.7,696.7,697.0,696.4,696.3,697.3,699.9,703.2,706.4,702.9,699.6,697.1,696.0,696.3,698.6,699.1,699.8,700.4,700.4,699.9,699.2,698.6,368.6,29.8,826.0,0.004,0.104,-0.083
164,0,1656521712.484,0.98,1,-0.094877,0.077045,-0.992503,-0.241397,0.074241,-0.967582,-0.170,0.077,560.2,561.5,565.3,569.2,571.0,569.9,565.9,562.0,554.7,557.3,560.9,565.1,569.1,572.3,574.5,572.2,568.9,565.1,561.2,557.5,564.0,565.7,567.3,567.9,567.1,565.4,563.7,563.2,605.7,606.7,609.9,613.5,615.3,614.4,611.1,607.2,602.2,604.5,607.7,611.5,614.9,617.4,619.0,617.6,615.3,612.3,608.7,605.0,609.0,610.6,612.0,612.4,611.6,610.0,608.6,608.2,229.7,225.7,223.9,225.3,229.1,233.4,234.9,233.5,231.6,229.5,228.0,227.1,227.6,229.1,231.3,232.6,233.2,233.6,233.5,233.0,231.3,232.0,231.2,229.4,227.8,227.1,227.9,229.7,227.5,223.8,222.0,223.4,226.9,230.7,232.4,231.4,229.9,227.6,225.9,225.0,225.5,226.6,228.5,229.9,230.7,231.1,231.1,230.9,229.1,229.6,228.9,227.3,225.7,225.1,225.9,227.5,261.5,263.3,267.7,272.1,273.9,272.5,267.7,263.3,256.8,258.8,262.0,266.4,271.3,275.4,278.7,275.3,270.8,266.3,262.2,259.0,266.0,268.0,269.9,270.7,269.9,268.0,266.0,265.2,328.3,330.0,334.6,339.3,341.4,339.6,335.1,330.1,324.4,326.8,330.4,335.3,340.5,345.0,348.4,345.1,340.8,336.1,331.4,327.3,333.0,335.1,337.0,337.8,336.9,334.8,332.8,332.1,-3.8,-8.2,-10.2,-8.6,-4.4,0.3,1.9,0.4,-1.7,-4.0,-5.7,-6.6,-6.1,-4.5,-2.1,-0.6,0.0,0.4,0.4,-0.2,-2.0,-1.3,-2.2,-4.1,-5.9,-6.6,-5.8,-3.8,-6.5,-10.9,-12.9,-11.4,-7.2,-2.9,-0.9,-2.0,-3.7,-6.4,-8.4,-9.5,-8.9,-7.6,-5.4,-3.8,-2.8,-2.4,-2.4,-2.6,-4.7,-4.1,-5.0,-6.9,-8.7,-9.3,-8.5,-6.6,660.2,661.0,661.8,662.0,661.5,660.9,659.9,659.7,663.5,661.3,659.5,659.0,660.0,661.8,663.7,661.6,659.6,658.7,659.3,661.1,661.2,661.3,661.6,662.0,662.1,662.1,661.7,661.4,696.2,697.4,699.1,700.3,700.2,698.9,697.2,696.2,696.5,695.8,695.7,696.8,699.3,702.6,705.9,702.4,699.0,696.6,695.5,695.7,698.0,698.5,699.3,699.8,699.9,699.4,698.6,698.1,368.2,29.8,825.2,0.005,0.104,-0.085
165,0,1656521712.518,0.98,1,-0.094494,0.073861,-0.992782,-0.239161,0.071189,-0.968367,-0.169,0.074,560.2,561.5,565.3,569.2,571.0,569.9,565.9,562.0,554.7,557.3,560.9,565.1,569.2,572.3,574.5,572.3,568.9,565.1,561.2,557.5,564.0,565.7,567.3,567.9,567.1,565.4,563.8,563.2,605.8,606.7,610.0,613.6,615.4,614.4,611.2,607.3,602.3,604.6,607.7,611.6,615.0,617.4,619.0,617.7,615.4,612.4,608.8,605.1,609.0,610.6,612.0,612.5,611.7,610.1,608.7,608.2,229.4,225.4,223.6,225.1,228.9,233.2,234.7,233.2,231.3,229.3,227.7,226.9,227.4,228.9,231.1,232.4,232.9,233.3,233.2,232.7,231.1,231.7,230.9,229.2,227.5,226.9,227.7,229.4,227.4,223.7,222.0,223.3,226.9,230.6,232.3,231.3,229.8,227.5,225.8,224.9,225.4,226.6,228.5,229.9,230.6,231.0,231.0,230.8,229.0,229.6,228.8,227.2,225.6,225.0,225.8,227.4,261.4,263.3,267.7,272.1,273.9,272.4,267.6,263.2,256.7,258.7,262.0,266.3,271.2,275.4,278.6,275.2,270.7,266.2,262.1,258.9,265.9,267.9,269.8,270.6,269.8,267.9,266.0,265.2,328.3,330.1,334.6,339.3,341.4,339.7,335.1,330.1,324.4,326.8,330.4,335.3,340.5,345.0,348.4,345.1,340.8,336.1,331.4,327.3,333.0,335.1,337.1,337.8,336.9,334.8,332.8,332.1,-4.1,-8.5,-10.4,-8.9,-4.6,0.1,1.7,0.1,-2.0,-4.3,-5.9,-6.9,-6.3,-4.7,-2.3,-0.8,-0.2,0.2,0.1,-0.5,-2.3,-1.6,-2.4,-4.3,-6.2,-6.9,-6.0,-4.1,-6.7,-11.0,-13.0,-11.5,-7.3,-3.0,-1.0,-2.2,-3.8,-6.5,-8.5,-9.6,-9.0,-7.7,-5.5,-3.8,-2.9,-2.5,-2.5,-2.7,-4.8,-4.2,-5.1,-7.0,-8.8,-9.4,-8.6,-6.7,659.9,660.8,661.6,661.8,661.3,660.7,659.7,659.5,663.3,661.1,659.3,658.8,659.8,661.6,663.5,661.4,659.3,658.4,659.0,660.9,660.9,661.0,661.3,661.7,661.9,661.9,661.5,661.1,696.0,697.3,699.0,700.2,700.1,698.8,697.1,696.0,696.3,695.7,695.6,696.6,699.2,702.6,705.8,702.3,698.9,696.4,695.3,695.5,697.9,698.4,699.1,699.7,699.7,699.2,698.5,697.9,367.1,29.6,822.7,0.001,0.103,-0.082
166,0,1656521712.551,0.98,1,-0.093669,0.070181,-0.993127,-0.239661,0.067844,-0.968483,-0.168,0.070,560.1,561.5,565.2,569.2,571.0,569.9,565.9,562.0,554.6,557.2,560.9,565.0,569.1,572.3,574.5,572.2,568.9,565.1,561.1,557.5,563.9,565.6,567.3,567.9,567.1,565.3,563.7,563.1,605.8,606.8,610.0,613.6,615.5,614.5,611.3,607.4,602.3,604.6,607.8,611.6,615.0,617.5,619.1,617.7,615.5,612.4,608.8,605.2,609.1,610.7,612.1,612.5,611.7,610.1,608.7,608.3,229.4,225.4,223.6,225.1,228.9,233.2,234.7,233.2,231.4,229.3,227.7,226.9,227.4,228.9,231.1,232.4,232.9,233.3,233.3,232.7,231.1,231.7,231.0,229.2,227.5,226.9,227.7,229.4,227.3,223.6,221.9,223.2,226.8,230.5,232.2,231.2,229.8,227.4,225.7,224.8,225.3,226.5,228.4,229.8,230.5,230.9,230.9,230.8,228.9,229.5,228.7,227.1,225.5,225.0,225.7,227.3,260.3,262.2,266.6,271.0,272.8,271.3,266.5,262.1,255.6,257.7,260.9,265.2,270.1,274.3,277.5,274.1,269.6,265.1,261.1,257.8,264.9,266.8,268.7,269.5,268.7,266.8,264.9,264.1,327.6,329.4,333.9,338.7,340.8,339.0,334.4,329.5,323.7,326.1,329.7,334.6,339.8,344.3,347.7,344.5,340.2,335.5,330.8,326.7,332.3,334.4,336.4,337.2,336.2,334.2,332.2,331.4,-4.1,-8.5,-10.4,-8.8,-4.6,0.1,1.7,0.1,-1.9,-4.3,-5.9,-6.9,-6.3,-4.7,-2.3,-0.8,-0.2,0.2,0.1,-0.5,-2.2,-1.6,-2.4,-4.3,-6.2,-6.9,-6.0,-4.1,-6.7,-11.1,-13.1,-11.6,-7.4,-3.1,-1.1,-2.2,-3.9,-6.6,-8.6,-9.7,-9.1,-7.8,-5.6,-3.9,-3.0,-2.6,-2.6,-2.7,-4.9,-4.3,-5.1,-7.0,-8.8,-9.5,-8.6,-6.7,657.4,658.3,659.1,659.2,658.7,658.1,657.1,656.9,660.7,658.5,656.8,656.2,657.3,659.1,660.9,658.8,656.7,655.8,656.4,658.3,658.4,658.4,658.8,659.2,659.4,659.3,659.0,658.6,694.5,695.8,697.6,698.7,698.6,697.2,695.5,694.5,694.7,694.2,694.1,695.1,697.7,701.0,704.3,700.8,697.4,694.9,693.8,694.0,696.4,696.9,697.6,698.2,698.2,697.7,697.0,696.4,367.1,29.6,822.6,-0.001,0.100,-0.080
167,0,1656521712.584,0.98,1,-0.093618,0.072945,-0.992932,-0.242424,0.070981,-0.967570,-0.170,0.073,560.0,561.4,565.1,569.0,570.9,569.8,565.8,561.8,554.5,557.1,560.7,564.9,569.0,572.1,574.4,572.1,568.8,564.9,561.0,557.3,563.8,565.5,567.1,567.7,566.9,565.2,563.6,563.0,605.9,606.9,610.1,613.7,615.5,614.5,611.3,607.4,602.4,604.7,607.8,611.7,615.1,617.6,619.2,617.8,615.5,612.5,608.9,605.2,609.2,610.7,612.2,612.6,611.8,610.2,608.8,608.4,229.4,225.4,223.6,225.1,228.9,233.2,234.7,233.2,231.4,229.3,227.7,226.9,227.4,228.9,231.0,232.4,232.9,233.3,233.2,232.7,231.1,231.7,230.9,229.2,227.5,226.9,227.7,229.4,227.3,223.6,221.9,223.2,226.8,230.5,232.2,231.2,229.8,227.5,225.7,224.9,225.3,226.6,228.4,229.8,230.6,230.9,230.9,230.8,228.9,229.5,228.8,227.1,225.6,225.0,225.7,227.4,260.7,262.5,266.9,271.3,273.1,271.6,266.9,262.5,255.9,258.0,261.2,265.6,270.4,274.6,277.8,274.5,270.0,265.4,261.4,258.1,265.2,267.1,269.0,269.8,269.1,267.1,265.2,264.4,329.3,331.0,335.6,340.3,342.4,340.6,336.0,331.0,325.4,327.7,331.3,336.2,341.4,346.0,349.4,346.1,341.8,337.0,332.4,328.3,333.9,336.0,338.0,338.8,337.9,335.8,333.8,333.0,-4.1,-8.5,-10.5,-8.9,-4.7,0.0,1.6,0.1,-2.0,-4.3,-5.9,-6.9,-6.3,-4.7,-2.3,-0.9,-0.3,0.1,0.1,-0.5,-2.3,-1.6,-2.4,-4.4,-6.2,-6.9,-6.0,-4.1,-6.7,-11.1,-13.1,-11.5,-7.4,-3.0,-1.1,-2.2,-3.9,-6.6,-8.6,-9.6,-9.1,-7.7,-5.5,-3.9,-3.0,-2.6,-2.6,-2.8,-4.9,-4.3,-5.1,-7.0,-8.8,-9.5,-8.6,-6.7,658.5,659.4,660.2,660.4,659.9,659.3,658.2,658.0,661.8,659.7,657.9,657.4,658.5,660.2,662.1,660.0,657.9,657.0,657.6,659.4,659.5,659.6,660.0,660.4,660.6,660.5,660.1,659.7,697.8,699.1,700.7,701.8,701.7,700.4,698.7,697.7,698.0,697.4,697.3,698.3,700.8,704.2,707.4,703.9,700.5,698.1,697.0,697.3,699.6,700.1,700.8,701.4,701.4,700.9,700.2,699.6,367.2,29.6,823.1,0.002,0.102,-0.079
168,0,1656521712.618,0.98,1,-0.094931,0.074320,-0.992706,-0.240288,0.071648,-0.968054,-0.169,0.074,560.3,561.6,565.3,569.3,571.1,570.0,566.0,562.1,554.8,557.4,561.0,565.2,569.2,572.3,574.6,572.3,569.0,565.2,561.3,557.6,564.0,565.8,567.4,568.0,567.2,565.5,563.8,563.2,605.8,606.8,610.0,613.6,615.4,614.4,611.2,607.3,602.3,604.6,607.7,611.6,615.0,617.4,619.0,617.7,615.4,612.4,608.8,605.1,609.1,610.6,612.0,612.5,611.7,610.1,608.7,608.3,229.3,225.4,223.6,225.0,228.8,233.1,234.6,233.2,231.3,229.2,227.7,226.8,227.3,228.8,230.9,232.3,232.9,233.2,233.2,232.6,231.0,231.6,230.9,229.1,227.5,226.8,227.6,229.3,227.3,223.6,221.9,223.2,226.8,230.5,232.2,231.2,229.7,227.4,225.7,224.8,225.3,226.5,228.4,229.8,230.5,230.9,230.9,230.7,228.9,229.4,228.7,227.1,225.5,224.9,225.7,227.3,262.6,264.4,268.8,273.1,275.0,273.5,268.7,264.4,257.8,259.9,263.1,267.4,272.3,276.5,279.7,276.4,271.9,267.3,263.3,260.0,267.1,269.0,270.9,271.7,270.9,269.0,267.1,266.3,329.8,331.6,336.1,340.8,342.9,341.1,336.6,331.6,325.9,328.3,331.9,336.8,342.0,346.5,349.9,346.7,342.3,337.6,332.9,328.8,334.5,336.6,338.6,339.3,338.4,336.4,334.4,333.6,-4.2,-8.6,-10.5,-9.0,-4.8,-0.1,1.6,-0.0,-2.1,-4.4,-6.0,-7.0,-6.4,-4.8,-2.4,-0.9,-0.3,0.1,0.0,-0.6,-2.4,-1.7,-2.5,-4.5,-6.3,-7.0,-6.1,-4.2,-6.8,-11.1,-13.1,-11.6,-7.5,-3.1,-1.2,-2.3,-4.0,-6.7,-8.7,-9.7,-9.2,-7.8,-5.6,-4.0,-3.1,-2.6,-2.6,-2.8,-5.0,-4.3,-5.2,-7.1,-8.9,-9.6,-8.7,-6.8,662.5,663.4,664.1,664.3,663.9,663.2,662.2,662.0,665.8,663.7,661.9,661.3,662.4,664.2,666.0,664.0,661.9,661.0,661.6,663.4,663.5,663.6,663.9,664.3,664.5,664.4,664.1,663.7,699.2,700.5,702.2,703.3,703.1,701.9,700.2,699.1,699.4,698.8,698.7,699.7,702.3,705.6,708.9,705.4,702.0,699.5,698.4,698.7,701.0,701.5,702.2,702.8,702.8,702.4,701.6,701.0,367.8,29.6,824.0,0.002,0.101,-0.081
169,0,1656521712.651,0.98,1,-0.096868,0.071443,-0.992730,-0.242077,0.068506,-0.967836,-0.171,0.071,560.3,561.6,565.4,569.3,571.1,570.0,566.0,562.1,554.8,557.4,561.0,565.2,569.2,572.4,574.6,572.3,569.0,565.2,561.3,557.6,564.0,565.8,567.4,568.0,567.2,565.5,563.8,563.2,605.8,606.8,610.1,613.7,615.5,614.5,611.3,607.4,602.4,604.7,607.8,611.6,615.1,617.6,619.1,617.8,615.5,612.5,608.9,605.2,609.1,610.7,612.1,612.6,611.8,610.2,608.8,608.3,229.3,225.3,223.5,225.0,228.8,233.1,234.6,233.1,231.3,229.1,227.6,226.8,227.3,228.8,230.9,232.3,232.8,233.2,233.1,232.6,231.0,231.6,230.8,229.1,227.4,226.8,227.6,229.3,227.3,223.5,221.8,223.1,226.7,230.5,232.2,231.2,229.7,227.4,225.6,224.7,225.2,226.4,228.4,229.7,230.5,230.9,230.9,230.7,228.8,229.4,228.7,227.0,225.5,224.9,225.6,227.3,261.5,263.3,267.7,272.1,273.9,272.4,267.6,263.3,256.8,258.8,262.0,266.4,271.2,275.4,278.6,275.3,270.8,266.2,262.2,258.9,266.0,267.9,269.8,270.6,269.8,267.9,266.0,265.2,328.2,330.0,334.5,339.2,341.3,339.5,335.0,330.0,324.3,326.7,330.3,335.2,340.4,344.9,348.3,345.0,340.7,336.0,331.3,327.2,332.9,334.9,336.9,337.7,336.8,334.8,332.8,332.0,-4.2,-8.6,-10.6,-9.0,-4.8,-0.1,1.5,-0.0,-2.1,-4.4,-6.1,-7.0,-6.5,-4.8,-2.4,-1.0,-0.4,0.1,-0.0,-0.6,-2.4,-1.7,-2.6,-4.5,-6.3,-7.0,-6.1,-4.2,-6.8,-11.1,-13.1,-11.6,-7.5,-3.1,-1.2,-2.3,-4.0,-6.7,-8.7,-9.7,-9.2,-7.8,-5.6,-4.0,-3.1,-2.7,-2.7,-2.8,-5.0,-4.3,-5.2,-7.1,-8.9,-9.6,-8.7,-6.8,659.8,660.7,661.5,661.6,661.1,660.5,659.5,659.3,663.2,661.0,659.2,658.7,659.7,661.5,663.3,661.2,659.2,658.3,658.9,660.8,660.8,660.9,661.2,661.6,661.8,661.7,661.4,661.0,695.6,696.9,698.6,699.7,699.6,698.3,696.6,695.6,695.8,695.2,695.2,696.2,698.7,702.1,705.3,701.8,698.4,695.9,694.8,695.1,697.4,697.9,698.7,699.2,699.3,698.8,698.0,697.5,367.8,29.6,823.8,0.001,0.105,-0.083
170,0,1656521712.684,0.98,1,-0.096360,0.073728,-0.992612,-0.242192,0.071145,-0.967616,-0.171,0.074,560.3,561.6,565.4,569.3,571.1,570.0,566.0,562.1,554.8,557.4,561.0,565.2,569.2,572.4,574.6,572.4,569.0,565.2,561.3,557.6,564.1,565.8,567.4,568.0,567.2,565.5,563.8,563.3,605.9,606.9,610.1,613.7,615.6,614.6,611.3,607.5,602.4,604.7,607.9,611.7,615.1,617.6,619.2,617.9,615.5,612.5,608.9,605.2,609.2,610.8,612.2,612.6,611.8,610.2,608.8,608.4,229.3,225.4,223.6,225.0,228.8,233.1,234.6,233.2,231.3,229.2,227.7,226.8,227.3,228.8,231.0,232.3,232.9,233.2,233.2,232.6,231.0,231.7,230.9,229.1,227.5,226.8,227.6,229.4,227.3,223.5,221.8,223.2,226.7,230.5,232.2,231.2,229.7,227.4,225.6,224.8,225.2,226.5,228.3,229.7,230.5,230.9,230.9,230.7,228.8,229.4,228.7,227.0,225.5,224.9,225.6,227.3,261.5,263.4,267.8,272.1,274.0,272.5,267.7,263.3,256.8,258.9,262.1,266.4,271.3,275.5,278.7,275.3,270.8,266.3,262.3,259.0,266.1,268.0,269.9,270.7,269.9,268.0,266.1,265.3,328.5,330.3,334.8,339.5,341.6,339.9,335.3,330.3,324.6,327.0,330.6,335.5,340.7,345.2,348.6,345.4,341.0,336.3,331.6,327.5,333.2,335.3,337.3,338.0,337.1,335.1,333.1,332.3,-4.2,-8.5,-10.5,-8.9,-4.7,-0.0,1.6,0.0,-2.0,-4.3,-6.0,-6.9,-6.4,-4.8,-2.4,-0.9,-0.3,0.1,0.0,-0.6,-2.3,-1.6,-2.5,-4.4,-6.3,-7.0,-6.1,-4.2,-6.8,-11.1,-13.1,-11.6,-7.5,-3.1,-1.1,-2.3,-4.0,-6.7,-8.7,-9.7,-9.2,-7.8,-5.6,-4.0,-3.1,-2.7,-2.6,-2.8,-5.0,-4.3,-5.2,-7.1,-8.9,-9.6,-8.7,-6.8,660.0,660.8,661.6,661.8,661.3,660.7,659.7,659.5,663.3,661.1,659.3,658.8,659.8,661.6,663.5,661.4,659.3,658.4,659.0,660.9,660.9,661.0,661.3,661.7,661.9,661.9,661.5,661.1,696.1,697.4,699.1,700.2,700.1,698.8,697.1,696.1,696.4,695.8,695.7,696.7,699.2,702.6,705.8,702.3,698.9,696.5,695.4,695.6,698.0,698.4,699.2,699.7,699.8,699.3,698.6,698.0,368.1,29.6,824.4,0.003,0.105,-0.084
171,0,1656521712.718,0.98,1,-0.092446,0.073095,-0.993031,-0.238699,0.070628,-0.968522,-0.167,0.073,560.4,561.8,565.5,569.4,571.2,570.2,566.2,562.2,554.9,557.5,561.1,565.3,569.4,572.5,574.7,572.5,569.2,565.3,561.4,557.7,564.2,565.9,567.5,568.1,567.3,565.6,564.0,563.4,606.0,607.0,610.3,613.9,615.7,614.7,611.5,607.6,602.5,604.9,608.0,611.8,615.3,617.7,619.3,617.9,615.7,612.6,609.0,605.4,609.3,610.9,612.3,612.7,611.9,610.4,609.0,608.5,229.3,225.4,223.6,225.0,228.9,233.1,234.6,233.2,231.3,229.2,227.7,226.9,227.3,228.8,231.0,232.3,232.8,233.2,233.2,232.6,231.0,231.7,230.9,229.1,227.5,226.8,227.6,229.4,227.3,223.6,221.9,223.2,226.8,230.5,232.2,231.2,229.7,227.4,225.7,224.9,225.4,226.6,228.4,229.8,230.5,230.9,230.9,230.7,228.9,229.5,228.7,227.1,225.5,225.0,225.7,227.3,261.7,263.5,267.9,272.3,274.2,272.7,267.9,263.5,256.9,259.0,262.3,266.6,271.5,275.7,278.9,275.5,271.0,266.5,262.4,259.1,266.2,268.2,270.1,270.9,270.1,268.2,266.2,265.4,328.9,330.6,335.2,339.9,342.0,340.2,335.6,330.7,324.9,327.3,331.0,335.9,341.1,345.6,349.0,345.7,341.4,336.7,332.0,327.9,333.6,335.6,337.6,338.4,337.5,335.4,333.4,332.6,-4.2,-8.5,-10.5,-8.9,-4.7,-0.0,1.6,0.0,-2.0,-4.3,-6.0,-6.9,-6.4,-4.8,-2.4,-0.9,-0.3,0.1,0.0,-0.6,-2.3,-1.6,-2.5,-4.4,-6.3,-6.9,-6.1,-4.2,-6.7,-11.1,-13.1,-11.6,-7.4,-3.0,-1.1,-2.2,-4.0,-6.6,-8.6,-9.6,-9.1,-7.7,-5.5,-3.9,-3.0,-2.6,-2.6,-2.8,-4.9,-4.3,-5.1,-7.0,-8.8,-9.5,-8.6,-6.7,660.0,660.9,661.7,661.9,661.5,660.8,659.8,659.5,663.3,661.2,659.4,658.9,660.0,661.8,663.7,661.5,659.4,658.5,659.1,660.9,661.0,661.1,661.5,661.9,662.1,662.0,661.6,661.2,696.5,697.8,699.6,700.7,700.6,699.3,697.6,696.5,696.8,696.2,696.1,697.1,699.7,703.1,706.3,702.8,699.4,696.9,695.8,696.0,698.4,698.9,699.6,700.2,700.3,699.8,699.0,698.4,367.3,29.6,822.5,-0.001,0.102,-0.080
172,0,1656521712.751,0.98,1,-0.091526,0.071880,-0.993205,-0.240286,0.070428,-0.968144,-0.168,0.072,560.3,561.7,565.4,569.4,571.2,570.1,566.1,562.2,554.8,557.5,561.1,565.2,569.3,572.5,574.7,572.4,569.1,565.3,561.3,557.7,564.1,565.8,567.5,568.1,567.3,565.5,563.9,563.3,606.0,607.0,610.2,613.8,615.7,614.7,611.5,607.6,602.5,604.9,608.0,611.8,615.2,617.7,619.3,618.0,615.7,612.6,609.0,605.4,609.3,610.9,612.3,612.7,611.9,610.4,608.9,608.5,229.5,225.5,223.7,225.1,229.0,233.3,234.8,233.3,231.4,229.3,227.8,227.0,227.4,228.9,231.1,232.4,233.0,233.4,233.3,232.8,231.2,231.8,231.0,229.3,227.6,226.9,227.7,229.5,227.4,223.7,222.0,223.3,226.8,230.6,232.3,231.3,229.8,227.5,225.7,224.9,225.4,226.6,228.5,229.9,230.6,231.0,231.0,230.8,229.0,229.5,228.8,227.2,225.6,225.0,225.8,227.4,261.0,262.8,267.2,271.6,273.4,272.0,267.2,262.8,256.2,258.3,261.5,265.9,270.8,274.9,278.2,274.8,270.3,265.8,261.7,258.4,265.5,267.4,269.4,270.2,269.4,267.4,265.5,264.7,329.4,331.1,335.7,340.4,342.5,340.7,336.2,331.2,325.5,327.9,331.5,336.4,341.6,346.1,349.5,346.2,341.9,337.2,332.5,328.4,334.1,336.1,338.1,338.9,338.0,335.9,333.9,333.2,-4.0,-8.4,-10.4,-8.8,-4.6,0.1,1.7,0.2,-1.9,-4.2,-5.8,-6.8,-6.3,-4.6,-2.3,-0.8,-0.2,0.2,0.2,-0.4,-2.2,-1.5,-2.4,-4.3,-6.1,-6.8,-5.9,-4.0,-6.7,-11.0,-13.0,-11.5,-7.4,-3.0,-1.0,-2.2,-3.9,-6.6,-8.6,-9.6,-9.1,-7.7,-5.5,-3.9,-3.0,-2.5,-2.5,-2.7,-4.9,-4.2,-5.1,-7.0,-8.8,-9.5,-8.6,-6.7,658.4,659.3,660.1,660.3,659.8,659.2,658.1,657.9,661.7,659.5,657.8,657.3,658.3,660.1,662.0,659.9,657.8,656.9,657.5,659.3,659.4,659.5,659.8,660.2,660.4,660.3,660.0,659.6,697.7,698.9,700.6,701.7,701.6,700.3,698.6,697.6,697.9,697.3,697.2,698.2,700.8,704.1,707.3,703.8,700.5,698.0,696.9,697.2,699.5,700.0,700.7,701.3,701.3,700.8,700.1,699.5,367.7,29.6,823.5,-0.001,0.099,-0.079
173,0,1656521712.784,0.98,1,-0.091736,0.070473,-0.993286,-0.240779,0.068979,-0.968126,-0.168,0.071,560.3,561.7,565.4,569.4,571.2,570.1,566.1,562.2,554.8,557.5,561.1,565.3,569.4,572.5,574.7,572.5,569.1,565.3,561.3,557.7,564.1,565.9,567.5,568.1,567.3,565.5,563.9,563.3,606.0,606.9,610.2,613.8,615.6,614.7,611.4,607.5,602.5,604.8,607.9,611.7,615.2,617.7,619.2,617.9,615.6,612.6,609.0,605.3,609.3,610.8,612.3,612.7,611.9,610.3,608.9,608.5,229.5,225.5,223.7,225.1,229.0,233.3,234.8,233.3,231.4,229.3,227.7,226.9,227.4,228.9,231.1,232.5,233.0,233.4,233.3,232.8,231.1,231.8,231.0,229.3,227.6,226.9,227.7,229.5,227.3,223.6,221.9,223.2,226.8,230.5,232.2,231.2,229.8,227.4,225.6,224.7,225.2,226.4,228.4,229.8,230.6,230.9,231.0,230.8,228.9,229.5,228.7,227.1,225.5,224.9,225.7,227.3,260.0,261.8,266.2,270.6,272.4,271.0,266.2,261.8,255.2,257.3,260.6,264.9,269.8,274.0,277.2,273.8,269.3,264.8,260.7,257.5,264.5,266.5,268.4,269.2,268.4,266.5,264.5,263.7,328.2,329.9,334.4,339.2,341.3,339.5,334.9,330.0,324.3,326.6,330.2,335.1,340.3,344.8,348.3,345.0,340.7,336.0,331.3,327.2,332.9,334.9,336.9,337.7,336.8,334.7,332.7,331.9,-4.0,-8.4,-10.4,-8.8,-4.6,0.1,1.7,0.2,-1.9,-4.2,-5.9,-6.8,-6.3,-4.6,-2.2,-0.8,-0.2,0.3,0.2,-0.4,-2.2,-1.5,-2.4,-4.3,-6.1,-6.8,-5.9,-4.0,-6.7,-11.1,-13.1,-11.6,-7.4,-3.1,-1.1,-2.2,-3.9,-6.6,-8.7,-9.7,-9.2,-7.8,-5.6,-3.9,-3.0,-2.6,-2.5,-2.7,-4.9,-4.3,-5.2,-7.1,-8.9,-9.5,-8.6,-6.7,656.0,656.9,657.7,657.9,657.4,656.8,655.7,655.5,659.2,657.1,655.4,654.9,655.9,657.7,659.6,657.5,655.4,654.5,655.0,656.9,657.0,657.1,657.4,657.8,658.0,657.9,657.6,657.2,695.2,696.5,698.2,699.3,699.2,697.9,696.2,695.2,695.5,694.9,694.8,695.8,698.4,701.7,704.9,701.4,698.0,695.6,694.5,694.7,697.1,697.5,698.3,698.8,698.9,698.4,697.7,697.1,368.0,29.6,824.1,0.002,0.099,-0.081
174,0,1656521712.818,0.98,1,-0.095295,0.077258,-0.992447,-0.243696,0.075291,-0.966925,-0.171,0.078,560.4,561.7,565.5,569.4,571.2,570.1,566.1,562.2,554.8,557.5,561.1,565.3,569.3,572.5,574.7,572.4,569.1,565.3,561.4,557.7,564.1,565.9,567.5,568.1,567.3,565.6,563.9,563.3,606.1,607.1,610.4,614.0,615.8,614.8,611.6,607.7,602.7,605.0,608.1,611.9,615.4,617.9,619.4,618.1,615.8,612.7,609.1,605.5,609.4,611.0,612.4,612.9,612.1,610.5,609.1,608.6,229.4,225.4,223.6,225.1,228.9,233.2,234.7,233.2,231.3,229.2,227.7,226.9,227.4,228.9,231.0,232.4,233.0,233.3,233.3,232.7,231.1,231.7,230.9,229.2,227.5,226.9,227.7,229.4,227.4,223.6,221.9,223.2,226.8,230.5,232.2,231.2,229.8,227.5,225.7,224.8,225.3,226.5,228.4,229.8,230.6,231.0,231.0,230.8,228.9,229.5,228.8,227.1,225.6,225.0,225.7,227.4,261.1,263.0,267.3,271.7,273.5,272.1,267.3,262.9,256.4,258.4,261.7,266.0,270.9,275.1,278.3,274.9,270.4,265.9,261.9,258.6,265.7,267.6,269.5,270.3,269.5,267.6,265.7,264.9,329.6,331.3,335.9,340.6,342.7,340.9,336.3,331.4,325.7,328.1,331.6,336.5,341.7,346.3,349.7,346.4,342.1,337.4,332.7,328.6,334.3,336.3,338.3,339.1,338.2,336.1,334.1,333.4,-4.1,-8.5,-10.5,-8.9,-4.7,0.0,1.7,0.1,-2.0,-4.3,-5.9,-6.9,-6.3,-4.7,-2.3,-0.8,-0.2,0.2,0.1,-0.5,-2.3,-1.6,-2.4,-4.3,-6.2,-6.9,-6.0,-4.1,-6.7,-11.1,-13.1,-11.5,-7.4,-3.0,-1.1,-2.2,-3.9,-6.6,-8.6,-9.7,-9.1,-7.8,-5.6,-3.9,-3.0,-2.5,-2.5,-2.7,-4.9,-4.3,-5.1,-7.0,-8.8,-9.5,-8.6,-6.7,658.7,659.6,660.3,660.5,660.1,659.5,658.5,658.3,662.0,659.9,658.1,657.5,658.6,660.4,662.3,660.2,658.1,657.2,657.8,659.6,659.7,659.8,660.1,660.5,660.7,660.6,660.3,659.9,697.8,699.0,700.7,701.8,701.7,700.5,698.8,697.8,698.1,697.4,697.3,698.3,700.8,704.2,707.4,703.9,700.6,698.1,697.1,697.3,699.6,700.1,700.8,701.4,701.4,700.9,700.2,699.7,369.1,29.5,826.4,0.008,0.103,-0.080
175,0,1656521712.851,0.98,1,-0.093717,0.078140,-0.992528,-0.239558,0.075961,-0.967906,-0.168,0.078,560.3,561.7,565.4,569.3,571.2,570.1,566.1,562.2,554.8,557.5,561.1,565.2,569.3,572.4,574.6,572.4,569.1,565.3,561.3,557.7,564.1,565.8,567.4,568.0,567.2,565.5,563.9,563.3,606.1,607.1,610.3,613.9,615.7,614.7,611.5,607.6,602.6,604.9,608.1,611.9,615.3,617.8,619.3,618.0,615.7,612.7,609.1,605.4,609.4,610.9,612.4,612.8,612.0,610.4,609.0,608.6,229.4,225.5,223.7,225.1,229.0,233.2,234.7,233.3,231.4,229.3,227.8,227.0,227.4,228.9,231.1,232.4,233.0,233.3,233.3,232.7,231.1,231.8,231.0,229.2,227.6,226.9,227.7,229.4,227.4,223.6,221.9,223.3,226.8,230.6,232.3,231.3,229.8,227.5,225.8,224.9,225.4,226.6,228.4,229.8,230.6,231.0,231.0,230.8,228.9,229.5,228.8,227.1,225.6,225.0,225.7,227.4,261.7,263.5,267.9,272.3,274.1,272.7,267.9,263.5,256.9,259.0,262.2,266.6,271.5,275.6,278.9,275.5,271.0,266.5,262.4,259.1,266.2,268.1,270.1,270.9,270.1,268.1,266.2,265.4,329.1,330.9,335.4,340.2,342.2,340.5,335.9,330.9,325.2,327.6,331.2,336.1,341.3,345.8,349.2,346.0,341.6,336.9,332.2,328.1,333.8,335.9,337.9,338.6,337.7,335.7,333.7,332.9,-4.1,-8.4,-10.4,-8.8,-4.6,0.1,1.7,0.1,-2.0,-4.2,-5.9,-6.8,-6.3,-4.7,-2.3,-0.8,-0.2,0.2,0.1,-0.5,-2.2,-1.5,-2.4,-4.3,-6.2,-6.9,-6.0,-4.1,-6.7,-11.0,-13.0,-11.5,-7.3,-3.0,-1.0,-2.2,-3.9,-6.6,-8.6,-9.6,-9.0,-7.7,-5.5,-3.9,-3.0,-2.5,-2.5,-2.7,-4.9,-4.2,-5.1,-7.0,-8.8,-9.5,-8.6,-6.7,660.2,661.1,661.8,662.1,661.6,661.0,660.0,659.8,663.5,661.3,659.6,659.0,660.1,661.9,663.8,661.7,659.6,658.7,659.3,661.1,661.2,661.3,661.6,662.0,662.2,662.1,661.8,661.4,697.0,698.2,699.9,701.1,701.0,699.7,698.0,697.0,697.2,696.6,696.5,697.5,700.1,703.5,706.7,703.2,699.8,697.4,696.3,696.5,698.8,699.3,700.1,700.6,700.6,700.1,699.4,698.9,367.6,29.5,823.3,0.006,0.102,-0.082
176,0,1656521712.884,0.98,1,-0.095338,0.074125,-0.992681,-0.242885,0.071708,-0.967401,-0.171,0.074,560.3,561.6,565.4,569.3,571.1,570.0,566.0,562.1,554.8,557.4,561.0,565.2,569.3,572.4,574.6,572.4,569.0,565.2,561.3,557.6,564.1,565.8,567.4,568.0,567.2,565.5,563.9,563.3,605.9,606.9,610.2,613.8,615.6,614.6,611.4,607.5,602.5,604.8,607.9,611.7,615.2,617.7,619.2,617.9,615.6,612.5,608.9,605.3,609.2,610.8,612.2,612.7,611.9,610.3,608.9,608.4,229.4,225.4,223.6,225.0,228.9,233.2,234.6,233.2,231.3,229.2,227.7,226.8,227.3,228.8,231.0,232.3,232.9,233.3,233.2,232.7,231.0,231.7,230.9,229.2,227.5,226.8,227.6,229.4,227.3,223.6,221.9,223.2,226.7,230.5,232.2,231.2,229.7,227.4,225.6,224.8,225.3,226.5,228.4,229.8,230.5,230.9,230.9,230.7,228.9,229.4,228.7,227.1,225.5,224.9,225.7,227.3,261.1,262.9,267.3,271.7,273.5,272.1,267.3,262.9,256.4,258.4,261.7,266.0,270.9,275.1,278.3,274.9,270.4,265.9,261.8,258.6,265.6,267.6,269.5,270.3,269.5,267.6,265.7,264.8,328.9,330.6,335.2,339.9,342.0,340.2,335.6,330.7,325.0,327.4,330.9,335.8,341.0,345.6,349.0,345.7,341.4,336.7,332.0,327.9,333.6,335.6,337.6,338.4,337.5,335.4,333.4,332.7,-4.2,-8.5,-10.5,-8.9,-4.7,-0.0,1.6,0.0,-2.0,-4.3,-6.0,-6.9,-6.4,-4.8,-2.4,-0.9,-0.3,0.1,0.0,-0.6,-2.3,-1.6,-2.5,-4.4,-6.2,-6.9,-6.1,-4.2,-6.8,-11.1,-13.1,-11.6,-7.5,-3.1,-1.1,-2.3,-4.0,-6.6,-8.7,-9.7,-9.2,-7.8,-5.6,-4.0,-3.1,-2.6,-2.6,-2.8,-5.0,-4.3,-5.2,-7.1,-8.9,-9.6,-8.7,-6.8,658.9,659.8,660.6,660.8,660.3,659.6,658.6,658.4,662.2,660.1,658.3,657.7,658.8,660.6,662.5,660.4,658.3,657.4,658.0,659.8,659.9,660.0,660.3,660.7,660.9,660.8,660.5,660.1,696.8,698.1,699.8,700.9,700.8,699.5,697.8,696.8,697.0,696.4,696.3,697.4,699.9,703.2,706.4,703.0,699.6,697.1,696.0,696.3,698.6,699.1,699.8,700.4,700.5,700.0,699.2,698.7,368.4,29.6,825.2,0.004,0.103,-0.080
177,0,1656521712.917,0.98,1,-0.096160,0.075352,-0.992510,-0.242113,0.073522,-0.967458,-0.171,0.076,560.2,561.6,565.3,569.2,571.1,570.0,566.0,562.1,554.7,557.3,560.9,565.1,569.2,572.4,574.6,572.3,569.0,565.2,561.2,557.6,564.0,565.7,567.4,567.9,567.1,565.4,563.8,563.2,605.9,606.9,610.1,613.7,615.6,614.6,611.3,607.4,602.4,604.7,607.9,611.7,615.1,617.6,619.2,617.9,615.6,612.5,608.9,605.2,609.2,610.8,612.2,612.6,611.8,610.2,608.8,608.4,229.5,225.5,223.7,225.1,229.0,233.2,234.7,233.3,231.4,229.3,227.8,226.9,227.4,228.9,231.1,232.4,233.0,233.4,233.3,232.8,231.1,231.8,231.0,229.2,227.6,226.9,227.7,229.5,227.4,223.6,221.9,223.2,226.8,230.5,232.3,231.3,229.8,227.5,225.7,224.8,225.3,226.5,228.4,229.8,230.6,230.9,231.0,230.8,228.9,229.5,228.8,227.1,225.5,225.0,225.7,227.4,260.8,262.6,267.0,271.4,273.2,271.7,267.0,262.6,256.0,258.1,261.3,265.6,270.5,274.7,277.9,274.6,270.1,265.5,261.5,258.2,265.3,267.2,269.1,269.9,269.1,267.2,265.3,264.5,327.6,329.4,333.9,338.6,340.7,339.0,334.4,329.4,323.7,326.1,329.7,334.6,339.8,344.3,347.8,344.5,340.1,335.4,330.8,326.6,332.3,334.4,336.4,337.1,336.2,334.2,332.2,331.4,-4.0,-8.4,-10.4,-8.8,-4.6,0.1,1.7,0.2,-1.9,-4.2,-5.9,-6.8,-6.3,-4.7,-2.3,-0.8,-0.2,0.2,0.2,-0.4,-2.2,-1.5,-2.4,-4.3,-6.1,-6.8,-6.0,-4.0,-6.7,-11.0,-13.0,-11.5,-7.4,-3.0,-1.0,-2.2,-3.9,-6.6,-8.6,-9.6,-9.1,-7.7,-5.6,-3.9,-3.0,-2.6,-2.5,-2.7,-4.9,-4.2,-5.1,-7.0,-8.8,-9.5,-8.6,-6.7,658.2,659.1,659.8,660.0,659.6,659.0,657.9,657.8,661.6,659.4,657.6,657.0,658.1,659.9,661.7,659.7,657.6,656.7,657.3,659.2,659.2,659.3,659.6,660.0,660.2,660.1,659.8,659.4,694.3,695.5,697.2,698.4,698.3,697.0,695.3,694.3,694.5,693.9,693.8,694.8,697.4,700.7,704.0,700.5,697.1,694.6,693.6,693.8,696.1,696.6,697.3,697.9,697.9,697.5,696.7,696.2,367.7,29.6,823.8,0.004,0.104,-0.082
178,0,1656521712.951,0.98,1,-0.093576,0.076125,-0.992698,-0.241891,0.073425,-0.967521,-0.169,0.076,560.2,561.6,565.3,569.3,571.1,570.0,566.0,562.1,554.7,557.4,561.0,565.1,569.2,572.3,574.6,572.3,569.0,565.2,561.2,557.6,564.0,565.7,567.4,567.9,567.2,565.4,563.8,563.2,605.8,606.8,610.0,613.6,615.4,614.4,611.2,607.3,602.3,604.6,607.7,611.5,615.0,617.5,619.0,617.7,615.4,612.3,608.7,605.1,609.1,610.6,612.0,612.5,611.7,610.1,608.7,608.3,229.3,225.3,223.5,225.0,228.8,233.1,234.6,233.1,231.2,229.1,227.6,226.8,227.3,228.8,231.0,232.3,232.8,233.2,233.1,232.6,231.0,231.6,230.8,229.1,227.4,226.8,227.6,229.3,227.3,223.6,221.9,223.2,226.8,230.5,232.2,231.2,229.7,227.4,225.6,224.8,225.3,226.5,228.4,229.8,230.5,230.9,230.9,230.7,228.9,229.4,228.7,227.1,225.5,224.9,225.7,227.3,261.2,263.0,267.4,271.8,273.6,272.1,267.3,263.0,256.4,258.5,261.7,266.1,271.0,275.1,278.3,275.0,270.5,265.9,261.9,258.6,265.7,267.6,269.5,270.3,269.6,267.6,265.7,264.9,329.0,330.7,335.3,340.0,342.1,340.3,335.7,330.8,325.1,327.4,331.0,335.9,341.1,345.7,349.1,345.8,341.5,336.7,332.1,328.0,333.6,335.7,337.7,338.5,337.6,335.5,333.5,332.7,-4.3,-8.6,-10.6,-9.0,-4.8,-0.1,1.5,-0.0,-2.1,-4.4,-6.1,-7.0,-6.4,-4.8,-2.4,-0.9,-0.4,0.0,-0.0,-0.6,-2.4,-1.7,-2.5,-4.5,-6.3,-7.0,-6.1,-4.2,-6.8,-11.1,-13.1,-11.6,-7.5,-3.1,-1.1,-2.3,-4.0,-6.7,-8.7,-9.7,-9.2,-7.8,-5.6,-4.0,-3.1,-2.6,-2.6,-2.8,-5.0,-4.3,-5.2,-7.1,-8.9,-9.6,-8.7,-6.8,659.2,660.0,660.8,661.0,660.6,659.9,658.9,658.7,662.4,660.3,658.5,658.0,659.1,660.9,662.8,660.7,658.6,657.6,658.2,660.1,660.2,660.3,660.6,661.0,661.2,661.1,660.8,660.4,697.4,698.7,700.4,701.5,701.4,700.1,698.4,697.4,697.7,697.0,696.9,697.9,700.5,703.8,707.0,703.6,700.2,697.7,696.7,696.9,699.2,699.7,700.4,701.0,701.1,700.6,699.8,699.3,367.6,29.5,823.9,0.007,0.103,-0.082
179,0,1656521712.984,0.98,1,-0.094170,0.073727,-0.992822,-0.239042,0.072128,-0.968327,-0.168,0.074,560.3,561.7,565.4,569.3,571.1,570.1,566.1,562.2,554.8,557.5,561.1,565.2,569.3,572.4,574.6,572.4,569.1,565.3,561.3,557.7,564.1,565.8,567.4,568.0,567.2,565.5,563.9,563.3,605.9,606.9,610.1,613.7,615.5,614.5,611.3,607.5,602.4,604.7,607.9,611.7,615.1,617.6,619.1,617.8,615.5,612.5,608.9,605.3,609.2,610.8,612.2,612.6,611.8,610.2,608.8,608.4,229.3,225.3,223.5,225.0,228.8,233.1,234.6,233.1,231.3,229.2,227.6,226.8,227.3,228.8,230.9,232.3,232.8,233.2,233.1,232.6,231.0,231.6,230.8,229.1,227.4,226.8,227.6,229.3,227.2,223.5,221.8,223.1,226.7,230.4,232.1,231.1,229.6,227.3,225.6,224.7,225.2,226.4,228.3,229.7,230.4,230.8,230.8,230.6,228.8,229.4,228.6,227.0,225.4,224.9,225.6,227.2,261.9,263.8,268.2,272.6,274.4,272.9,268.1,263.8,257.2,259.3,262.5,266.8,271.7,275.9,279.1,275.8,271.3,266.7,262.7,259.4,266.5,268.4,270.3,271.1,270.3,268.4,266.5,265.7,329.7,331.4,336.0,340.7,342.8,341.0,336.4,331.5,325.7,328.1,331.7,336.6,341.8,346.4,349.8,346.5,342.2,337.5,332.8,328.7,334.3,336.4,338.4,339.2,338.3,336.2,334.2,333.4,-4.2,-8.6,-10.6,-9.0,-4.8,-0.1,1.5,-0.0,-2.1,-4.4,-6.1,-7.0,-6.5,-4.9,-2.5,-1.0,-0.4,0.0,-0.0,-0.6,-2.4,-1.7,-2.6,-4.5,-6.3,-7.0,-6.2,-4.2,-6.9,-11.2,-13.2,-11.7,-7.6,-3.2,-1.2,-2.4,-4.1,-6.8,-8.8,-9.8,-9.3,-7.9,-5.7,-4.1,-3.2,-2.7,-2.7,-2.9,-5.1,-4.4,-5.3,-7.2,-9.0,-9.7,-8.8,-6.9,660.9,661.8,662.5,662.7,662.2,661.6,660.6,660.4,664.2,662.0,660.2,659.7,660.8,662.5,664.4,662.3,660.2,659.3,659.9,661.8,661.9,661.9,662.3,662.7,662.9,662.8,662.5,662.1,698.5,699.8,701.5,702.6,702.5,701.2,699.5,698.5,698.8,698.1,698.1,699.1,701.7,705.0,708.2,704.8,701.4,698.9,697.8,698.0,700.3,700.8,701.6,702.2,702.2,701.7,701.0,700.4,367.7,29.5,823.6,0.001,0.100,-0.080
180,0,1656521713.018,0.98,1,-0.096998,0.071939,-0.992681,-0.242010,0.070016,-0.967744,-0.171,0.072,560.3,561.6,565.4,569.3,571.2,570.1,566.1,562.1,554.8,557.4,561.0,565.2,569.3,572.5,574.7,572.4,569.1,565.2,561.3,557.6,564.1,565.8,567.4,568.0,567.2,565.5,563.9,563.3,605.9,606.8,610.1,613.7,615.5,614.6,611.3,607.4,602.4,604.7,607.8,611.7,615.1,617.6,619.2,617.8,615.5,612.5,608.9,605.2,609.2,610.7,612.2,612.6,611.8,610.2,608.8,608.4,229.4,225.4,223.6,225.1,228.9,233.2,234.7,233.3,231.4,229.3,227.7,226.9,227.4,228.9,231.1,232.4,233.0,233.4,233.3,232.8,231.1,231.7,231.0,229.2,227.5,226.9,227.7,229.4,227.3,223.6,221.9,223.2,226.8,230.5,232.2,231.2,229.8,227.4,225.7,224.8,225.3,226.5,228.4,229.8,230.6,231.0,231.0,230.8,228.9,229.5,228.7,227.1,225.5,225.0,225.7,227.3,260.1,261.9,266.3,270.7,272.5,271.1,266.3,261.9,255.4,257.5,260.7,265.0,269.9,274.1,277.3,273.9,269.4,264.9,260.9,257.6,264.6,266.6,268.5,269.3,268.5,266.6,264.7,263.9,327.3,329.0,333.6,338.3,340.4,338.6,334.1,329.1,323.4,325.8,329.3,334.2,339.4,344.0,347.4,344.1,339.8,335.1,330.4,326.3,332.0,334.0,336.0,336.8,335.9,333.8,331.8,331.1,-4.1,-8.4,-10.4,-8.8,-4.6,0.1,1.7,0.1,-1.9,-4.2,-5.9,-6.8,-6.3,-4.7,-2.3,-0.8,-0.2,0.2,0.2,-0.4,-2.2,-1.5,-2.4,-4.3,-6.2,-6.8,-6.0,-4.1,-6.7,-11.0,-13.0,-11.5,-7.4,-3.0,-1.1,-2.2,-3.9,-6.6,-8.6,-9.7,-9.1,-7.8,-5.6,-3.9,-3.0,-2.5,-2.5,-2.7,-4.9,-4.2,-5.1,-7.0,-8.8,-9.5,-8.6,-6.7,656.4,657.3,658.0,658.2,657.7,657.1,656.1,655.9,659.7,657.6,655.8,655.2,656.3,658.0,659.9,657.8,655.7,654.9,655.5,657.3,657.4,657.5,657.8,658.2,658.4,658.3,658.0,657.6,693.6,694.9,696.6,697.7,697.6,696.3,694.6,693.6,693.8,693.2,693.2,694.2,696.7,700.1,703.3,699.8,696.4,694.0,692.9,693.1,695.4,695.9,696.7,697.2,697.3,696.8,696.0,695.5,368.0,29.5,824.1,0.002,0.104,-0.081
181,0,1656521713.051,0.98,1,-0.094350,0.072667,-0.992883,-0.239605,0.070457,-0.968311,-0.169,0.073,560.2,561.6,565.3,569.2,571.1,570.0,566.0,562.1,554.7,557.4,561.0,565.1,569.2,572.3,574.6,572.3,569.0,565.2,561.2,557.6,564.0,565.7,567.4,567.9,567.1,565.4,563.8,563.2,605.8,606.8,610.0,613.6,615.4,614.5,611.2,607.4,602.3,604.6,607.8,611.6,615.0,617.5,619.0,617.7,615.4,612.4,608.8,605.1,609.1,610.7,612.1,612.5,611.7,610.1,608.7,608.3,229.3,225.3,223.5,225.0,228.8,233.1,234.6,233.1,231.3,229.1,227.6,226.8,227.3,228.8,231.0,232.3,232.8,233.2,233.1,232.6,231.0,231.6,230.8,229.1,227.4,226.8,227.6,229.3,227.3,223.6,221.9,223.2,226.7,230.5,232.2,231.2,229.7,227.4,225.6,224.8,225.2,226.5,228.4,229.8,230.5,230.9,230.9,230.7,228.9,229.4,228.7,227.1,225.5,224.9,225.7,227.3,261.6,263.4,267.8,272.2,274.0,272.6,267.8,263.4,256.8,258.9,262.1,266.5,271.4,275.5,278.8,275.4,270.9,266.4,262.3,259.0,266.1,268.0,270.0,270.8,270.0,268.1,266.1,265.3,328.5,330.2,334.8,339.5,341.6,339.8,335.2,330.3,324.5,326.9,330.5,335.4,340.6,345.2,348.6,345.3,341.0,336.3,331.6,327.5,333.1,335.2,337.2,338.0,337.1,335.0,333.0,332.2,-4.2,-8.6,-10.6,-9.0,-4.8,-0.1,1.5,-0.0,-2.1,-4.4,-6.1,-7.0,-6.5,-4.8,-2.4,-0.9,-0.4,0.1,-0.0,-0.6,-2.4,-1.7,-2.6,-4.5,-6.3,-7.0,-6.1,-4.2,-6.8,-11.1,-13.1,-11.6,-7.5,-3.1,-1.1,-2.3,-4.0,-6.7,-8.7,-9.7,-9.2,-7.8,-5.6,-4.0,-3.1,-2.6,-2.6,-2.8,-5.0,-4.3,-5.2,-7.1,-8.9,-9.6,-8.7,-6.8,660.2,661.1,661.9,662.1,661.6,661.0,659.9,659.7,663.5,661.4,659.6,659.1,660.1,661.9,663.8,661.7,659.6,658.7,659.3,661.1,661.2,661.3,661.6,662.0,662.2,662.1,661.8,661.4,696.3,697.6,699.3,700.4,700.3,699.0,697.3,696.3,696.5,695.9,695.8,696.9,699.4,702.8,706.0,702.5,699.1,696.6,695.5,695.8,698.1,698.6,699.4,699.9,700.0,699.5,698.7,698.2,367.4,29.5,823.3,0.002,0.101,-0.080
182,0,1656521713.084,0.98,1,-0.091829,0.075154,-0.992935,-0.239886,0.073405,-0.968022,-0.168,0.076,560.1,561.4,565.2,569.1,570.9,569.8,565.9,561.9,554.6,557.2,560.8,565.0,569.1,572.2,574.4,572.2,568.8,565.0,561.1,557.4,563.9,565.6,567.2,567.8,567.0,565.3,563.7,563.1,605.9,606.9,610.1,613.7,615.5,614.5,611.3,607.4,602.4,604.7,607.9,611.7,615.1,617.6,619.1,617.8,615.5,612.5,608.9,605.2,609.2,610.7,612.2,612.6,611.8,610.2,608.8,608.4,229.3,225.4,223.6,225.0,228.9,233.1,234.6,233.2,231.3,229.2,227.7,226.9,227.3,228.8,231.0,232.3,232.9,233.2,233.2,232.6,231.0,231.7,230.9,229.2,227.5,226.8,227.6,229.4,227.3,223.5,221.8,223.1,226.7,230.4,232.1,231.1,229.7,227.4,225.6,224.8,225.2,226.4,228.3,229.7,230.5,230.8,230.8,230.7,228.8,229.4,228.7,227.0,225.5,224.9,225.6,227.3,261.1,263.0,267.4,271.8,273.6,272.1,267.3,262.9,256.3,258.4,261.7,266.0,270.9,275.1,278.3,275.0,270.4,265.9,261.8,258.6,265.6,267.6,269.5,270.3,269.5,267.6,265.7,264.9,329.4,331.1,335.7,340.4,342.5,340.7,336.1,331.2,325.5,327.8,331.4,336.3,341.5,346.1,349.5,346.2,341.9,337.2,332.5,328.4,334.1,336.1,338.1,338.9,338.0,335.9,333.9,333.1,-4.2,-8.5,-10.5,-8.9,-4.7,-0.0,1.6,0.0,-2.0,-4.3,-6.0,-6.9,-6.4,-4.8,-2.4,-0.9,-0.3,0.1,0.0,-0.6,-2.3,-1.6,-2.5,-4.4,-6.2,-6.9,-6.1,-4.2,-6.8,-11.2,-13.2,-11.7,-7.5,-3.2,-1.2,-2.3,-4.0,-6.7,-8.7,-9.7,-9.2,-7.9,-5.7,-4.0,-3.1,-2.7,-2.7,-2.9,-5.0,-4.4,-5.2,-7.2,-9.0,-9.6,-8.8,-6.9,659.4,660.3,661.1,661.3,660.9,660.2,659.2,659.0,662.7,660.6,658.8,658.3,659.4,661.2,663.1,660.9,658.8,657.9,658.5,660.3,660.4,660.5,660.9,661.3,661.5,661.4,661.0,660.6,698.0,699.2,700.9,702.1,701.9,700.7,699.0,698.0,698.2,697.6,697.5,698.5,701.1,704.4,707.6,704.2,700.8,698.3,697.2,697.5,699.8,700.3,701.0,701.6,701.6,701.1,700.4,699.8,367.4,29.5,823.5,0.004,0.099,-0.080
183,0,1656521713.118,0.98,1,-0.093281,0.074038,-0.992883,-0.241070,0.072065,-0.967829,-0.169,0.074,560.0,561.3,565.1,569.0,570.9,569.8,565.8,561.8,554.5,557.1,560.7,564.9,569.0,572.2,574.4,572.1,568.8,564.9,561.0,557.3,563.8,565.5,567.2,567.7,566.9,565.2,563.6,563.0,605.8,606.7,610.0,613.6,615.4,614.5,611.2,607.3,602.3,604.6,607.7,611.6,615.0,617.5,619.1,617.7,615.4,612.4,608.8,605.1,609.1,610.7,612.1,612.5,611.7,610.1,608.7,608.3,229.5,225.5,223.7,225.1,229.0,233.3,234.8,233.3,231.5,229.4,227.8,227.0,227.5,228.9,231.1,232.5,233.0,233.4,233.3,232.8,231.2,231.8,231.0,229.3,227.6,227.0,227.7,229.5,227.3,223.6,221.9,223.2,226.8,230.5,232.2,231.2,229.8,227.5,225.7,224.8,225.3,226.5,228.4,229.8,230.5,230.9,230.9,230.8,228.9,229.5,228.7,227.1,225.5,225.0,225.7,227.3,259.9,261.7,266.1,270.5,272.3,270.9,266.1,261.7,255.2,257.2,260.5,264.8,269.7,273.9,277.1,273.7,269.2,264.7,260.6,257.4,264.4,266.4,268.3,269.1,268.3,266.4,264.4,263.6,327.7,329.4,334.0,338.7,340.8,339.0,334.5,329.5,323.8,326.2,329.8,334.7,339.9,344.4,347.8,344.5,340.2,335.5,330.8,326.7,332.4,334.4,336.4,337.2,336.3,334.2,332.2,331.5,-4.0,-8.4,-10.3,-8.8,-4.6,0.1,1.8,0.2,-1.9,-4.2,-5.8,-6.7,-6.2,-4.6,-2.2,-0.8,-0.2,0.2,0.2,-0.4,-2.2,-1.5,-2.3,-4.2,-6.1,-6.8,-5.9,-4.0,-6.7,-11.0,-13.1,-11.6,-7.4,-3.1,-1.1,-2.2,-3.9,-6.6,-8.6,-9.6,-9.1,-7.8,-5.6,-4.0,-3.1,-2.6,-2.6,-2.7,-4.9,-4.3,-5.1,-7.0,-8.9,-9.5,-8.6,-6.7,656.7,657.6,658.3,658.5,658.0,657.4,656.4,656.2,660.0,657.8,656.0,655.5,656.6,658.3,660.2,658.1,656.1,655.1,655.7,657.6,657.7,657.8,658.1,658.5,658.7,658.6,658.3,657.9,694.7,696.0,697.7,698.8,698.7,697.4,695.7,694.7,694.9,694.3,694.3,695.3,697.8,701.2,704.4,700.9,697.5,695.1,694.0,694.2,696.5,697.0,697.8,698.3,698.4,697.9,697.1,696.6,367.4,29.6,823.6,0.002,0.102,-0.082
184,0,1656521713.151,0.98,1,-0.092233,0.073591,-0.993014,-0.240044,0.071275,-0.968142,-0.168,0.074,560.2,561.6,565.3,569.2,571.0,569.9,566.0,562.0,554.7,557.3,560.9,565.1,569.2,572.3,574.5,572.3,568.9,565.1,561.2,557.5,564.0,565.7,567.3,567.9,567.1,565.4,563.8,563.2,605.8,606.8,610.0,613.6,615.4,614.4,611.2,607.3,602.3,604.6,607.7,611.5,615.0,617.4,619.0,617.6,615.4,612.3,608.7,605.1,609.0,610.6,612.0,612.5,611.7,610.1,608.7,608.2,229.3,225.3,223.5,225.0,228.8,233.1,234.5,233.1,231.2,229.1,227.6,226.8,227.3,228.8,230.9,232.3,232.8,233.2,233.1,232.6,231.0,231.6,230.8,229.1,227.4,226.8,227.5,229.3,227.3,223.6,221.9,223.2,226.7,230.5,232.2,231.1,229.7,227.4,225.6,224.8,225.3,226.5,228.4,229.8,230.5,230.9,230.9,230.7,228.8,229.4,228.7,227.1,225.5,224.9,225.7,227.3,261.6,263.5,267.9,272.3,274.1,272.6,267.8,263.4,256.9,258.9,262.2,266.5,271.4,275.6,278.8,275.5,271.0,266.4,262.4,259.1,266.2,268.1,270.0,270.8,270.0,268.1,266.2,265.4,329.9,331.6,336.2,340.9,343.0,341.2,336.6,331.7,325.9,328.3,331.9,336.8,342.0,346.6,350.0,346.7,342.4,337.6,333.0,328.9,334.5,336.6,338.6,339.4,338.5,336.4,334.4,333.6,-4.3,-8.6,-10.6,-9.0,-4.8,-0.1,1.5,-0.1,-2.1,-4.4,-6.1,-7.0,-6.5,-4.8,-2.5,-1.0,-0.4,-0.0,-0.1,-0.7,-2.4,-1.7,-2.6,-4.5,-6.3,-7.0,-6.2,-4.3,-6.8,-11.2,-13.2,-11.6,-7.5,-3.1,-1.2,-2.3,-4.0,-6.7,-8.7,-9.7,-9.2,-7.8,-5.7,-4.0,-3.1,-2.7,-2.7,-2.9,-5.0,-4.4,-5.2,-7.1,-8.9,-9.6,-8.7,-6.8,660.4,661.3,662.1,662.3,661.9,661.2,660.2,660.0,663.7,661.6,659.8,659.3,660.4,662.2,664.1,662.0,659.9,658.9,659.5,661.3,661.4,661.5,661.9,662.3,662.5,662.4,662.0,661.6,699.3,700.6,702.3,703.4,703.3,702.0,700.3,699.3,699.5,698.9,698.8,699.9,702.4,705.8,709.0,705.5,702.1,699.6,698.6,698.8,701.1,701.6,702.4,702.9,703.0,702.5,701.7,701.2,367.8,29.5,824.3,0.001,0.101,-0.080
185,0,1656521713.185,0.98,1,-0.096104,0.072973,-0.992693,-0.242415,0.070442,-0.967612,-0.171,0.073,560.1,561.4,565.2,569.1,570.9,569.8,565.9,561.9,554.6,557.2,560.8,565.0,569.1,572.2,574.4,572.2,568.8,565.0,561.1,557.4,563.9,565.6,567.2,567.8,567.0,565.3,563.7,563.1,605.8,606.7,610.0,613.6,615.4,614.4,611.2,607.3,602.3,604.6,607.7,611.6,615.0,617.5,619.1,617.7,615.4,612.4,608.8,605.1,609.1,610.6,612.1,612.5,611.7,610.1,608.7,608.3,229.3,225.4,223.6,225.0,228.8,233.1,234.6,233.2,231.3,229.2,227.7,226.8,227.3,228.8,231.0,232.3,232.9,233.3,233.2,232.6,231.0,231.7,230.9,229.1,227.5,226.8,227.6,229.3,227.3,223.5,221.8,223.1,226.7,230.4,232.1,231.1,229.7,227.4,225.6,224.7,225.2,226.4,228.3,229.7,230.5,230.8,230.8,230.7,228.8,229.4,228.7,227.0,225.5,224.9,225.6,227.3,261.0,262.8,267.2,271.6,273.4,272.0,267.2,262.8,256.3,258.4,261.6,265.9,270.8,275.0,278.2,274.8,270.3,265.8,261.7,258.5,265.6,267.5,269.4,270.2,269.4,267.5,265.6,264.8,328.4,330.2,334.8,339.5,341.5,339.8,335.2,330.2,324.5,326.9,330.5,335.4,340.6,345.1,348.6,345.3,341.0,336.2,331.6,327.5,333.1,335.2,337.2,338.0,337.0,335.0,333.0,332.2,-4.2,-8.5,-10.5,-8.9,-4.7,-0.0,1.6,0.0,-2.0,-4.3,-6.0,-6.9,-6.4,-4.8,-2.4,-0.9,-0.3,0.1,0.0,-0.6,-2.3,-1.7,-2.5,-4.4,-6.3,-7.0,-6.1,-4.2,-6.8,-11.2,-13.2,-11.7,-7.5,-3.2,-1.2,-2.3,-4.0,-6.7,-8.7,-9.7,-9.2,-7.9,-5.7,-4.0,-3.1,-2.7,-2.7,-2.9,-5.0,-4.4,-5.2,-7.1,-8.9,-9.6,-8.7,-6.8,659.2,660.1,660.8,661.0,660.6,660.0,659.0,658.8,662.6,660.4,658.6,658.0,659.1,660.9,662.7,660.7,658.6,657.7,658.3,660.2,660.2,660.3,660.6,661.0,661.2,661.1,660.8,660.4,696.3,697.6,699.3,700.4,700.3,699.0,697.3,696.3,696.6,695.9,695.8,696.9,699.4,702.7,706.0,702.5,699.1,696.6,695.6,695.8,698.1,698.6,699.3,699.9,700.0,699.5,698.7,698.2,368.6,29.6,825.9,0.001,0.105,-0.083
186,0,1656521713.218,0.98,1,-0.093214,0.070449,-0.993151,-0.240124,0.069382,-0.968260,-0.168,0.071,560.1,561.4,565.2,569.1,570.9,569.9,565.9,561.9,554.6,557.2,560.8,565.0,569.1,572.2,574.4,572.2,568.9,565.0,561.1,557.4,563.9,565.6,567.2,567.8,567.0,565.3,563.7,563.1,605.7,606.7,609.9,613.5,615.4,614.4,611.2,607.3,602.2,604.5,607.7,611.5,614.9,617.4,619.0,617.7,615.4,612.3,608.7,605.1,609.0,610.6,612.0,612.4,611.6,610.1,608.6,608.2,229.4,225.4,223.6,225.1,228.9,233.2,234.7,233.2,231.4,229.2,227.7,226.8,227.3,228.8,231.0,232.4,232.9,233.3,233.3,232.7,231.1,231.7,230.9,229.2,227.5,226.9,227.7,229.4,227.3,223.6,221.9,223.2,226.7,230.5,232.2,231.2,229.8,227.4,225.6,224.8,225.2,226.4,228.4,229.8,230.5,230.9,230.9,230.8,228.9,229.5,228.7,227.1,225.5,224.9,225.7,227.3,260.4,262.2,266.6,271.0,272.8,271.3,266.6,262.2,255.6,257.7,260.9,265.3,270.1,274.3,277.5,274.2,269.7,265.1,261.1,257.8,264.9,266.8,268.7,269.5,268.7,266.8,264.9,264.1,327.9,329.7,334.2,338.9,341.0,339.3,334.7,329.8,324.0,326.4,330.0,334.9,340.1,344.6,348.0,344.8,340.5,335.7,331.1,327.0,332.6,334.7,336.7,337.4,336.5,334.5,332.5,331.7,-4.1,-8.5,-10.5,-8.9,-4.7,0.0,1.7,0.1,-2.0,-4.3,-6.0,-6.9,-6.4,-4.7,-2.3,-0.8,-0.2,0.2,0.1,-0.5,-2.3,-1.6,-2.4,-4.4,-6.2,-6.9,-6.0,-4.1,-6.7,-11.1,-13.1,-11.6,-7.4,-3.1,-1.1,-2.3,-3.9,-6.6,-8.7,-9.7,-9.2,-7.8,-5.6,-3.9,-3.0,-2.6,-2.6,-2.8,-5.0,-4.3,-5.2,-7.1,-8.9,-9.5,-8.7,-6.8,657.6,658.5,659.2,659.5,659.0,658.3,657.3,657.1,660.9,658.7,657.0,656.4,657.5,659.3,661.2,659.1,657.0,656.0,656.6,658.5,658.6,658.7,659.0,659.4,659.6,659.5,659.2,658.8,695.3,696.6,698.3,699.5,699.3,698.1,696.3,695.3,695.6,695.0,694.9,695.9,698.5,701.8,705.1,701.6,698.2,695.7,694.6,694.8,697.2,697.7,698.4,699.0,699.0,698.5,697.8,697.2,367.9,29.5,824.5,0.001,0.101,-0.081
187,0,1656521713.251,0.98,1,-0.093711,0.075989,-0.992695,-0.240160,0.074594,-0.967863,-0.169,0.077,560.1,561.4,565.1,569.1,570.9,569.8,565.8,561.9,554.6,557.2,560.8,565.0,569.0,572.1,574.4,572.1,568.8,565.0,561.1,557.4,563.8,565.6,567.2,567.8,567.0,565.2,563.6,563.0,605.7,606.7,609.9,613.5,615.3,614.3,611.1,607.2,602.2,604.5,607.7,611.5,614.9,617.3,618.9,617.6,615.3,612.3,608.7,605.0,609.0,610.5,611.9,612.4,611.6,610.0,608.6,608.2,229.4,225.4,223.7,225.1,228.9,233.2,234.7,233.2,231.4,229.3,227.8,226.9,227.4,228.9,231.0,232.4,232.9,233.3,233.2,232.7,231.1,231.7,230.9,229.2,227.5,226.9,227.7,229.4,227.3,223.6,221.9,223.2,226.7,230.5,232.2,231.2,229.7,227.4,225.6,224.8,225.3,226.4,228.3,229.7,230.5,230.9,230.9,230.7,228.8,229.4,228.7,227.0,225.5,224.9,225.7,227.3,261.9,263.7,268.1,272.5,274.3,272.9,268.1,263.7,257.1,259.2,262.4,266.8,271.7,275.8,279.1,275.7,271.2,266.7,262.6,259.3,266.4,268.3,270.3,271.1,270.3,268.3,266.4,265.6,330.1,331.9,336.4,341.1,343.2,341.5,336.9,331.9,326.2,328.6,332.2,337.1,342.3,346.8,350.2,347.0,342.6,337.9,333.2,329.1,334.8,336.9,338.9,339.6,338.7,336.7,334.7,333.9,-4.1,-8.5,-10.5,-8.9,-4.7,0.0,1.7,0.1,-2.0,-4.3,-5.9,-6.8,-6.3,-4.7,-2.4,-0.9,-0.3,0.1,0.1,-0.5,-2.3,-1.6,-2.4,-4.4,-6.2,-6.9,-6.0,-4.1,-6.8,-11.2,-13.2,-11.7,-7.5,-3.2,-1.2,-2.3,-4.0,-6.7,-8.7,-9.7,-9.2,-7.9,-5.7,-4.0,-3.1,-2.7,-2.7,-2.9,-5.0,-4.4,-5.2,-7.1,-9.0,-9.6,-8.7,-6.8,661.4,662.3,663.1,663.3,662.8,662.2,661.2,660.9,664.7,662.6,660.8,660.3,661.4,663.1,665.0,662.9,660.8,659.9,660.5,662.3,662.4,662.5,662.9,663.2,663.5,663.4,663.0,662.6,700.0,701.3,703.0,704.1,704.0,702.7,701.0,700.0,700.3,699.7,699.6,700.6,703.1,706.5,709.7,706.2,702.8,700.4,699.3,699.5,701.9,702.3,703.1,703.6,703.7,703.2,702.5,701.9,367.9,29.5,824.8,0.005,0.101,-0.081
188,0,1656521713.285,0.98,1,-0.093080,0.073415,-0.992948,-0.239919,0.071532,-0.968154,-0.168,0.074,560.0,561.4,565.1,569.0,570.9,569.8,565.8,561.8,554.5,557.1,560.7,564.9,569.0,572.2,574.4,572.1,568.8,564.9,561.0,557.3,563.8,565.5,567.1,567.7,566.9,565.2,563.6,563.0,605.8,606.8,610.0,613.6,615.5,614.5,611.2,607.4,602.3,604.6,607.8,611.6,615.0,617.5,619.1,617.7,615.5,612.4,608.8,605.1,609.1,610.7,612.1,612.5,611.7,610.1,608.7,608.3,229.4,225.4,223.7,225.1,229.0,233.3,234.7,233.3,231.4,229.3,227.8,226.9,227.4,228.9,231.1,232.4,233.0,233.4,233.3,232.7,231.1,231.8,231.0,229.2,227.6,226.9,227.7,229.5,227.4,223.7,222.0,223.3,226.9,230.6,232.3,231.3,229.8,227.5,225.8,224.9,225.4,226.6,228.5,229.9,230.6,231.0,231.0,230.9,229.0,229.6,228.8,227.2,225.6,225.0,225.8,227.4,260.1,261.9,266.3,270.7,272.5,271.0,266.3,261.9,255.3,257.4,260.6,265.0,269.8,274.0,277.2,273.9,269.4,264.8,260.8,257.5,264.6,266.5,268.4,269.2,268.5,266.5,264.6,263.8,327.7,329.5,334.1,338.8,340.9,339.1,334.5,329.5,323.8,326.2,329.8,334.7,339.9,344.4,347.9,344.6,340.3,335.5,330.9,326.8,332.4,334.5,336.5,337.3,336.3,334.3,332.3,331.5,-4.1,-8.4,-10.4,-8.8,-4.6,0.1,1.7,0.1,-1.9,-4.2,-5.9,-6.8,-6.3,-4.6,-2.3,-0.8,-0.2,0.2,0.2,-0.5,-2.2,-1.5,-2.4,-4.3,-6.1,-6.8,-6.0,-4.1,-6.6,-11.0,-13.0,-11.5,-7.3,-3.0,-1.0,-2.1,-3.8,-6.5,-8.5,-9.6,-9.0,-7.7,-5.5,-3.8,-2.9,-2.5,-2.5,-2.7,-4.8,-4.2,-5.0,-6.9,-8.8,-9.4,-8.5,-6.6,657.1,657.9,658.7,658.9,658.4,657.8,656.8,656.6,660.4,658.2,656.4,655.9,657.0,658.7,660.6,658.5,656.4,655.5,656.1,658.0,658.0,658.1,658.5,658.9,659.1,659.0,658.6,658.3,694.7,696.0,697.7,698.8,698.7,697.5,695.7,694.7,695.0,694.4,694.3,695.3,697.9,701.2,704.4,701.0,697.6,695.1,694.0,694.2,696.6,697.1,697.8,698.4,698.4,697.9,697.2,696.6,367.3,29.5,823.4,0.002,0.100,-0.079
189,0,1656521713.318,0.98,1,-0.097816,0.076210,-0.992282,-0.242388,0.073412,-0.967398,-0.172,0.076,560.0,561.4,565.1,569.0,570.9,569.8,565.7,561.8,554.5,557.1,560.7,564.9,569.0,572.1,574.4,572.1,568.7,564.9,561.0,557.3,563.8,565.5,567.1,567.7,566.9,565.2,563.6,563.0,605.7,606.7,609.9,613.5,615.3,614.3,611.1,607.2,602.2,604.5,607.6,611.5,614.9,617.4,618.9,617.6,615.3,612.2,608.7,605.0,609.0,610.5,612.0,612.4,611.6,610.0,608.6,608.2,229.3,225.4,223.6,225.0,228.9,233.2,234.6,233.2,231.3,229.2,227.6,226.8,227.3,228.8,231.0,232.4,232.9,233.3,233.2,232.6,231.0,231.7,230.9,229.1,227.5,226.8,227.6,229.3,227.5,223.7,222.0,223.4,227.0,230.7,232.4,231.4,229.9,227.6,225.8,225.0,225.5,226.7,228.6,230.0,230.7,231.1,231.1,230.9,229.0,229.6,228.9,227.3,225.7,225.1,225.8,227.5,260.8,262.6,267.0,271.4,273.2,271.7,266.9,262.6,256.1,258.1,261.3,265.7,270.5,274.7,277.9,274.6,270.1,265.5,261.5,258.2,265.3,267.2,269.1,269.9,269.2,267.2,265.3,264.5,328.6,330.3,334.9,339.6,341.7,339.9,335.3,330.3,324.6,327.0,330.6,335.5,340.7,345.3,348.7,345.4,341.0,336.3,331.7,327.6,333.2,335.3,337.3,338.1,337.2,335.1,333.1,332.3,-4.2,-8.5,-10.5,-8.9,-4.7,-0.0,1.6,0.0,-2.1,-4.4,-6.0,-6.9,-6.4,-4.8,-2.4,-0.9,-0.3,0.1,0.1,-0.6,-2.3,-1.6,-2.5,-4.4,-6.2,-6.9,-6.1,-4.2,-6.6,-10.9,-12.9,-11.4,-7.2,-2.9,-0.9,-2.1,-3.8,-6.5,-8.5,-9.5,-9.0,-7.6,-5.4,-3.7,-2.8,-2.4,-2.4,-2.6,-4.8,-4.1,-5.0,-6.9,-8.7,-9.4,-8.5,-6.6,658.8,659.7,660.4,660.6,660.1,659.5,658.5,658.4,662.2,660.0,658.2,657.6,658.7,660.4,662.3,660.2,658.2,657.3,657.9,659.8,659.8,659.9,660.2,660.6,660.8,660.7,660.4,660.0,696.8,698.0,699.7,700.8,700.7,699.5,697.8,696.8,697.0,696.4,696.3,697.3,699.9,703.2,706.4,703.0,699.6,697.1,696.0,696.3,698.6,699.1,699.8,700.4,700.4,699.9,699.2,698.6,368.0,29.5,825.1,0.006,0.104,-0.078
190,0,1656521713.352,0.98,1,-0.095664,0.074965,-0.992587,-0.241749,0.072549,-0.967623,-0.170,0.075,560.0,561.3,565.1,569.0,570.9,569.7,565.7,561.8,554.4,557.1,560.7,564.9,569.0,572.1,574.4,572.1,568.7,564.9,560.9,557.3,563.7,565.5,567.1,567.7,566.9,565.2,563.6,563.0,605.7,606.7,610.0,613.6,615.4,614.4,611.2,607.3,602.2,604.5,607.7,611.6,615.0,617.5,619.0,617.7,615.4,612.3,608.7,605.1,609.0,610.6,612.0,612.5,611.7,610.1,608.7,608.2,229.4,225.4,223.6,225.0,228.9,233.2,234.7,233.2,231.3,229.2,227.7,226.8,227.3,228.8,231.0,232.4,232.9,233.3,233.2,232.7,231.1,231.7,230.9,229.2,227.5,226.8,227.6,229.4,227.4,223.6,221.9,223.3,226.9,230.6,232.3,231.3,229.8,227.5,225.7,224.9,225.4,226.6,228.5,229.9,230.7,231.0,231.0,230.8,229.0,229.6,228.8,227.2,225.6,225.0,225.8,227.4,259.7,261.6,265.9,270.3,272.1,270.7,265.9,261.5,255.0,257.0,260.3,264.6,269.5,273.7,276.9,273.5,269.0,264.5,260.4,257.2,264.2,266.2,268.1,268.9,268.1,266.2,264.3,263.5,326.8,328.6,333.1,337.8,339.9,338.1,333.6,328.6,322.9,325.3,328.9,333.8,339.0,343.5,346.9,343.6,339.3,334.6,329.9,325.8,331.5,333.5,335.5,336.3,335.4,333.3,331.3,330.6,-4.2,-8.5,-10.5,-8.9,-4.7,0.0,1.6,0.1,-2.0,-4.3,-6.0,-6.9,-6.4,-4.7,-2.3,-0.8,-0.2,0.2,0.1,-0.5,-2.3,-1.6,-2.5,-4.4,-6.2,-6.9,-6.1,-4.1,-6.6,-11.0,-13.0,-11.5,-7.3,-2.9,-1.0,-2.1,-3.8,-6.5,-8.5,-9.5,-9.0,-7.7,-5.5,-3.8,-2.9,-2.5,-2.5,-2.7,-4.8,-4.2,-5.0,-6.9,-8.8,-9.4,-8.5,-6.6,656.3,657.1,657.9,658.1,657.6,657.0,656.0,655.8,659.6,657.4,655.6,655.1,656.1,657.9,659.8,657.7,655.6,654.7,655.4,657.2,657.3,657.3,657.7,658.0,658.2,658.2,657.8,657.5,692.9,694.2,695.9,697.0,696.9,695.6,693.9,692.9,693.2,692.5,692.5,693.5,696.0,699.4,702.6,699.1,695.8,693.3,692.2,692.4,694.8,695.2,696.0,696.5,696.6,696.1,695.4,694.8,367.4,29.5,823.9,0.005,0.104,-0.080
191,0,1656521713.384,0.98,1,-0.095083,0.074497,-0.992678,-0.241308,0.072661,-0.967725,-0.170,0.075,560.0,561.3,565.1,569.0,570.8,569.7,565.8,561.8,554.5,557.1,560.7,564.9,569.0,572.1,574.3,572.1,568.7,564.9,561.0,557.3,563.8,565.5,567.1,567.7,566.9,565.2,563.6,563.0,605.7,606.7,609.9,613.5,615.3,614.4,611.1,607.2,602.2,604.5,607.7,611.5,614.9,617.4,619.0,617.6,615.3,612.3,608.7,605.0,609.0,610.5,612.0,612.4,611.6,610.0,608.6,608.2,229.4,225.4,223.6,225.0,228.9,233.2,234.7,233.2,231.3,229.2,227.7,226.9,227.3,228.8,231.0,232.4,232.9,233.3,233.2,232.7,231.1,231.7,230.9,229.2,227.5,226.9,227.6,229.4,227.3,223.6,221.9,223.2,226.8,230.5,232.2,231.2,229.7,227.4,225.7,224.8,225.3,226.5,228.4,229.8,230.5,230.9,230.9,230.7,228.9,229.5,228.7,227.1,225.5,224.9,225.7,227.3,261.0,262.8,267.2,271.6,273.4,272.0,267.2,262.8,256.3,258.3,261.5,265.9,270.8,274.9,278.2,274.8,270.3,265.8,261.7,258.4,265.5,267.4,269.4,270.2,269.4,267.5,265.5,264.7,328.1,329.9,334.4,339.2,341.2,339.5,334.9,329.9,324.2,326.6,330.2,335.1,340.3,344.8,348.3,345.0,340.6,335.9,331.3,327.1,332.8,334.9,336.9,337.7,336.7,334.7,332.7,331.9,-4.1,-8.5,-10.5,-8.9,-4.7,0.0,1.6,0.1,-2.0,-4.3,-6.0,-6.9,-6.4,-4.7,-2.4,-0.9,-0.3,0.1,0.1,-0.5,-2.3,-1.6,-2.5,-4.4,-6.2,-6.9,-6.1,-4.1,-6.7,-11.1,-13.1,-11.6,-7.4,-3.1,-1.1,-2.2,-3.9,-6.6,-8.6,-9.7,-9.1,-7.8,-5.6,-3.9,-3.0,-2.6,-2.6,-2.8,-4.9,-4.3,-5.1,-7.0,-8.9,-9.5,-8.7,-6.8,659.4,660.3,661.0,661.2,660.8,660.1,659.1,658.9,662.7,660.6,658.8,658.2,659.3,661.1,663.0,660.9,658.8,657.9,658.5,660.3,660.4,660.5,660.8,661.2,661.4,661.3,661.0,660.6,695.9,697.1,698.8,700.0,699.8,698.6,696.9,695.8,696.1,695.5,695.4,696.4,699.0,702.3,705.5,702.1,698.7,696.2,695.1,695.4,697.7,698.2,698.9,699.5,699.5,699.0,698.3,697.7,367.3,29.5,823.8,0.003,0.102,-0.080
192,0,1656521713.418,0.98,1,-0.096703,0.071178,-0.992765,-0.241305,0.069372,-0.967967,-0.171,0.072,560.1,561.5,565.2,569.1,571.0,569.9,565.9,562.0,554.6,557.3,560.9,565.0,569.1,572.3,574.5,572.2,568.9,565.1,561.1,557.5,563.9,565.6,567.3,567.8,567.0,565.3,563.7,563.1,605.6,606.6,609.9,613.5,615.3,614.3,611.1,607.2,602.1,604.5,607.6,611.4,614.9,617.3,618.9,617.6,615.3,612.3,608.7,605.0,608.9,610.5,611.9,612.4,611.5,610.0,608.6,608.1,229.3,225.3,223.5,225.0,228.8,233.1,234.6,233.1,231.3,229.1,227.6,226.8,227.2,228.8,231.0,232.3,232.9,233.2,233.2,232.6,231.0,231.6,230.8,229.1,227.4,226.8,227.6,229.3,227.2,223.5,221.8,223.1,226.7,230.4,232.1,231.1,229.7,227.3,225.6,224.7,225.2,226.4,228.3,229.7,230.5,230.9,230.9,230.7,228.8,229.4,228.6,227.0,225.4,224.9,225.6,227.3,260.9,262.7,267.1,271.5,273.3,271.8,267.1,262.7,256.2,258.2,261.4,265.8,270.7,274.8,278.0,274.7,270.2,265.7,261.6,258.3,265.4,267.3,269.2,270.0,269.3,267.3,265.4,264.6,327.4,329.2,333.7,338.4,340.5,338.8,334.2,329.2,323.5,325.9,329.5,334.4,339.6,344.1,347.5,344.3,340.0,335.3,330.6,326.5,332.1,334.2,336.2,336.9,336.0,334.0,332.0,331.2,-4.2,-8.6,-10.6,-9.0,-4.8,-0.1,1.6,-0.0,-2.1,-4.4,-6.1,-7.0,-6.5,-4.8,-2.4,-0.9,-0.3,0.1,0.0,-0.6,-2.4,-1.7,-2.5,-4.5,-6.3,-7.0,-6.1,-4.2,-6.8,-11.1,-13.2,-11.7,-7.5,-3.2,-1.2,-2.3,-4.0,-6.7,-8.8,-9.8,-9.3,-7.9,-5.7,-4.0,-3.1,-2.6,-2.6,-2.8,-5.0,-4.4,-5.2,-7.1,-8.9,-9.6,-8.7,-6.8,658.8,659.6,660.4,660.6,660.1,659.5,658.5,658.3,662.1,659.9,658.1,657.6,658.7,660.4,662.3,660.2,658.1,657.2,657.8,659.7,659.7,659.8,660.2,660.5,660.8,660.7,660.3,659.9,694.5,695.7,697.5,698.6,698.5,697.2,695.5,694.5,694.7,694.1,694.0,695.1,697.6,701.0,704.2,700.7,697.3,694.9,693.7,694.0,696.3,696.8,697.6,698.1,698.2,697.7,696.9,696.4,367.6,29.5,824.2,0.001,0.104,-0.080
193,0,1656521713.452,0.98,1,-0.088748,0.073056,-0.993371,-0.239027,0.071014,-0.968413,-0.166,0.073,560.0,561.4,565.1,569.1,570.9,569.8,565.8,561.8,554.4,557.1,560.8,565.0,569.0,572.2,574.4,572.1,568.8,565.0,561.0,557.3,563.8,565.5,567.2,567.8,567.0,565.2,563.6,563.0,605.8,606.8,610.1,613.7,615.5,614.6,611.3,607.4,602.4,604.7,607.8,611.6,615.1,617.6,619.1,617.8,615.5,612.5,608.9,605.2,609.2,610.7,612.2,612.6,611.8,610.2,608.8,608.3,229.3,225.3,223.5,225.0,228.9,233.2,234.6,233.2,231.3,229.2,227.6,226.8,227.3,228.8,231.0,232.3,232.9,233.2,233.2,232.6,231.0,231.7,230.9,229.1,227.5,226.8,227.6,229.3,227.3,223.5,221.8,223.1,226.7,230.5,232.2,231.2,229.7,227.4,225.6,224.7,225.2,226.4,228.3,229.7,230.5,230.9,230.9,230.7,228.9,229.4,228.7,227.0,225.5,224.9,225.7,227.3,259.5,261.4,265.8,270.2,272.0,270.5,265.7,261.3,254.7,256.8,260.1,264.4,269.3,273.5,276.7,273.3,268.8,264.3,260.2,256.9,264.0,266.0,267.9,268.7,267.9,266.0,264.0,263.2,327.7,329.4,334.0,338.7,340.8,339.0,334.5,329.5,323.8,326.2,329.7,334.6,339.9,344.4,347.8,344.5,340.2,335.5,330.8,326.7,332.4,334.4,336.4,337.2,336.3,334.2,332.2,331.5,-4.2,-8.5,-10.5,-8.9,-4.7,0.0,1.6,0.0,-2.1,-4.3,-6.0,-6.9,-6.4,-4.7,-2.4,-0.9,-0.3,0.1,0.0,-0.6,-2.3,-1.6,-2.5,-4.4,-6.2,-6.9,-6.1,-4.2,-6.8,-11.1,-13.1,-11.6,-7.5,-3.1,-1.1,-2.3,-4.0,-6.6,-8.7,-9.7,-9.2,-7.8,-5.6,-4.0,-3.1,-2.7,-2.6,-2.8,-5.0,-4.3,-5.2,-7.1,-8.9,-9.6,-8.7,-6.8,655.6,656.5,657.3,657.6,657.1,656.4,655.3,655.1,658.8,656.7,655.0,654.5,655.6,657.4,659.3,657.1,655.0,654.1,654.6,656.4,656.6,656.7,657.1,657.5,657.7,657.6,657.2,656.8,694.5,695.8,697.5,698.6,698.5,697.2,695.5,694.4,694.7,694.1,694.0,695.1,697.6,701.0,704.2,700.7,697.3,694.8,693.7,694.0,696.3,696.8,697.5,698.1,698.2,697.7,696.9,696.4,366.3,29.3,821.4,0.002,0.097,-0.077
194,0,1656521713.485,0.98,1,-0.091206,0.076101,-0.992920,-0.238398,0.074149,-0.968333,-0.167,0.076,560.3,561.6,565.3,569.2,571.1,570.0,566.0,562.1,554.7,557.4,561.0,565.2,569.2,572.3,574.5,572.3,569.0,565.2,561.2,557.6,564.0,565.7,567.3,567.9,567.1,565.4,563.8,563.2,605.8,606.8,610.0,613.6,615.4,614.4,611.2,607.3,602.3,604.6,607.8,611.6,615.0,617.4,619.0,617.7,615.4,612.3,608.8,605.1,609.1,610.6,612.0,612.5,611.7,610.1,608.7,608.3,229.3,225.3,223.6,225.0,228.8,233.1,234.6,233.1,231.2,229.2,227.6,226.8,227.3,228.8,231.0,232.3,232.8,233.2,233.1,232.6,231.0,231.6,230.9,229.1,227.5,226.8,227.6,229.3,227.3,223.6,221.9,223.3,226.8,230.5,232.2,231.2,229.8,227.5,225.7,224.9,225.3,226.5,228.4,229.8,230.6,230.9,230.9,230.8,228.9,229.5,228.7,227.1,225.6,225.0,225.7,227.4,262.2,264.1,268.5,272.9,274.7,273.2,268.4,264.0,257.4,259.5,262.8,267.1,272.0,276.2,279.4,276.1,271.6,267.0,262.9,259.6,266.7,268.7,270.6,271.4,270.6,268.7,266.8,266.0,330.0,331.8,336.3,341.0,343.1,341.3,336.8,331.8,326.1,328.5,332.1,337.0,342.2,346.7,350.1,346.8,342.5,337.8,333.1,329.0,334.7,336.7,338.8,339.5,338.6,336.6,334.6,333.8,-4.2,-8.6,-10.6,-9.0,-4.7,-0.1,1.6,-0.0,-2.1,-4.4,-6.0,-7.0,-6.4,-4.8,-2.4,-0.9,-0.3,0.0,-0.0,-0.6,-2.4,-1.7,-2.5,-4.4,-6.3,-7.0,-6.1,-4.2,-6.8,-11.1,-13.1,-11.6,-7.4,-3.1,-1.1,-2.3,-4.0,-6.6,-8.6,-9.6,-9.1,-7.8,-5.6,-3.9,-3.0,-2.6,-2.6,-2.8,-4.9,-4.3,-5.1,-7.0,-8.9,-9.5,-8.7,-6.8,661.8,662.7,663.5,663.7,663.2,662.6,661.5,661.3,665.0,662.9,661.1,660.7,661.8,663.6,665.4,663.3,661.2,660.3,660.8,662.7,662.8,662.9,663.2,663.6,663.8,663.7,663.4,663.0,699.5,700.8,702.5,703.7,703.6,702.3,700.6,699.6,699.8,699.2,699.1,700.1,702.7,706.0,709.3,705.8,702.4,699.9,698.8,699.1,701.4,701.9,702.6,703.2,703.2,702.7,702.0,701.4,367.2,29.4,823.1,0.004,0.098,-0.078
195,0,1656521713.518,0.98,1,-0.094169,0.073412,-0.992846,-0.242204,0.071027,-0.967622,-0.170,0.074,560.3,561.6,565.3,569.3,571.1,570.0,566.0,562.1,554.7,557.4,561.0,565.2,569.2,572.4,574.6,572.3,569.0,565.2,561.2,557.6,564.0,565.7,567.4,568.0,567.2,565.5,563.8,563.2,605.8,606.7,610.0,613.6,615.4,614.4,611.2,607.3,602.3,604.6,607.7,611.5,615.0,617.5,619.0,617.7,615.4,612.4,608.8,605.1,609.1,610.6,612.0,612.5,611.7,610.1,608.7,608.2,229.2,225.3,223.5,224.9,228.8,233.1,234.5,233.1,231.2,229.1,227.5,226.7,227.2,228.7,230.9,232.3,232.8,233.2,233.1,232.6,230.9,231.6,230.8,229.1,227.4,226.7,227.5,229.3,227.2,223.5,221.8,223.1,226.7,230.4,232.1,231.1,229.7,227.3,225.5,224.7,225.1,226.4,228.3,229.7,230.4,230.8,230.8,230.7,228.8,229.4,228.6,227.0,225.4,224.8,225.6,227.2,260.9,262.7,267.1,271.5,273.3,271.9,267.1,262.7,256.2,258.2,261.5,265.8,270.7,274.9,278.1,274.7,270.2,265.7,261.6,258.4,265.4,267.3,269.3,270.1,269.3,267.4,265.4,264.6,328.4,330.2,334.7,339.4,341.5,339.8,335.2,330.2,324.5,326.9,330.5,335.4,340.6,345.1,348.5,345.3,340.9,336.2,331.6,327.5,333.1,335.2,337.2,337.9,337.0,335.0,333.0,332.2,-4.3,-8.6,-10.6,-9.0,-4.8,-0.1,1.5,-0.1,-2.2,-4.5,-6.1,-7.0,-6.5,-4.9,-2.5,-1.0,-0.4,0.0,-0.1,-0.7,-2.4,-1.7,-2.6,-4.5,-6.3,-7.0,-6.2,-4.3,-6.9,-11.2,-13.2,-11.7,-7.6,-3.2,-1.2,-2.4,-4.0,-6.7,-8.8,-9.8,-9.3,-7.9,-5.7,-4.1,-3.1,-2.7,-2.7,-2.9,-5.1,-4.4,-5.3,-7.2,-9.0,-9.7,-8.8,-6.9,658.5,659.4,660.1,660.3,659.9,659.2,658.2,658.0,661.8,659.6,657.9,657.3,658.4,660.2,662.1,660.0,657.9,657.0,657.5,659.4,659.5,659.6,659.9,660.3,660.5,660.4,660.1,659.7,696.3,697.6,699.3,700.4,700.3,699.0,697.3,696.3,696.5,695.9,695.8,696.9,699.4,702.7,706.0,702.5,699.1,696.6,695.5,695.8,698.1,698.6,699.3,699.9,699.9,699.5,698.7,698.2,368.0,29.5,824.7,0.004,0.101,-0.079
196,0,1656521713.551,0.98,1,-0.093349,0.071457,-0.993066,-0.241616,0.068641,-0.967941,-0.169,0.071,560.3,561.6,565.4,569.3,571.1,570.0,566.0,562.1,554.7,557.4,561.0,565.2,569.3,572.4,574.6,572.4,569.0,565.2,561.2,557.6,564.0,565.8,567.4,568.0,567.2,565.5,563.8,563.2,605.9,606.9,610.1,613.7,615.6,614.6,611.3,607.4,602.4,604.7,607.8,611.7,615.1,617.6,619.2,617.8,615.5,612.5,608.9,605.2,609.2,610.8,612.2,612.6,611.8,610.2,608.8,608.4,229.3,225.3,223.6,225.0,228.9,233.2,234.6,233.2,231.3,229.2,227.6,226.8,227.3,228.8,231.0,232.4,232.9,233.3,233.2,232.6,231.0,231.7,230.9,229.2,227.5,226.8,227.6,229.4,227.4,223.7,222.0,223.3,226.9,230.6,232.3,231.3,229.8,227.5,225.7,224.9,225.4,226.6,228.5,229.9,230.6,231.0,231.0,230.8,229.0,229.6,228.8,227.2,225.6,225.0,225.8,227.4,260.5,262.4,266.8,271.2,272.9,271.5,266.7,262.3,255.8,257.8,261.1,265.4,270.3,274.5,277.7,274.3,269.8,265.3,261.2,257.9,265.0,266.9,268.9,269.7,268.9,267.0,265.1,264.2,328.4,330.2,334.8,339.5,341.5,339.8,335.2,330.2,324.5,326.9,330.5,335.4,340.6,345.1,348.6,345.3,340.9,336.2,331.6,327.4,333.1,335.2,337.2,338.0,337.0,335.0,333.0,332.2,-4.2,-8.5,-10.5,-8.9,-4.7,0.0,1.6,0.0,-2.1,-4.4,-6.0,-6.9,-6.4,-4.7,-2.3,-0.9,-0.3,0.1,0.0,-0.6,-2.3,-1.6,-2.5,-4.4,-6.2,-6.9,-6.1,-4.2,-6.7,-11.0,-13.0,-11.5,-7.3,-3.0,-1.0,-2.2,-3.8,-6.5,-8.6,-9.6,-9.1,-7.7,-5.5,-3.8,-2.9,-2.5,-2.5,-2.7,-4.9,-4.2,-5.1,-6.9,-8.8,-9.4,-8.6,-6.7,657.4,658.3,659.1,659.3,658.8,658.2,657.1,656.9,660.7,658.6,656.8,656.3,657.4,659.1,661.0,658.9,656.8,655.9,656.5,658.3,658.4,658.5,658.8,659.2,659.5,659.4,659.0,658.6,696.0,697.3,699.0,700.1,700.0,698.7,697.0,696.0,696.2,695.6,695.6,696.6,699.1,702.5,705.7,702.2,698.8,696.3,695.3,695.5,697.8,698.3,699.1,699.6,699.7,699.2,698.4,697.9,368.2,29.5,824.8,0.002,0.102,-0.079
197,0,1656521713.585,0.98,1,-0.093991,0.075252,-0.992725,-0.240013,0.072366,-0.968069,-0.169,0.075,560.3,561.7,565.4,569.3,571.1,570.1,566.1,562.1,554.8,557.5,561.1,565.2,569.3,572.4,574.6,572.4,569.0,565.2,561.3,557.7,564.1,565.8,567.4,568.0,567.2,565.5,563.9,563.3,605.9,606.9,610.1,613.7,615.5,614.6,611.3,607.5,602.4,604.7,607.9,611.7,615.1,617.6,619.1,617.8,615.5,612.5,608.9,605.2,609.2,610.8,612.2,612.6,611.8,610.2,608.8,608.4,229.3,225.4,223.6,225.0,228.8,233.1,234.6,233.2,231.3,229.2,227.7,226.8,227.3,228.8,231.0,232.3,232.9,233.2,233.2,232.6,231.0,231.6,230.9,229.1,227.5,226.8,227.6,229.3,227.3,223.5,221.8,223.2,226.7,230.5,232.2,231.2,229.7,227.4,225.6,224.8,225.3,226.5,228.3,229.7,230.5,230.9,230.9,230.7,228.8,229.4,228.7,227.0,225.5,224.9,225.7,227.3,261.8,263.6,268.0,272.4,274.2,272.7,267.9,263.6,257.0,259.1,262.3,266.6,271.5,275.7,278.9,275.6,271.1,266.5,262.5,259.2,266.3,268.2,270.1,270.9,270.1,268.2,266.3,265.5,329.0,330.7,335.3,340.0,342.1,340.3,335.7,330.8,325.0,327.4,331.0,335.9,341.1,345.6,349.1,345.8,341.5,336.8,332.1,328.0,333.6,335.7,337.7,338.5,337.6,335.5,333.5,332.7,-4.2,-8.6,-10.5,-9.0,-4.7,-0.0,1.6,-0.0,-2.1,-4.4,-6.0,-7.0,-6.4,-4.8,-2.4,-0.9,-0.3,0.1,0.0,-0.6,-2.4,-1.7,-2.5,-4.4,-6.3,-7.0,-6.1,-4.2,-6.8,-11.1,-13.2,-11.6,-7.5,-3.1,-1.2,-2.3,-4.0,-6.7,-8.7,-9.7,-9.2,-7.8,-5.7,-4.0,-3.1,-2.7,-2.6,-2.8,-5.0,-4.3,-5.2,-7.1,-8.9,-9.6,-8.7,-6.8,660.4,661.3,662.0,662.2,661.8,661.2,660.1,659.9,663.7,661.5,659.8,659.2,660.3,662.1,664.0,661.9,659.8,658.9,659.5,661.3,661.4,661.5,661.8,662.2,662.4,662.3,662.0,661.6,697.0,698.3,700.0,701.1,701.0,699.8,698.1,697.0,697.3,696.7,696.6,697.6,700.2,703.5,706.8,703.3,699.9,697.4,696.3,696.5,698.9,699.4,700.1,700.7,700.7,700.2,699.5,698.9,367.8,29.5,823.9,0.004,0.103,-0.083
198,0,1656521713.618,0.98,1,-0.093667,0.073956,-0.992853,-0.239504,0.071431,-0.968264,-0.168,0.074,560.5,561.9,565.6,569.5,571.4,570.3,566.3,562.3,555.0,557.7,561.3,565.4,569.5,572.6,574.8,572.6,569.3,565.4,561.5,557.9,564.3,566.0,567.6,568.2,567.4,565.7,564.1,563.5,606.1,607.0,610.3,613.9,615.7,614.7,611.5,607.6,602.6,604.9,608.0,611.8,615.3,617.7,619.3,617.9,615.7,612.6,609.0,605.4,609.3,610.9,612.3,612.8,612.0,610.4,609.0,608.5,229.3,225.3,223.5,225.0,228.8,233.1,234.5,233.1,231.2,229.1,227.6,226.8,227.3,228.8,230.9,232.3,232.8,233.2,233.1,232.5,231.0,231.6,230.8,229.1,227.4,226.8,227.5,229.3,227.3,223.6,221.9,223.3,226.8,230.6,232.2,231.2,229.8,227.4,225.7,224.9,225.4,226.6,228.4,229.8,230.6,230.9,230.9,230.8,228.9,229.5,228.8,227.1,225.6,225.0,225.7,227.4,261.9,263.8,268.2,272.6,274.4,272.9,268.1,263.7,257.2,259.2,262.5,266.8,271.7,275.9,279.1,275.7,271.2,266.7,262.6,259.3,266.4,268.4,270.3,271.1,270.3,268.4,266.5,265.7,329.4,331.1,335.7,340.4,342.5,340.7,336.1,331.2,325.4,327.8,331.4,336.4,341.6,346.1,349.5,346.2,341.9,337.2,332.5,328.4,334.0,336.1,338.1,338.9,338.0,335.9,333.9,333.1,-4.3,-8.6,-10.6,-9.0,-4.8,-0.1,1.5,-0.1,-2.2,-4.4,-6.1,-7.0,-6.5,-4.8,-2.5,-1.0,-0.4,0.0,-0.1,-0.7,-2.4,-1.7,-2.6,-4.5,-6.3,-7.0,-6.2,-4.3,-6.7,-11.1,-13.1,-11.5,-7.4,-3.0,-1.1,-2.2,-3.9,-6.6,-8.6,-9.6,-9.1,-7.7,-5.5,-3.9,-3.0,-2.6,-2.6,-2.8,-4.9,-4.2,-5.1,-7.0,-8.8,-9.5,-8.6,-6.7,660.2,661.1,661.9,662.1,661.6,661.0,660.0,659.8,663.5,661.4,659.6,659.1,660.2,661.9,663.8,661.7,659.6,658.7,659.3,661.1,661.2,661.3,661.7,662.1,662.3,662.2,661.8,661.4,697.5,698.8,700.5,701.7,701.6,700.3,698.6,697.5,697.8,697.2,697.1,698.1,700.7,704.0,707.3,703.8,700.4,697.9,696.8,697.0,699.4,699.9,700.6,701.2,701.2,700.7,700.0,699.4,368.3,29.5,824.6,0.001,0.101,-0.078
199,0,1656521713.651,0.98,1,-0.096550,0.074859,-0.992509,-0.242327,0.072004,-0.967519,-0.171,0.075,560.3,561.7,565.4,569.4,571.2,570.1,566.1,562.1,554.8,557.4,561.1,565.2,569.3,572.5,574.7,572.4,569.1,565.3,561.3,557.6,564.1,565.8,567.5,568.1,567.3,565.5,563.9,563.3,606.1,607.1,610.4,614.0,615.8,614.8,611.5,607.6,602.6,604.9,608.1,611.9,615.4,617.8,619.4,618.1,615.7,612.7,609.1,605.4,609.4,611.0,612.4,612.8,612.0,610.5,609.0,608.6,229.3,225.3,223.5,224.9,228.8,233.1,234.6,233.1,231.2,229.1,227.6,226.8,227.2,228.8,230.9,232.3,232.8,233.2,233.1,232.6,231.0,231.6,230.8,229.1,227.4,226.7,227.5,229.3,227.3,223.6,221.9,223.2,226.8,230.6,232.3,231.3,229.8,227.4,225.7,224.8,225.3,226.6,228.5,229.9,230.6,231.0,231.0,230.8,228.9,229.5,228.8,227.1,225.6,225.0,225.7,227.4,260.2,262.0,266.4,270.8,272.6,271.1,266.3,262.0,255.4,257.5,260.7,265.0,269.9,274.1,277.3,274.0,269.4,264.9,260.9,257.6,264.7,266.6,268.5,269.3,268.5,266.6,264.7,263.9,327.6,329.4,333.9,338.6,340.7,338.9,334.3,329.4,323.7,326.1,329.7,334.6,339.8,344.3,347.7,344.4,340.1,335.4,330.7,326.6,332.3,334.3,336.3,337.1,336.2,334.2,332.1,331.4,-4.2,-8.6,-10.6,-9.0,-4.8,-0.1,1.5,-0.0,-2.1,-4.4,-6.1,-7.0,-6.4,-4.8,-2.4,-1.0,-0.4,0.0,-0.0,-0.7,-2.4,-1.7,-2.6,-4.5,-6.3,-7.0,-6.1,-4.2,-6.7,-11.0,-13.0,-11.5,-7.3,-3.0,-1.0,-2.2,-3.9,-6.6,-8.6,-9.6,-9.0,-7.7,-5.5,-3.8,-2.9,-2.5,-2.5,-2.7,-4.9,-4.2,-5.1,-7.0,-8.8,-9.5,-8.6,-6.7,656.4,657.3,658.0,658.2,657.7,657.1,656.1,655.9,659.7,657.6,655.8,655.2,656.3,658.0,659.9,657.8,655.8,654.9,655.5,657.3,657.4,657.5,657.8,658.2,658.4,658.3,658.0,657.6,693.7,695.0,696.7,697.8,697.7,696.4,694.7,693.7,694.0,693.3,693.3,694.3,696.8,700.2,703.4,699.9,696.5,694.1,693.0,693.2,695.5,696.0,696.8,697.3,697.4,696.9,696.2,695.6,367.8,29.4,823.7,0.003,0.104,-0.078
200,0,1656521713.685,0.98,1,-0.092272,0.074145,-0.992969,-0.238609,0.072001,-0.968443,-0.167,0.074,560.4,561.8,565.5,569.4,571.3,570.2,566.2,562.2,554.9,557.5,561.2,565.3,569.4,572.5,574.7,572.5,569.2,565.3,561.4,557.7,564.2,565.9,567.5,568.1,567.3,565.6,564.0,563.4,606.0,607.0,610.3,613.9,615.7,614.7,611.5,607.6,602.5,604.9,608.0,611.8,615.2,617.7,619.3,617.9,615.7,612.6,609.0,605.4,609.3,610.9,612.3,612.7,611.9,610.4,609.0,608.5,229.2,225.2,223.4,224.9,228.7,233.0,234.5,233.0,231.1,229.0,227.5,226.7,227.2,228.7,230.9,232.2,232.7,233.1,233.0,232.5,230.9,231.5,230.7,229.0,227.3,226.7,227.5,229.2,227.3,223.5,221.8,223.2,226.7,230.5,232.2,231.1,229.7,227.4,225.6,224.7,225.2,226.5,228.4,229.8,230.5,230.9,230.9,230.7,228.8,229.4,228.7,227.0,225.5,224.9,225.6,227.3,261.3,263.2,267.6,272.0,273.8,272.3,267.5,263.1,256.5,258.6,261.9,266.2,271.1,275.3,278.5,275.1,270.6,266.1,262.0,258.7,265.8,267.7,269.7,270.5,269.7,267.8,265.9,265.0,329.0,330.7,335.3,340.0,342.1,340.3,335.7,330.8,325.1,327.5,331.1,336.0,341.2,345.7,349.1,345.8,341.5,336.8,332.1,328.0,333.7,335.7,337.7,338.5,337.6,335.5,333.5,332.8,-4.4,-8.7,-10.7,-9.1,-4.9,-0.2,1.4,-0.2,-2.2,-4.5,-6.2,-7.1,-6.6,-4.9,-2.5,-1.1,-0.5,-0.1,-0.1,-0.8,-2.5,-1.8,-2.7,-4.6,-6.4,-7.1,-6.3,-4.4,-6.8,-11.2,-13.2,-11.6,-7.5,-3.1,-1.2,-2.3,-4.0,-6.7,-8.7,-9.7,-9.2,-7.8,-5.6,-4.0,-3.1,-2.7,-2.7,-2.9,-5.0,-4.4,-5.2,-7.1,-8.9,-9.6,-8.7,-6.8,659.0,659.9,660.7,660.9,660.4,659.8,658.8,658.6,662.3,660.2,658.4,657.9,659.0,660.8,662.6,660.5,658.4,657.5,658.1,659.9,660.0,660.1,660.5,660.9,661.1,661.0,660.6,660.2,696.8,698.1,699.8,700.9,700.8,699.5,697.8,696.8,697.0,696.4,696.3,697.4,699.9,703.3,706.5,703.0,699.6,697.2,696.0,696.3,698.6,699.1,699.9,700.4,700.5,700.0,699.2,698.7,367.5,29.3,823.0,0.003,0.098,-0.077
201,0,1656521713.718,0.98,1,-0.093178,0.074747,-0.992840,-0.240642,0.073054,-0.967861,-0.169,0.075,560.3,561.7,565.4,569.3,571.2,570.1,566.1,562.1,554.8,557.4,561.0,565.2,569.3,572.5,574.7,572.4,569.1,565.2,561.3,557.6,564.1,565.8,567.4,568.0,567.2,565.5,563.9,563.3,606.0,607.0,610.3,613.9,615.7,614.7,611.4,607.6,602.5,604.8,608.0,611.8,615.3,617.7,619.3,618.0,615.7,612.6,609.0,605.3,609.3,610.9,612.3,612.7,611.9,610.4,608.9,608.5,229.3,225.4,223.6,225.0,228.9,233.2,234.7,233.2,231.3,229.2,227.7,226.8,227.3,228.8,231.0,232.4,232.9,233.3,233.2,232.7,231.0,231.7,230.9,229.1,227.5,226.8,227.6,229.4,227.3,223.6,221.9,223.2,226.8,230.5,232.3,231.2,229.8,227.4,225.7,224.8,225.3,226.5,228.4,229.8,230.6,231.0,231.0,230.8,228.9,229.5,228.7,227.1,225.5,225.0,225.7,227.3,260.2,262.1,266.4,270.8,272.7,271.2,266.4,262.0,255.5,257.5,260.8,265.1,270.0,274.2,277.4,274.0,269.5,265.0,260.9,257.7,264.8,266.7,268.6,269.4,268.6,266.7,264.8,264.0,327.8,329.5,334.1,338.8,340.9,339.1,334.5,329.5,323.8,326.2,329.8,334.7,339.9,344.5,347.9,344.6,340.3,335.5,330.9,326.8,332.4,334.5,336.5,337.3,336.4,334.3,332.3,331.5,-4.2,-8.5,-10.5,-8.9,-4.7,0.0,1.6,0.0,-2.0,-4.3,-6.0,-6.9,-6.4,-4.8,-2.4,-0.9,-0.3,0.1,0.1,-0.5,-2.3,-1.6,-2.5,-4.4,-6.2,-6.9,-6.1,-4.2,-6.7,-11.0,-13.1,-11.5,-7.4,-3.0,-1.0,-2.2,-3.9,-6.6,-8.6,-9.6,-9.1,-7.7,-5.6,-3.9,-3.0,-2.5,-2.5,-2.7,-4.9,-4.2,-5.1,-7.0,-8.8,-9.5,-8.6,-6.7,656.6,657.5,658.3,658.5,658.0,657.4,656.4,656.2,659.9,657.8,656.0,655.5,656.6,658.3,660.2,658.1,656.1,655.1,655.7,657.6,657.6,657.7,658.1,658.4,658.6,658.6,658.2,657.8,694.2,695.5,697.2,698.3,698.2,697.0,695.3,694.3,694.5,693.9,693.8,694.8,697.4,700.7,703.9,700.5,697.1,694.6,693.5,693.8,696.1,696.6,697.3,697.9,697.9,697.4,696.7,696.1,368.0,29.4,824.3,0.004,0.101,-0.079
202,0,1656521713.752,0.98,1,-0.092917,0.075092,-0.992838,-0.240082,0.072967,-0.968006,-0.168,0.075,560.3,561.7,565.4,569.3,571.2,570.1,566.1,562.1,554.8,557.4,561.0,565.2,569.3,572.4,574.7,572.4,569.1,565.2,561.3,557.6,564.1,565.8,567.4,568.0,567.2,565.5,563.9,563.3,605.9,606.9,610.1,613.7,615.6,614.6,611.3,607.5,602.4,604.7,607.9,611.7,615.1,617.6,619.2,617.8,615.5,612.5,608.9,605.2,609.2,610.8,612.2,612.6,611.8,610.2,608.8,608.4,229.3,225.3,223.6,225.0,228.9,233.1,234.6,233.2,231.3,229.2,227.6,226.8,227.3,228.8,231.0,232.3,232.9,233.3,233.2,232.6,231.0,231.7,230.9,229.1,227.5,226.8,227.6,229.3,227.2,223.5,221.8,223.1,226.7,230.4,232.1,231.1,229.7,227.3,225.6,224.7,225.2,226.4,228.3,229.7,230.4,230.8,230.8,230.7,228.8,229.4,228.6,227.0,225.4,224.8,225.6,227.2,260.6,262.5,266.9,271.3,273.1,271.6,266.8,262.4,255.9,257.9,261.2,265.5,270.4,274.6,277.8,274.4,269.9,265.4,261.3,258.1,265.1,267.1,269.0,269.8,269.0,267.1,265.2,264.4,328.0,329.8,334.3,339.0,341.1,339.4,334.8,329.8,324.1,326.5,330.1,335.0,340.2,344.7,348.1,344.9,340.6,335.8,331.2,327.0,332.7,334.8,336.8,337.5,336.6,334.6,332.6,331.8,-4.2,-8.5,-10.5,-8.9,-4.7,-0.0,1.6,0.0,-2.1,-4.4,-6.0,-6.9,-6.4,-4.8,-2.4,-0.9,-0.3,0.1,0.0,-0.6,-2.3,-1.6,-2.5,-4.4,-6.3,-6.9,-6.1,-4.2,-6.8,-11.2,-13.2,-11.7,-7.5,-3.2,-1.2,-2.3,-4.0,-6.7,-8.8,-9.8,-9.3,-7.9,-5.7,-4.1,-3.1,-2.7,-2.7,-2.9,-5.1,-4.4,-5.3,-7.2,-9.0,-9.6,-8.8,-6.9,657.6,658.5,659.3,659.5,659.0,658.4,657.4,657.1,660.9,658.8,657.0,656.5,657.5,659.3,661.2,659.1,657.0,656.1,656.7,658.5,658.6,658.7,659.0,659.4,659.6,659.5,659.2,658.8,695.1,696.4,698.1,699.2,699.1,697.8,696.1,695.1,695.3,694.7,694.6,695.7,698.2,701.6,704.8,701.4,698.0,695.5,694.4,694.6,696.9,697.4,698.2,698.7,698.8,698.3,697.5,697.0,367.9,29.4,824.2,0.005,0.101,-0.081
203,0,1656521713.785,0.98,1,-0.090275,0.072459,-0.993277,-0.239176,0.070526,-0.968412,-0.166,0.073,560.3,561.6,565.4,569.3,571.1,570.0,566.0,562.1,554.7,557.4,561.0,565.2,569.3,572.4,574.6,572.4,569.0,565.2,561.3,557.6,564.0,565.8,567.4,568.0,567.2,565.5,563.8,563.2,606.1,607.1,610.3,613.9,615.7,614.7,611.5,607.6,602.6,604.9,608.0,611.9,615.3,617.8,619.3,618.0,615.7,612.7,609.1,605.4,609.4,610.9,612.3,612.8,612.0,610.4,609.0,608.6,229.1,225.1,223.3,224.8,228.7,233.0,234.4,233.0,231.1,229.0,227.4,226.6,227.1,228.6,230.8,232.1,232.7,233.0,233.0,232.4,230.8,231.5,230.7,228.9,227.3,226.6,227.4,229.1,227.2,223.5,221.8,223.1,226.7,230.4,232.1,231.1,229.6,227.3,225.6,224.7,225.2,226.4,228.3,229.7,230.4,230.8,230.8,230.6,228.8,229.4,228.6,227.0,225.4,224.8,225.6,227.2,260.3,262.2,266.6,271.0,272.8,271.3,266.5,262.1,255.5,257.6,260.9,265.2,270.1,274.3,277.5,274.1,269.6,265.1,261.0,257.7,264.8,266.7,268.7,269.5,268.7,266.8,264.9,264.0,329.0,330.7,335.3,340.0,342.1,340.3,335.7,330.7,325.0,327.4,331.0,335.9,341.1,345.7,349.1,345.8,341.5,336.7,332.1,327.9,333.6,335.7,337.7,338.5,337.6,335.5,333.5,332.7,-4.4,-8.8,-10.7,-9.1,-4.9,-0.2,1.4,-0.2,-2.3,-4.6,-6.2,-7.1,-6.6,-4.9,-2.6,-1.1,-0.5,-0.2,-0.2,-0.8,-2.6,-1.9,-2.7,-4.6,-6.5,-7.2,-6.3,-4.4,-6.9,-11.2,-13.2,-11.7,-7.5,-3.2,-1.2,-2.4,-4.1,-6.8,-8.8,-9.8,-9.3,-7.9,-5.7,-4.0,-3.2,-2.7,-2.7,-2.9,-5.1,-4.4,-5.3,-7.2,-9.0,-9.7,-8.8,-6.9,656.9,657.8,658.6,658.9,658.4,657.7,656.6,656.4,660.1,658.0,656.3,655.8,656.9,658.7,660.6,658.5,656.3,655.4,656.0,657.8,657.9,658.0,658.4,658.8,659.0,658.9,658.5,658.1,696.6,697.9,699.6,700.8,700.6,699.3,697.6,696.6,696.9,696.3,696.2,697.2,699.8,703.1,706.3,702.9,699.5,697.0,695.9,696.1,698.5,699.0,699.7,700.3,700.3,699.8,699.1,698.5,367.0,29.4,822.1,0.001,0.098,-0.077
204,0,1656521713.818,0.98,1,-0.094861,0.073684,-0.992760,-0.240973,0.070989,-0.967932,-0.170,0.074,560.4,561.8,565.6,569.5,571.3,570.2,566.2,562.3,554.9,557.6,561.2,565.4,569.4,572.6,574.8,572.5,569.2,565.4,561.4,557.8,564.2,565.9,567.6,568.2,567.4,565.7,564.0,563.4,606.1,607.1,610.3,613.9,615.7,614.7,611.5,607.6,602.5,604.9,608.0,611.9,615.3,617.8,619.3,618.0,615.7,612.7,609.0,605.4,609.4,610.9,612.3,612.8,612.0,610.4,609.0,608.5,229.2,225.2,223.5,224.9,228.8,233.1,234.5,233.1,231.2,229.1,227.5,226.7,227.2,228.7,230.9,232.3,232.8,233.2,233.1,232.5,230.9,231.6,230.8,229.0,227.4,226.7,227.5,229.2,227.4,223.6,222.0,223.3,226.9,230.6,232.3,231.3,229.8,227.5,225.7,224.9,225.4,226.6,228.5,229.9,230.7,231.0,231.0,230.8,229.0,229.5,228.8,227.2,225.6,225.0,225.8,227.4,260.9,262.7,267.1,271.5,273.3,271.8,267.0,262.6,256.1,258.2,261.4,265.8,270.6,274.8,278.0,274.7,270.1,265.6,261.6,258.3,265.4,267.3,269.2,270.0,269.2,267.3,265.4,264.6,328.2,330.0,334.5,339.2,341.3,339.5,335.0,330.0,324.3,326.7,330.3,335.2,340.4,344.9,348.3,345.0,340.7,336.0,331.3,327.2,332.9,334.9,336.9,337.7,336.8,334.8,332.8,332.0,-4.3,-8.7,-10.6,-9.0,-4.8,-0.1,1.5,-0.1,-2.2,-4.5,-6.1,-7.0,-6.5,-4.8,-2.5,-1.0,-0.4,-0.0,-0.1,-0.7,-2.5,-1.7,-2.6,-4.5,-6.4,-7.1,-6.2,-4.3,-6.7,-11.0,-13.0,-11.5,-7.3,-3.0,-1.0,-2.2,-3.9,-6.6,-8.6,-9.6,-9.0,-7.6,-5.5,-3.8,-2.9,-2.5,-2.5,-2.7,-4.9,-4.2,-5.0,-6.9,-8.8,-9.4,-8.6,-6.7,657.8,658.7,659.5,659.7,659.2,658.6,657.5,657.3,661.1,659.0,657.2,656.7,657.7,659.5,661.4,659.3,657.2,656.3,656.9,658.7,658.8,658.9,659.2,659.6,659.8,659.7,659.4,659.0,695.1,696.4,698.1,699.2,699.1,697.8,696.1,695.1,695.3,694.7,694.6,695.7,698.2,701.6,704.8,701.3,697.9,695.5,694.4,694.6,696.9,697.4,698.2,698.7,698.8,698.3,697.5,697.0,368.1,29.5,824.3,0.002,0.102,-0.076
205,0,1656521713.852,0.98,1,-0.090748,0.074919,-0.993052,-0.238090,0.073029,-0.968494,-0.166,0.075,560.4,561.8,565.5,569.4,571.3,570.1,566.2,562.2,554.9,557.5,561.2,565.3,569.4,572.5,574.7,572.5,569.2,565.3,561.4,557.7,564.2,565.9,567.5,568.1,567.3,565.6,564.0,563.4,606.1,607.1,610.3,613.9,615.7,614.7,611.5,607.6,602.6,604.9,608.1,611.9,615.3,617.7,619.3,618.0,615.7,612.6,609.1,605.4,609.4,610.9,612.3,612.8,612.0,610.4,609.0,608.6,229.2,225.2,223.4,224.9,228.8,233.0,234.5,233.0,231.1,229.0,227.5,226.7,227.2,228.7,230.9,232.2,232.7,233.1,233.0,232.5,230.9,231.5,230.8,229.0,227.3,226.7,227.5,229.2,227.3,223.6,221.9,223.3,226.8,230.6,232.2,231.2,229.7,227.4,225.7,224.9,225.4,226.6,228.4,229.8,230.6,230.9,230.9,230.7,228.9,229.5,228.8,227.1,225.6,225.0,225.7,227.4,261.6,263.4,267.8,272.2,274.0,272.5,267.7,263.4,256.8,258.9,262.1,266.5,271.4,275.5,278.8,275.4,270.9,266.3,262.3,259.0,266.1,268.0,269.9,270.8,270.0,268.0,266.1,265.3,329.7,331.5,336.1,340.8,342.8,341.1,336.5,331.5,325.8,328.2,331.8,336.7,341.9,346.4,349.8,346.6,342.2,337.5,332.8,328.7,334.4,336.5,338.5,339.2,338.3,336.3,334.3,333.5,-4.4,-8.7,-10.7,-9.1,-4.8,-0.1,1.5,-0.2,-2.2,-4.5,-6.2,-7.1,-6.5,-4.9,-2.5,-1.0,-0.5,-0.1,-0.2,-0.8,-2.5,-1.8,-2.6,-4.5,-6.4,-7.1,-6.2,-4.3,-6.8,-11.1,-13.1,-11.5,-7.4,-3.0,-1.1,-2.2,-4.0,-6.6,-8.6,-9.6,-9.1,-7.7,-5.5,-3.9,-3.0,-2.6,-2.6,-2.8,-4.9,-4.3,-5.1,-7.0,-8.8,-9.5,-8.6,-6.7,659.7,660.6,661.4,661.6,661.1,660.5,659.4,659.2,662.9,660.8,659.0,658.6,659.6,661.4,663.3,661.2,659.1,658.2,658.7,660.5,660.7,660.8,661.1,661.5,661.7,661.6,661.3,660.9,698.2,699.5,701.2,702.4,702.2,701.0,699.3,698.2,698.5,697.9,697.8,698.8,701.4,704.7,708.0,704.5,701.1,698.6,697.5,697.7,700.1,700.6,701.3,701.9,701.9,701.4,700.7,700.1,367.3,29.4,822.9,0.002,0.097,-0.075
206,0,1656521713.885,0.98,1,-0.093794,0.075109,-0.992754,-0.242236,0.073118,-0.967458,-0.170,0.075,560.3,561.7,565.4,569.4,571.2,570.1,566.1,562.1,554.8,557.4,561.0,565.2,569.3,572.5,574.7,572.4,569.1,565.3,561.3,557.6,564.1,565.8,567.5,568.1,567.2,565.5,563.9,563.3,606.0,607.0,610.2,613.8,615.7,614.7,611.4,607.6,602.5,604.8,608.0,611.8,615.2,617.7,619.3,617.9,615.6,612.6,609.0,605.3,609.3,610.9,612.3,612.7,611.9,610.3,608.9,608.5,229.3,225.3,223.5,225.0,228.8,233.1,234.6,233.2,231.3,229.2,227.7,226.8,227.3,228.8,231.0,232.3,232.8,233.2,233.2,232.6,231.0,231.6,230.9,229.1,227.4,226.8,227.6,229.3,227.3,223.5,221.8,223.2,226.7,230.5,232.2,231.2,229.7,227.4,225.6,224.8,225.2,226.4,228.3,229.7,230.5,230.9,230.9,230.7,228.8,229.4,228.7,227.0,225.5,224.9,225.6,227.3,260.5,262.3,266.7,271.1,272.9,271.4,266.7,262.3,255.7,257.8,261.0,265.4,270.2,274.4,277.6,274.3,269.8,265.2,261.2,257.9,265.0,266.9,268.8,269.6,268.9,266.9,265.0,264.2,328.9,330.6,335.2,339.9,342.0,340.2,335.6,330.7,325.0,327.4,330.9,335.8,341.1,345.6,349.0,345.7,341.4,336.7,332.0,327.9,333.6,335.6,337.6,338.4,337.5,335.4,333.4,332.7,-4.2,-8.6,-10.5,-8.9,-4.7,-0.0,1.6,0.0,-2.1,-4.4,-6.0,-6.9,-6.4,-4.8,-2.4,-0.9,-0.3,0.1,-0.0,-0.6,-2.3,-1.7,-2.5,-4.4,-6.3,-7.0,-6.1,-4.2,-6.8,-11.1,-13.2,-11.6,-7.5,-3.1,-1.2,-2.3,-4.0,-6.7,-8.7,-9.7,-9.2,-7.8,-5.7,-4.0,-3.1,-2.7,-2.7,-2.8,-5.0,-4.3,-5.2,-7.1,-8.9,-9.6,-8.7,-6.8,657.2,658.1,658.8,659.0,658.6,658.0,656.9,656.7,660.5,658.3,656.6,656.0,657.1,658.9,660.8,658.7,656.6,655.7,656.3,658.1,658.2,658.3,658.6,659.0,659.2,659.1,658.8,658.4,696.6,697.9,699.6,700.7,700.6,699.3,697.6,696.6,696.9,696.3,696.2,697.2,699.7,703.1,706.3,702.8,699.4,697.0,695.9,696.1,698.5,698.9,699.7,700.2,700.3,699.8,699.1,698.5,368.0,29.4,824.1,0.003,0.101,-0.078
207,0,1656521713.919,0.98,1,-0.091690,0.069969,-0.993326,-0.240291,0.067645,-0.968341,-0.168,0.070,560.4,561.7,565.5,569.4,571.3,570.2,566.1,562.2,554.8,557.5,561.1,565.3,569.4,572.5,574.8,572.5,569.1,565.3,561.3,557.7,564.1,565.9,567.5,568.1,567.3,565.6,564.0,563.4,606.1,607.1,610.3,613.9,615.8,614.8,611.5,607.6,602.6,604.9,608.0,611.9,615.3,617.8,619.4,618.0,615.7,612.7,609.1,605.4,609.4,610.9,612.4,612.8,612.0,610.4,609.0,608.6,229.2,225.2,223.4,224.9,228.8,233.1,234.5,233.1,231.2,229.1,227.5,226.7,227.2,228.7,230.9,232.3,232.8,233.1,233.1,232.5,230.9,231.6,230.8,229.0,227.4,226.7,227.5,229.2,227.3,223.6,221.9,223.2,226.8,230.6,232.3,231.2,229.8,227.4,225.7,224.8,225.3,226.5,228.5,229.9,230.6,231.0,231.0,230.8,228.9,229.5,228.8,227.1,225.6,225.0,225.7,227.4,260.0,261.9,266.3,270.7,272.5,271.0,266.2,261.8,255.2,257.3,260.6,264.9,269.8,274.0,277.2,273.8,269.3,264.8,260.7,257.4,264.5,266.5,268.4,269.2,268.4,266.5,264.6,263.8,327.9,329.6,334.2,338.9,341.0,339.2,334.6,329.6,323.9,326.3,329.9,334.8,340.0,344.6,348.0,344.7,340.4,335.6,331.0,326.9,332.5,334.6,336.6,337.4,336.5,334.4,332.4,331.6,-4.3,-8.7,-10.6,-9.0,-4.8,-0.1,1.5,-0.1,-2.2,-4.5,-6.1,-7.0,-6.5,-4.8,-2.4,-1.0,-0.4,-0.0,-0.1,-0.7,-2.4,-1.7,-2.6,-4.5,-6.3,-7.0,-6.2,-4.3,-6.7,-11.0,-13.0,-11.5,-7.3,-3.0,-1.0,-2.2,-3.9,-6.6,-8.6,-9.6,-9.1,-7.7,-5.5,-3.8,-3.0,-2.5,-2.5,-2.7,-4.9,-4.2,-5.1,-7.0,-8.8,-9.5,-8.6,-6.7,655.9,656.8,657.6,657.8,657.3,656.7,655.6,655.4,659.2,657.1,655.3,654.8,655.9,657.7,659.5,657.4,655.3,654.4,655.0,656.8,656.9,657.0,657.4,657.8,658.0,657.9,657.5,657.1,694.3,695.6,697.3,698.4,698.3,697.0,695.3,694.3,694.5,693.9,693.9,694.9,697.4,700.8,704.0,700.5,697.1,694.6,693.6,693.8,696.1,696.6,697.4,697.9,698.0,697.5,696.8,696.2,367.8,29.5,823.9,-0.002,0.099,-0.075
208,0,1656521713.952,0.98,1,-0.091822,0.072642,-0.993122,-0.240776,0.070137,-0.968043,-0.168,0.073,560.3,561.7,565.4,569.3,571.2,570.0,566.0,562.1,554.7,557.4,561.0,565.2,569.3,572.4,574.6,572.4,569.0,565.2,561.3,557.6,564.1,565.8,567.4,568.0,567.2,565.5,563.9,563.3,605.9,606.9,610.1,613.7,615.6,614.6,611.4,607.5,602.4,604.7,607.9,611.7,615.1,617.6,619.2,617.8,615.5,612.5,608.9,605.3,609.2,610.8,612.2,612.6,611.8,610.2,608.8,608.4,229.2,225.2,223.4,224.9,228.7,233.0,234.5,233.0,231.1,229.0,227.5,226.7,227.2,228.7,230.9,232.2,232.7,233.1,233.0,232.5,230.9,231.5,230.7,229.0,227.3,226.7,227.4,229.2,227.2,223.5,221.8,223.1,226.7,230.4,232.1,231.1,229.7,227.3,225.6,224.7,225.2,226.4,228.3,229.7,230.4,230.8,230.8,230.7,228.8,229.4,228.6,227.0,225.4,224.9,225.6,227.2,260.8,262.6,267.0,271.4,273.2,271.7,266.9,262.6,256.0,258.1,261.3,265.7,270.6,274.7,277.9,274.6,270.1,265.5,261.5,258.2,265.3,267.2,269.1,269.9,269.2,267.2,265.3,264.5,329.0,330.8,335.4,340.1,342.2,340.4,335.8,330.8,325.1,327.5,331.1,336.0,341.2,345.7,349.2,345.9,341.6,336.8,332.2,328.1,333.7,335.8,337.8,338.6,337.6,335.6,333.6,332.8,-4.4,-8.7,-10.7,-9.1,-4.9,-0.2,1.4,-0.2,-2.3,-4.5,-6.2,-7.1,-6.6,-4.9,-2.5,-1.1,-0.5,-0.1,-0.2,-0.8,-2.5,-1.8,-2.7,-4.6,-6.4,-7.1,-6.3,-4.4,-6.9,-11.2,-13.2,-11.7,-7.6,-3.2,-1.2,-2.4,-4.1,-6.8,-8.8,-9.8,-9.3,-7.9,-5.7,-4.1,-3.2,-2.7,-2.7,-2.9,-5.1,-4.4,-5.3,-7.2,-9.0,-9.7,-8.8,-6.9,658.0,658.9,659.7,659.9,659.4,658.8,657.7,657.5,661.3,659.1,657.4,656.9,657.9,659.7,661.6,659.5,657.4,656.5,657.1,658.9,659.0,659.1,659.4,659.8,660.0,659.9,659.6,659.2,697.2,698.5,700.2,701.3,701.2,699.9,698.2,697.2,697.4,696.8,696.8,697.8,700.3,703.7,706.9,703.4,700.0,697.5,696.5,696.7,699.0,699.5,700.3,700.8,700.9,700.4,699.7,699.1,367.9,29.3,824.2,0.001,0.099,-0.077
209,0,1656521713.985,0.98,1,-0.092876,0.074028,-0.992922,-0.239156,0.071761,-0.968326,-0.168,0.074,560.5,561.8,565.6,569.5,571.3,570.2,566.2,562.3,554.9,557.6,561.2,565.4,569.4,572.5,574.7,572.5,569.2,565.4,561.4,557.8,564.2,565.9,567.6,568.2,567.4,565.7,564.0,563.4,606.0,607.0,610.2,613.8,615.6,614.6,611.4,607.5,602.5,604.8,607.9,611.7,615.1,617.6,619.1,617.8,615.5,612.5,608.9,605.3,609.2,610.8,612.2,612.6,611.8,610.3,608.9,608.4,229.0,225.1,223.3,224.8,228.6,232.9,234.3,232.9,231.0,228.9,227.4,226.5,227.0,228.6,230.7,232.1,232.6,232.9,232.9,232.3,230.7,231.4,230.6,228.9,227.2,226.5,227.3,229.0,227.2,223.5,221.8,223.1,226.7,230.4,232.1,231.1,229.6,227.3,225.5,224.7,225.2,226.4,228.3,229.7,230.4,230.8,230.8,230.6,228.8,229.3,228.6,227.0,225.4,224.8,225.6,227.2,262.1,263.9,268.3,272.7,274.5,273.0,268.2,263.9,257.3,259.4,262.6,267.0,271.9,276.0,279.2,275.9,271.4,266.8,262.8,259.5,266.6,268.5,270.4,271.2,270.5,268.5,266.6,265.8,330.0,331.7,336.3,341.0,343.1,341.3,336.7,331.8,326.1,328.5,332.1,337.0,342.2,346.7,350.1,346.8,342.5,337.8,333.1,329.0,334.7,336.7,338.7,339.5,338.6,336.5,334.5,333.8,-4.5,-8.9,-10.8,-9.2,-5.0,-0.3,1.3,-0.3,-2.4,-4.7,-6.4,-7.3,-6.7,-5.1,-2.7,-1.2,-0.6,-0.2,-0.3,-0.9,-2.7,-2.0,-2.8,-4.7,-6.6,-7.3,-6.4,-4.5,-6.9,-11.3,-13.3,-11.7,-7.6,-3.2,-1.2,-2.4,-4.1,-6.8,-8.8,-9.8,-9.3,-7.9,-5.7,-4.1,-3.2,-2.7,-2.7,-3.0,-5.1,-4.4,-5.3,-7.2,-9.0,-9.7,-8.8,-6.9,660.8,661.7,662.5,662.7,662.2,661.6,660.5,660.3,664.1,661.9,660.2,659.7,660.7,662.5,664.4,662.3,660.2,659.3,659.9,661.7,661.8,661.9,662.2,662.6,662.8,662.7,662.4,662.0,699.1,700.3,702.1,703.2,703.1,701.8,700.1,699.1,699.3,698.7,698.6,699.7,702.2,705.6,708.8,705.3,701.9,699.5,698.4,698.6,700.9,701.4,702.2,702.7,702.8,702.3,701.5,701.0,368.2,29.3,824.7,0.002,0.100,-0.076
210,0,1656521714.018,0.98,1,-0.093931,0.076129,-0.992664,-0.239959,0.073886,-0.967967,-0.169,0.076,560.3,561.7,565.4,569.3,571.1,570.0,566.1,562.1,554.8,557.5,561.1,565.2,569.3,572.4,574.6,572.4,569.0,565.2,561.3,557.7,564.1,565.8,567.4,568.0,567.2,565.5,563.9,563.3,606.0,606.9,610.2,613.8,615.6,614.6,611.4,607.5,602.5,604.8,607.9,611.7,615.2,617.6,619.2,617.8,615.6,612.5,608.9,605.3,609.2,610.8,612.2,612.7,611.9,610.3,608.9,608.4,229.2,225.2,223.4,224.9,228.7,233.0,234.5,233.0,231.1,229.0,227.5,226.7,227.2,228.7,230.8,232.2,232.7,233.1,233.0,232.5,230.9,231.5,230.7,229.0,227.3,226.7,227.5,229.2,227.2,223.5,221.8,223.1,226.7,230.4,232.1,231.1,229.6,227.3,225.6,224.7,225.2,226.4,228.3,229.7,230.4,230.8,230.8,230.6,228.8,229.4,228.6,227.0,225.4,224.8,225.6,227.2,262.0,263.8,268.2,272.6,274.4,272.9,268.1,263.8,257.2,259.3,262.5,266.8,271.7,275.9,279.1,275.8,271.3,266.7,262.7,259.4,266.5,268.4,270.3,271.1,270.3,268.4,266.5,265.7,329.7,331.4,336.0,340.7,342.8,341.0,336.4,331.5,325.8,328.2,331.8,336.7,341.9,346.4,349.8,346.5,342.2,337.5,332.8,328.7,334.4,336.4,338.4,339.2,338.3,336.2,334.2,333.5,-4.4,-8.7,-10.7,-9.1,-4.9,-0.2,1.4,-0.2,-2.2,-4.5,-6.2,-7.1,-6.6,-4.9,-2.6,-1.1,-0.5,-0.1,-0.1,-0.8,-2.5,-1.8,-2.7,-4.6,-6.4,-7.1,-6.3,-4.4,-6.9,-11.2,-13.2,-11.7,-7.6,-3.2,-1.2,-2.4,-4.1,-6.8,-8.8,-9.8,-9.3,-7.9,-5.7,-4.1,-3.2,-2.7,-2.7,-2.9,-5.1,-4.4,-5.3,-7.2,-9.0,-9.7,-8.8,-6.9,660.9,661.8,662.5,662.7,662.3,661.7,660.7,660.5,664.2,662.1,660.3,659.7,660.8,662.6,664.5,662.4,660.3,659.4,660.0,661.8,661.9,662.0,662.3,662.7,662.9,662.8,662.5,662.1,698.4,699.7,701.4,702.6,702.5,701.2,699.5,698.4,698.7,698.1,698.0,699.0,701.6,704.9,708.2,704.7,701.3,698.8,697.7,697.9,700.3,700.8,701.5,702.1,702.1,701.6,700.9,700.3,368.3,29.3,825.1,0.004,0.100,-0.079
211,0,1656521714.052,0.98,1,-0.093104,0.070865,-0.993131,-0.240389,0.068097,-0.968285,-0.168,0.071,560.4,561.7,565.5,569.4,571.2,570.1,566.1,562.2,554.8,557.5,561.1,565.3,569.3,572.5,574.7,572.4,569.1,565.3,561.3,557.7,564.1,565.8,567.5,568.1,567.3,565.6,563.9,563.3,606.0,607.0,610.2,613.8,615.6,614.6,611.4,607.5,602.5,604.8,607.9,611.7,615.2,617.6,619.2,617.9,615.6,612.5,608.9,605.3,609.2,610.8,612.2,612.7,611.9,610.3,608.9,608.4,229.0,225.0,223.2,224.7,228.5,232.8,234.3,232.8,230.9,228.8,227.3,226.5,227.0,228.5,230.7,232.0,232.5,232.9,232.8,232.3,230.7,231.3,230.5,228.8,227.1,226.5,227.3,229.0,227.1,223.4,221.7,223.1,226.7,230.4,232.0,231.0,229.5,227.2,225.5,224.7,225.2,226.4,228.3,229.7,230.4,230.7,230.7,230.6,228.7,229.3,228.6,226.9,225.4,224.8,225.5,227.2,261.4,263.3,267.7,272.1,273.9,272.4,267.6,263.2,256.7,258.7,262.0,266.4,271.2,275.4,278.6,275.3,270.7,266.2,262.1,258.9,266.0,267.9,269.8,270.6,269.8,267.9,266.0,265.2,329.5,331.2,335.8,340.5,342.6,340.8,336.2,331.2,325.5,327.9,331.5,336.5,341.7,346.2,349.6,346.3,342.0,337.2,332.6,328.5,334.1,336.2,338.2,339.0,338.1,336.0,334.0,333.2,-4.6,-8.9,-10.9,-9.3,-5.1,-0.4,1.2,-0.4,-2.4,-4.7,-6.4,-7.3,-6.8,-5.1,-2.7,-1.3,-0.7,-0.3,-0.4,-1.0,-2.7,-2.0,-2.9,-4.8,-6.6,-7.3,-6.5,-4.6,-7.0,-11.3,-13.3,-11.8,-7.6,-3.3,-1.3,-2.5,-4.2,-6.9,-8.9,-9.9,-9.3,-7.9,-5.7,-4.1,-3.2,-2.8,-2.8,-3.0,-5.2,-4.5,-5.3,-7.2,-9.1,-9.7,-8.9,-7.0,659.5,660.4,661.2,661.4,660.9,660.3,659.2,659.0,662.8,660.6,658.9,658.4,659.5,661.2,663.1,661.0,658.9,658.0,658.6,660.4,660.5,660.6,660.9,661.3,661.6,661.5,661.1,660.7,698.0,699.3,701.0,702.1,702.0,700.7,699.0,698.0,698.2,697.6,697.5,698.6,701.1,704.5,707.7,704.2,700.8,698.3,697.2,697.5,699.8,700.3,701.1,701.6,701.7,701.2,700.4,699.9,367.9,29.3,824.1,-0.002,0.101,-0.076
212,0,1656521714.085,0.98,1,-0.094126,0.073644,-0.992833,-0.240438,0.071587,-0.968021,-0.169,0.074,560.3,561.7,565.4,569.4,571.2,570.1,566.1,562.2,554.8,557.5,561.1,565.2,569.3,572.5,574.7,572.4,569.1,565.3,561.3,557.7,564.1,565.8,567.5,568.1,567.3,565.5,563.9,563.3,606.0,607.1,610.3,613.9,615.7,614.7,611.4,607.6,602.5,604.9,608.0,611.9,615.3,617.8,619.3,618.0,615.7,612.6,609.0,605.4,609.3,610.9,612.3,612.8,612.0,610.4,609.0,608.5,229.0,225.1,223.3,224.7,228.6,232.9,234.3,232.9,231.0,228.9,227.4,226.5,227.0,228.5,230.7,232.0,232.6,233.0,232.9,232.3,230.7,231.4,230.6,228.8,227.2,226.5,227.3,229.1,227.2,223.4,221.8,223.1,226.7,230.4,232.1,231.1,229.6,227.3,225.5,224.7,225.2,226.4,228.3,229.7,230.4,230.8,230.8,230.6,228.8,229.3,228.6,227.0,225.4,224.8,225.6,227.2,261.1,262.9,267.3,271.7,273.5,272.0,267.2,262.9,256.3,258.4,261.6,265.9,270.8,275.0,278.2,274.9,270.4,265.8,261.8,258.5,265.6,267.5,269.4,270.2,269.4,267.5,265.6,264.8,328.9,330.7,335.3,340.0,342.0,340.2,335.6,330.7,325.0,327.4,331.0,335.9,341.1,345.6,349.0,345.7,341.4,336.7,332.0,327.9,333.6,335.6,337.6,338.4,337.5,335.5,333.5,332.7,-4.5,-8.9,-10.8,-9.2,-5.0,-0.3,1.3,-0.3,-2.4,-4.7,-6.3,-7.2,-6.7,-5.1,-2.7,-1.2,-0.6,-0.2,-0.3,-0.9,-2.7,-2.0,-2.8,-4.7,-6.6,-7.3,-6.4,-4.5,-6.9,-11.3,-13.3,-11.7,-7.5,-3.2,-1.2,-2.4,-4.2,-6.8,-8.8,-9.8,-9.3,-7.9,-5.7,-4.0,-3.2,-2.7,-2.8,-3.0,-5.1,-4.4,-5.3,-7.2,-9.0,-9.7,-8.8,-6.9,658.6,659.5,660.2,660.4,660.0,659.4,658.3,658.1,661.9,659.7,658.0,657.4,658.5,660.3,662.2,660.1,658.0,657.1,657.7,659.5,659.6,659.7,660.0,660.4,660.6,660.5,660.2,659.8,696.6,697.9,699.6,700.7,700.6,699.3,697.6,696.6,696.9,696.2,696.2,697.2,699.7,703.1,706.3,702.8,699.4,697.0,695.9,696.1,698.4,698.9,699.7,700.2,700.3,699.8,699.0,698.5,367.9,29.2,824.0,0.000,0.101,-0.077
213,0,1656521714.119,0.98,1,-0.092573,0.075243,-0.992859,-0.240141,0.072805,-0.968004,-0.168,0.075,560.4,561.8,565.5,569.4,571.3,570.2,566.2,562.2,554.9,557.6,561.2,565.3,569.4,572.5,574.7,572.5,569.2,565.3,561.4,557.7,564.2,565.9,567.5,568.1,567.3,565.6,564.0,563.4,606.1,607.1,610.3,613.9,615.7,614.7,611.5,607.6,602.6,604.9,608.1,611.9,615.3,617.8,619.3,618.0,615.7,612.6,609.0,605.4,609.4,610.9,612.3,612.8,612.0,610.4,609.0,608.6,229.1,225.1,223.4,224.8,228.6,232.9,234.4,233.0,231.0,229.0,227.5,226.6,227.1,228.6,230.8,232.1,232.6,233.0,232.9,232.4,230.8,231.4,230.7,228.9,227.2,226.6,227.4,229.1,227.2,223.5,221.8,223.2,226.7,230.4,232.1,231.1,229.6,227.3,225.6,224.8,225.3,226.5,228.3,229.7,230.5,230.8,230.8,230.6,228.8,229.4,228.7,227.0,225.5,224.9,225.6,227.2,261.6,263.4,267.8,272.2,274.0,272.6,267.8,263.4,256.8,258.9,262.2,266.5,271.4,275.6,278.8,275.4,270.9,266.4,262.3,259.0,266.1,268.1,270.0,270.8,270.0,268.1,266.1,265.3,329.8,331.6,336.2,340.9,342.9,341.2,336.6,331.6,325.9,328.3,331.9,336.8,342.0,346.5,350.0,346.7,342.3,337.6,332.9,328.8,334.5,336.6,338.6,339.3,338.4,336.4,334.4,333.6,-4.4,-8.8,-10.8,-9.2,-5.0,-0.3,1.4,-0.2,-2.3,-4.6,-6.2,-7.1,-6.6,-5.0,-2.6,-1.2,-0.6,-0.2,-0.2,-0.8,-2.6,-1.9,-2.7,-4.7,-6.5,-7.2,-6.3,-4.4,-6.9,-11.2,-13.2,-11.7,-7.5,-3.2,-1.2,-2.4,-4.1,-6.8,-8.7,-9.7,-9.2,-7.8,-5.7,-4.0,-3.1,-2.7,-2.7,-2.9,-5.1,-4.4,-5.2,-7.1,-9.0,-9.6,-8.8,-6.9,659.8,660.6,661.4,661.6,661.2,660.6,659.5,659.3,663.1,660.9,659.1,658.6,659.7,661.5,663.4,661.3,659.2,658.3,658.9,660.7,660.8,660.9,661.2,661.6,661.8,661.7,661.3,661.0,698.5,699.8,701.4,702.6,702.5,701.2,699.5,698.5,698.7,698.1,698.0,699.0,701.6,704.9,708.2,704.7,701.3,698.8,697.7,698.0,700.3,700.8,701.5,702.1,702.1,701.7,700.9,700.4,368.0,29.3,824.2,0.000,0.100,-0.076
214,0,1656521714.152,0.98,1,-0.093005,0.073542,-0.992946,-0.240224,0.071591,-0.968074,-0.168,0.074,560.5,561.8,565.5,569.5,571.3,570.2,566.2,562.3,554.9,557.6,561.2,565.4,569.4,572.5,574.8,572.5,569.2,565.4,561.5,557.8,564.2,565.9,567.6,568.2,567.4,565.6,564.0,563.4,606.0,607.0,610.3,613.8,615.7,614.7,611.4,607.6,602.6,604.9,608.0,611.8,615.2,617.7,619.3,617.9,615.6,612.6,609.0,605.4,609.3,610.9,612.3,612.7,611.9,610.4,609.0,608.5,229.2,225.2,223.4,224.9,228.7,233.0,234.4,233.0,231.1,229.0,227.5,226.7,227.2,228.6,230.8,232.2,232.7,233.1,233.0,232.5,230.9,231.5,230.7,229.0,227.3,226.7,227.4,229.2,227.2,223.5,221.8,223.2,226.7,230.4,232.1,231.1,229.6,227.3,225.6,224.8,225.2,226.5,228.3,229.7,230.5,230.8,230.8,230.6,228.8,229.4,228.7,227.0,225.5,224.9,225.6,227.2,262.0,263.8,268.2,272.6,274.5,273.0,268.2,263.8,257.2,259.3,262.6,266.9,271.8,276.0,279.2,275.8,271.3,266.8,262.7,259.4,266.5,268.5,270.4,271.2,270.4,268.5,266.5,265.7,330.3,332.1,336.6,341.3,343.4,341.6,337.0,332.1,326.4,328.8,332.4,337.3,342.5,347.0,350.4,347.1,342.8,338.1,333.4,329.3,335.0,337.0,339.0,339.8,338.9,336.8,334.8,334.1,-4.4,-8.7,-10.7,-9.1,-4.9,-0.2,1.4,-0.2,-2.3,-4.5,-6.2,-7.1,-6.6,-5.0,-2.6,-1.1,-0.5,-0.1,-0.2,-0.8,-2.5,-1.8,-2.7,-4.6,-6.5,-7.1,-6.3,-4.4,-6.9,-11.2,-13.2,-11.7,-7.5,-3.2,-1.2,-2.4,-4.1,-6.8,-8.8,-9.8,-9.2,-7.9,-5.7,-4.0,-3.1,-2.7,-2.7,-2.9,-5.1,-4.4,-5.3,-7.2,-9.0,-9.7,-8.8,-6.9,660.7,661.5,662.3,662.5,662.1,661.5,660.4,660.2,663.9,661.8,660.0,659.5,660.6,662.4,664.3,662.2,660.1,659.2,659.7,661.6,661.7,661.8,662.1,662.5,662.7,662.6,662.3,661.9,699.5,700.8,702.5,703.6,703.5,702.2,700.5,699.5,699.8,699.2,699.1,700.1,702.6,706.0,709.2,705.7,702.3,699.9,698.8,699.0,701.4,701.8,702.6,703.2,703.2,702.7,702.0,701.4,368.6,29.3,825.5,0.000,0.100,-0.077
215,0,1656521714.185,0.98,1,-0.093601,0.074470,-0.992821,-0.238627,0.072119,-0.968430,-0.168,0.075,560.5,561.8,565.6,569.5,571.3,570.2,566.2,562.3,554.9,557.6,561.2,565.4,569.4,572.6,574.8,572.5,569.2,565.4,561.4,557.8,564.2,565.9,567.6,568.2,567.4,565.7,564.0,563.4,606.1,607.1,610.3,613.9,615.8,614.8,611.5,607.7,602.6,604.9,608.1,611.9,615.3,617.8,619.3,618.0,615.7,612.7,609.1,605.4,609.4,611.0,612.4,612.8,612.0,610.4,609.0,608.6,229.2,225.2,223.4,224.9,228.7,233.0,234.5,233.0,231.1,229.0,227.5,226.7,227.2,228.7,230.8,232.2,232.7,233.0,233.0,232.4,230.9,231.5,230.7,229.0,227.3,226.7,227.4,229.2,227.3,223.5,221.8,223.2,226.7,230.5,232.2,231.2,229.6,227.4,225.6,224.8,225.3,226.5,228.4,229.7,230.5,230.8,230.8,230.7,228.8,229.4,228.7,227.0,225.5,224.9,225.6,227.3,261.8,263.7,268.1,272.5,274.3,272.8,268.0,263.6,257.0,259.1,262.4,266.7,271.6,275.8,279.0,275.6,271.1,266.6,262.5,259.2,266.3,268.3,270.2,271.0,270.2,268.3,266.4,265.6,329.1,330.8,335.4,340.1,342.2,340.4,335.8,330.9,325.1,327.5,331.2,336.1,341.3,345.8,349.2,345.9,341.6,336.9,332.2,328.1,333.8,335.8,337.8,338.6,337.7,335.6,333.6,332.8,-4.4,-8.7,-10.7,-9.1,-4.9,-0.2,1.4,-0.2,-2.3,-4.5,-6.2,-7.1,-6.5,-4.9,-2.6,-1.1,-0.5,-0.1,-0.2,-0.8,-2.5,-1.8,-2.7,-4.6,-6.4,-7.1,-6.3,-4.4,-6.8,-11.2,-13.2,-11.6,-7.5,-3.1,-1.1,-2.3,-4.1,-6.7,-8.7,-9.7,-9.1,-7.8,-5.6,-4.0,-3.1,-2.7,-2.7,-2.9,-5.0,-4.3,-5.2,-7.1,-8.9,-9.6,-8.7,-6.8,660.2,661.1,661.8,662.1,661.6,661.0,659.9,659.7,663.5,661.3,659.5,659.0,660.1,661.9,663.8,661.7,659.6,658.7,659.2,661.1,661.2,661.3,661.6,662.0,662.2,662.1,661.8,661.4,696.8,698.1,699.8,700.9,700.8,699.5,697.8,696.8,697.0,696.4,696.3,697.4,699.9,703.3,706.5,703.0,699.6,697.2,696.0,696.3,698.6,699.1,699.9,700.4,700.5,700.0,699.2,698.7,367.1,29.3,822.1,-0.001,0.101,-0.078
216,0,1656521714.218,0.98,1,-0.096214,0.071885,-0.992761,-0.242588,0.069522,-0.967635,-0.171,0.072,560.4,561.8,565.5,569.5,571.3,570.2,566.2,562.3,554.9,557.6,561.2,565.3,569.4,572.6,574.8,572.5,569.2,565.4,561.4,557.8,564.2,565.9,567.6,568.2,567.4,565.6,564.0,563.4,606.0,607.0,610.2,613.8,615.7,614.7,611.4,607.6,602.5,604.8,608.0,611.8,615.2,617.7,619.3,618.0,615.7,612.6,609.0,605.3,609.3,610.9,612.3,612.7,611.9,610.3,608.9,608.5,229.2,225.2,223.4,224.9,228.7,233.0,234.5,233.1,231.2,229.0,227.5,226.7,227.2,228.7,230.9,232.3,232.8,233.2,233.1,232.5,230.9,231.5,230.8,229.0,227.3,226.7,227.5,229.2,227.2,223.5,221.8,223.1,226.7,230.4,232.1,231.1,229.7,227.3,225.5,224.7,225.2,226.4,228.3,229.7,230.5,230.9,230.9,230.7,228.8,229.4,228.6,227.0,225.4,224.9,225.6,227.2,260.3,262.1,266.5,270.9,272.7,271.2,266.4,262.1,255.6,257.6,260.8,265.2,270.0,274.2,277.4,274.1,269.6,265.0,261.0,257.7,264.8,266.7,268.6,269.4,268.6,266.7,264.8,264.0,327.4,329.1,333.7,338.4,340.5,338.7,334.2,329.2,323.5,325.9,329.4,334.4,339.6,344.1,347.5,344.2,339.9,335.2,330.5,326.4,332.1,334.1,336.1,336.9,336.0,333.9,331.9,331.2,-4.3,-8.7,-10.6,-9.0,-4.8,-0.1,1.5,-0.1,-2.2,-4.5,-6.2,-7.1,-6.5,-4.9,-2.5,-1.0,-0.4,0.0,-0.1,-0.7,-2.5,-1.8,-2.6,-4.5,-6.4,-7.1,-6.2,-4.3,-6.8,-11.1,-13.2,-11.6,-7.5,-3.2,-1.2,-2.3,-4.0,-6.7,-8.8,-9.8,-9.3,-7.9,-5.7,-4.0,-3.1,-2.6,-2.6,-2.8,-5.0,-4.4,-5.2,-7.1,-8.9,-9.6,-8.7,-6.8,656.4,657.3,658.0,658.2,657.7,657.1,656.1,655.9,659.7,657.6,655.8,655.2,656.3,658.0,659.9,657.8,655.7,654.9,655.5,657.3,657.4,657.4,657.8,658.2,658.4,658.3,658.0,657.6,693.5,694.8,696.5,697.6,697.5,696.2,694.5,693.5,693.8,693.2,693.1,694.1,696.7,700.0,703.2,699.7,696.4,693.9,692.8,693.0,695.4,695.8,696.6,697.2,697.2,696.7,696.0,695.4,368.5,29.4,825.1,0.003,0.103,-0.079
217,0,1656521714.252,0.98,1,-0.096109,0.074012,-0.992615,-0.241257,0.071395,-0.967831,-0.170,0.074,560.4,561.7,565.4,569.4,571.2,570.1,566.1,562.2,554.8,557.5,561.1,565.2,569.3,572.5,574.7,572.4,569.1,565.3,561.3,557.7,564.1,565.8,567.5,568.1,567.3,565.5,563.9,563.3,605.9,606.9,610.2,613.8,615.6,614.6,611.4,607.5,602.4,604.8,607.9,611.7,615.2,617.6,619.2,617.9,615.6,612.5,608.9,605.3,609.2,610.8,612.2,612.6,611.8,610.3,608.9,608.4,229.2,225.2,223.4,224.9,228.7,233.0,234.5,233.0,231.2,229.1,227.5,226.7,227.2,228.7,230.8,232.2,232.7,233.1,233.0,232.5,230.9,231.5,230.7,229.0,227.3,226.7,227.5,229.2,227.2,223.4,221.7,223.1,226.6,230.4,232.1,231.1,229.6,227.3,225.5,224.7,225.2,226.4,228.3,229.7,230.4,230.8,230.8,230.6,228.7,229.3,228.6,226.9,225.4,224.8,225.5,227.2,261.6,263.4,267.8,272.2,274.0,272.6,267.8,263.4,256.9,258.9,262.1,266.5,271.4,275.5,278.8,275.4,270.9,266.4,262.3,259.0,266.1,268.0,270.0,270.8,270.0,268.1,266.1,265.3,328.7,330.4,335.0,339.7,341.8,340.0,335.4,330.5,324.8,327.2,330.8,335.7,340.9,345.4,348.8,345.5,341.2,336.5,331.8,327.7,333.4,335.4,337.4,338.2,337.3,335.2,333.2,332.5,-4.3,-8.7,-10.7,-9.1,-4.9,-0.2,1.4,-0.1,-2.2,-4.5,-6.2,-7.1,-6.6,-4.9,-2.6,-1.1,-0.5,-0.1,-0.1,-0.7,-2.5,-1.8,-2.7,-4.6,-6.4,-7.1,-6.3,-4.3,-6.9,-11.3,-13.3,-11.7,-7.6,-3.2,-1.3,-2.4,-4.1,-6.8,-8.8,-9.8,-9.3,-7.9,-5.7,-4.1,-3.2,-2.8,-2.8,-3.0,-5.1,-4.5,-5.3,-7.2,-9.0,-9.7,-8.8,-6.9,659.9,660.8,661.6,661.8,661.3,660.7,659.6,659.4,663.3,661.1,659.3,658.8,659.8,661.6,663.5,661.4,659.3,658.4,659.0,660.8,660.9,661.0,661.3,661.7,661.9,661.8,661.5,661.1,696.4,697.7,699.4,700.5,700.4,699.1,697.4,696.4,696.6,696.0,695.9,697.0,699.5,702.9,706.1,702.6,699.2,696.7,695.7,695.9,698.2,698.7,699.5,700.0,700.1,699.6,698.8,698.3,367.6,29.5,823.4,0.002,0.104,-0.080
218,0,1656521714.285,0.98,1,-0.094436,0.071547,-0.992957,-0.242033,0.068774,-0.967827,-0.170,0.071,560.3,561.7,565.4,569.4,571.2,570.1,566.1,562.2,554.8,557.5,561.1,565.2,569.3,572.5,574.7,572.4,569.1,565.3,561.3,557.7,564.1,565.8,567.5,568.1,567.3,565.5,563.9,563.3,605.9,606.9,610.1,613.7,615.6,614.6,611.4,607.5,602.4,604.8,607.9,611.7,615.2,617.7,619.2,617.9,615.6,612.6,609.0,605.3,609.2,610.8,612.2,612.7,611.8,610.3,608.9,608.4,229.4,225.4,223.6,225.1,228.9,233.2,234.7,233.2,231.3,229.2,227.7,226.9,227.4,228.9,231.1,232.4,232.9,233.3,233.2,232.7,231.1,231.7,230.9,229.2,227.5,226.9,227.7,229.4,227.4,223.6,221.9,223.2,226.8,230.5,232.3,231.3,229.8,227.5,225.7,224.8,225.3,226.5,228.4,229.8,230.6,231.0,231.0,230.8,228.9,229.5,228.8,227.1,225.6,225.0,225.7,227.4,260.7,262.5,266.9,271.3,273.1,271.6,266.8,262.5,255.9,258.0,261.2,265.6,270.4,274.6,277.8,274.5,270.0,265.4,261.4,258.1,265.2,267.1,269.0,269.8,269.1,267.1,265.2,264.4,327.8,329.5,334.1,338.8,340.9,339.2,334.6,329.6,323.9,326.3,329.9,334.8,340.0,344.5,347.9,344.7,340.3,335.6,330.9,326.8,332.5,334.6,336.6,337.3,336.4,334.3,332.3,331.6,-4.1,-8.5,-10.4,-8.9,-4.6,0.1,1.7,0.1,-2.0,-4.3,-6.0,-6.9,-6.3,-4.7,-2.3,-0.8,-0.2,0.2,0.1,-0.5,-2.3,-1.6,-2.4,-4.3,-6.2,-6.9,-6.0,-4.1,-6.7,-11.0,-13.0,-11.5,-7.4,-3.0,-1.0,-2.2,-3.9,-6.6,-8.6,-9.6,-9.1,-7.7,-5.5,-3.9,-3.0,-2.5,-2.5,-2.7,-4.9,-4.2,-5.1,-7.0,-8.8,-9.5,-8.6,-6.7,657.7,658.5,659.3,659.5,659.0,658.4,657.4,657.2,661.0,658.8,657.0,656.5,657.6,659.3,661.2,659.1,657.0,656.1,656.7,658.6,658.6,658.7,659.1,659.4,659.7,659.6,659.2,658.8,694.5,695.8,697.5,698.7,698.5,697.2,695.5,694.5,694.8,694.2,694.1,695.1,697.7,701.0,704.3,700.8,697.4,694.9,693.8,694.0,696.4,696.9,697.6,698.2,698.2,697.7,697.0,696.4,368.3,29.6,825.0,0.001,0.103,-0.080
219,0,1656521714.319,0.98,1,-0.090083,0.072075,-0.993323,-0.237894,0.070056,-0.968761,-0.166,0.072,560.4,561.8,565.5,569.5,571.3,570.2,566.2,562.2,554.9,557.5,561.2,565.3,569.4,572.6,574.8,572.5,569.2,565.4,561.4,557.7,564.2,565.9,567.6,568.1,567.3,565.6,564.0,563.4,606.0,607.0,610.3,613.9,615.7,614.7,611.5,607.6,602.5,604.9,608.0,611.8,615.3,617.7,619.3,618.0,615.7,612.6,609.0,605.4,609.3,610.9,612.3,612.8,611.9,610.4,609.0,608.5,229.4,225.4,223.6,225.1,228.9,233.2,234.7,233.2,231.3,229.2,227.7,226.8,227.3,228.9,231.0,232.4,232.9,233.3,233.2,232.7,231.1,231.7,230.9,229.2,227.5,226.9,227.6,229.4,227.4,223.7,222.0,223.3,226.9,230.6,232.3,231.3,229.8,227.5,225.8,224.9,225.4,226.6,228.5,229.9,230.7,231.0,231.0,230.9,229.0,229.6,228.8,227.2,225.6,225.1,225.8,227.4,260.6,262.4,266.8,271.2,273.0,271.6,266.8,262.4,255.8,257.9,261.2,265.5,270.4,274.6,277.8,274.4,269.9,265.4,261.3,258.0,265.1,267.0,269.0,269.8,269.0,267.1,265.1,264.3,328.1,329.8,334.4,339.1,341.2,339.4,334.8,329.9,324.1,326.5,330.1,335.1,340.3,344.8,348.2,344.9,340.6,335.9,331.2,327.1,332.8,334.8,336.8,337.6,336.7,334.6,332.6,331.8,-4.1,-8.5,-10.5,-8.9,-4.7,0.0,1.7,0.1,-2.0,-4.3,-6.0,-6.9,-6.3,-4.7,-2.3,-0.8,-0.3,0.1,0.1,-0.5,-2.3,-1.6,-2.4,-4.4,-6.2,-6.9,-6.0,-4.1,-6.6,-11.0,-13.0,-11.4,-7.3,-2.9,-1.0,-2.1,-3.8,-6.5,-8.5,-9.5,-9.0,-7.6,-5.4,-3.8,-2.9,-2.4,-2.4,-2.6,-4.8,-4.1,-5.0,-6.9,-8.7,-9.4,-8.5,-6.6,657.2,658.1,658.9,659.2,658.7,658.1,657.0,656.8,660.5,658.3,656.6,656.1,657.2,659.0,660.9,658.8,656.7,655.7,656.3,658.1,658.2,658.3,658.7,659.1,659.3,659.2,658.8,658.4,694.8,696.1,697.8,699.0,698.9,697.6,695.9,694.8,695.1,694.5,694.4,695.4,698.0,701.4,704.6,701.1,697.7,695.2,694.1,694.3,696.7,697.2,697.9,698.5,698.5,698.0,697.3,696.7,367.4,29.5,822.8,-0.001,0.098,-0.077
220,0,1656521714.352,0.98,1,-0.093371,0.072717,-0.992972,-0.240065,0.070839,-0.968169,-0.168,0.073,560.4,561.7,565.5,569.4,571.2,570.1,566.1,562.2,554.8,557.5,561.1,565.3,569.3,572.5,574.7,572.4,569.1,565.3,561.3,557.7,564.1,565.8,567.5,568.1,567.3,565.6,563.9,563.3,605.9,606.9,610.2,613.7,615.6,614.6,611.4,607.5,602.5,604.8,607.9,611.7,615.1,617.6,619.2,617.8,615.5,612.5,608.9,605.3,609.2,610.8,612.2,612.6,611.8,610.3,608.9,608.4,229.2,225.3,223.5,225.0,228.8,233.1,234.5,233.1,231.2,229.1,227.6,226.7,227.2,228.7,230.9,232.3,232.8,233.2,233.1,232.5,230.9,231.6,230.8,229.1,227.4,226.7,227.5,229.3,227.3,223.6,221.9,223.3,226.8,230.5,232.2,231.2,229.8,227.4,225.7,224.8,225.3,226.5,228.4,229.8,230.6,230.9,230.9,230.8,228.9,229.5,228.8,227.1,225.6,225.0,225.7,227.4,261.6,263.4,267.8,272.2,274.0,272.5,267.7,263.3,256.8,258.9,262.1,266.5,271.3,275.5,278.7,275.4,270.9,266.3,262.3,259.0,266.1,268.0,269.9,270.7,269.9,268.0,266.1,265.3,329.5,331.3,335.8,340.5,342.6,340.8,336.2,331.3,325.6,328.0,331.6,336.5,341.7,346.2,349.6,346.3,342.0,337.3,332.6,328.5,334.2,336.2,338.2,339.0,338.1,336.0,334.0,333.3,-4.3,-8.7,-10.6,-9.0,-4.8,-0.1,1.5,-0.1,-2.2,-4.5,-6.1,-7.0,-6.5,-4.8,-2.5,-1.0,-0.4,-0.0,-0.1,-0.7,-2.4,-1.7,-2.6,-4.5,-6.3,-7.0,-6.2,-4.3,-6.7,-11.1,-13.1,-11.5,-7.4,-3.0,-1.1,-2.2,-3.9,-6.6,-8.7,-9.7,-9.1,-7.7,-5.5,-3.9,-3.0,-2.6,-2.6,-2.8,-4.9,-4.3,-5.1,-7.0,-8.8,-9.5,-8.6,-6.7,659.8,660.7,661.5,661.7,661.2,660.6,659.5,659.3,663.1,660.9,659.2,658.7,659.7,661.5,663.4,661.3,659.2,658.3,658.9,660.7,660.8,660.9,661.2,661.6,661.8,661.7,661.4,661.0,698.1,699.4,701.1,702.2,702.1,700.8,699.1,698.1,698.3,697.7,697.6,698.7,701.2,704.6,707.8,704.3,700.9,698.4,697.4,697.6,699.9,700.4,701.2,701.7,701.8,701.3,700.5,700.0,367.5,29.5,823.3,0.000,0.101,-0.077
221,0,1656521714.385,0.98,1,-0.090899,0.074023,-0.993105,-0.239255,0.072192,-0.968269,-0.167,0.074,560.3,561.6,565.3,569.3,571.1,570.0,566.0,562.1,554.7,557.4,561.0,565.2,569.2,572.4,574.6,572.3,569.0,565.2,561.3,557.6,564.0,565.7,567.4,568.0,567.2,565.5,563.8,563.2,605.9,606.9,610.1,613.7,615.5,614.5,611.3,607.4,602.4,604.7,607.8,611.6,615.1,617.5,619.1,617.8,615.5,612.4,608.9,605.2,609.2,610.7,612.1,612.6,611.8,610.2,608.8,608.4,229.3,225.3,223.6,225.0,228.8,233.1,234.6,233.1,231.3,229.2,227.6,226.8,227.3,228.8,231.0,232.3,232.8,233.2,233.1,232.6,231.0,231.6,230.9,229.1,227.5,226.8,227.6,229.3,227.3,223.6,221.9,223.2,226.8,230.5,232.2,231.2,229.8,227.4,225.7,224.8,225.3,226.5,228.4,229.8,230.6,230.9,230.9,230.8,228.9,229.5,228.7,227.1,225.6,225.0,225.7,227.3,261.7,263.6,268.0,272.4,274.2,272.7,267.9,263.5,256.9,259.0,262.3,266.6,271.5,275.7,278.9,275.6,271.1,266.5,262.4,259.1,266.2,268.2,270.1,270.9,270.1,268.2,266.3,265.5,329.9,331.6,336.2,340.9,343.0,341.2,336.6,331.7,326.0,328.4,332.0,336.9,342.1,346.6,350.0,346.7,342.4,337.7,333.0,328.9,334.6,336.6,338.6,339.4,338.5,336.4,334.4,333.7,-4.2,-8.6,-10.6,-9.0,-4.7,-0.0,1.6,-0.0,-2.1,-4.4,-6.0,-7.0,-6.4,-4.8,-2.4,-0.9,-0.4,0.0,-0.0,-0.6,-2.4,-1.7,-2.5,-4.4,-6.3,-7.0,-6.1,-4.2,-6.8,-11.1,-13.1,-11.6,-7.4,-3.1,-1.1,-2.3,-4.0,-6.6,-8.7,-9.7,-9.1,-7.8,-5.6,-3.9,-3.0,-2.6,-2.6,-2.8,-5.0,-4.3,-5.2,-7.1,-8.9,-9.5,-8.7,-6.8,660.5,661.4,662.2,662.4,661.9,661.3,660.2,660.0,663.7,661.6,659.8,659.4,660.5,662.2,664.1,662.0,659.9,659.0,659.5,661.3,661.5,661.6,661.9,662.3,662.5,662.4,662.1,661.7,699.1,700.4,702.1,703.2,703.1,701.8,700.1,699.1,699.3,698.7,698.6,699.7,702.2,705.6,708.8,705.3,701.9,699.4,698.4,698.6,700.9,701.4,702.2,702.7,702.8,702.3,701.5,701.0,367.2,29.5,822.9,0.002,0.098,-0.077
222,0,1656521714.419,0.98,1,-0.097995,0.078146,-0.992114,-0.242719,0.075019,-0.967192,-0.172,0.078,560.2,561.5,565.3,569.2,571.1,570.0,565.9,562.0,554.7,557.3,560.9,565.1,569.2,572.3,574.6,572.3,568.9,565.1,561.2,557.5,564.0,565.7,567.3,567.9,567.1,565.4,563.8,563.2,605.9,607.0,610.2,613.8,615.7,614.6,611.4,607.5,602.4,604.8,607.9,611.8,615.2,617.7,619.3,617.9,615.6,612.5,608.9,605.3,609.2,610.8,612.2,612.7,611.9,610.3,608.9,608.4,229.4,225.4,223.6,225.1,229.0,233.2,234.7,233.3,231.3,229.3,227.8,226.9,227.4,228.9,231.1,232.4,233.0,233.4,233.3,232.7,231.1,231.8,231.0,229.2,227.5,226.9,227.7,229.4,227.5,223.8,222.1,223.4,227.0,230.7,232.4,231.4,229.9,227.6,225.9,225.0,225.5,226.7,228.6,230.0,230.8,231.1,231.1,230.9,229.1,229.7,228.9,227.3,225.7,225.1,225.9,227.5,260.6,262.4,266.8,271.2,273.0,271.5,266.8,262.4,255.9,257.9,261.1,265.4,270.3,274.5,277.7,274.4,269.9,265.3,261.3,258.0,265.1,267.0,268.9,269.7,269.0,267.0,265.1,264.3,327.8,329.6,334.2,338.9,340.9,339.1,334.6,329.6,323.9,326.3,329.9,334.8,340.0,344.5,347.9,344.7,340.3,335.6,330.9,326.8,332.5,334.6,336.6,337.3,336.4,334.4,332.4,331.6,-4.1,-8.4,-10.4,-8.8,-4.6,0.1,1.7,0.1,-2.0,-4.3,-5.9,-6.8,-6.3,-4.7,-2.3,-0.8,-0.2,0.2,0.1,-0.5,-2.2,-1.5,-2.4,-4.3,-6.2,-6.9,-6.0,-4.1,-6.5,-10.9,-12.8,-11.3,-7.1,-2.8,-0.8,-2.0,-3.8,-6.4,-8.4,-9.4,-8.8,-7.5,-5.3,-3.6,-2.8,-2.3,-2.4,-2.6,-4.7,-4.0,-4.9,-6.8,-8.6,-9.3,-8.4,-6.5,657.8,658.7,659.4,659.6,659.1,658.5,657.6,657.4,661.2,659.0,657.2,656.6,657.6,659.4,661.3,659.2,657.2,656.3,656.9,658.8,658.8,658.9,659.2,659.6,659.8,659.7,659.4,659.0,694.5,695.8,697.5,698.6,698.5,697.2,695.5,694.5,694.8,694.2,694.1,695.1,697.6,701.0,704.2,700.7,697.3,694.9,693.8,694.0,696.4,696.8,697.6,698.1,698.2,697.7,696.9,696.4,367.8,29.7,824.2,0.005,0.106,-0.079
223,0,1656521714.452,0.98,1,-0.093681,0.074763,-0.992791,-0.241897,0.072617,-0.967581,-0.170,0.075,560.2,561.6,565.3,569.3,571.1,570.0,566.0,562.1,554.7,557.4,561.0,565.1,569.2,572.4,574.6,572.3,569.0,565.2,561.2,557.6,564.0,565.7,567.4,568.0,567.2,565.4,563.8,563.2,605.9,606.9,610.2,613.8,615.6,614.6,611.4,607.5,602.4,604.8,607.9,611.7,615.2,617.7,619.2,617.9,615.6,612.5,608.9,605.3,609.2,610.8,612.2,612.7,611.9,610.3,608.9,608.4,229.5,225.5,223.7,225.1,229.0,233.3,234.8,233.3,231.4,229.3,227.8,227.0,227.4,228.9,231.1,232.5,233.0,233.4,233.3,232.8,231.2,231.8,231.0,229.3,227.6,226.9,227.7,229.5,227.4,223.7,222.0,223.3,226.9,230.6,232.3,231.3,229.9,227.5,225.8,224.9,225.4,226.6,228.5,229.9,230.7,231.0,231.0,230.9,229.0,229.6,228.8,227.2,225.6,225.1,225.8,227.4,260.7,262.6,267.0,271.4,273.2,271.7,266.9,262.5,256.0,258.1,261.3,265.6,270.5,274.7,277.9,274.6,270.1,265.5,261.5,258.2,265.3,267.2,269.1,269.9,269.1,267.2,265.3,264.5,328.8,330.5,335.1,339.8,341.9,340.1,335.5,330.6,324.9,327.2,330.8,335.7,340.9,345.5,348.9,345.6,341.3,336.6,331.9,327.8,333.4,335.5,337.5,338.3,337.4,335.3,333.3,332.5,-4.0,-8.4,-10.4,-8.8,-4.6,0.1,1.7,0.2,-1.9,-4.2,-5.9,-6.8,-6.2,-4.6,-2.3,-0.8,-0.2,0.2,0.2,-0.4,-2.2,-1.5,-2.4,-4.3,-6.1,-6.8,-5.9,-4.0,-6.6,-11.0,-13.0,-11.5,-7.3,-3.0,-1.0,-2.1,-3.8,-6.5,-8.5,-9.5,-9.0,-7.7,-5.5,-3.8,-2.9,-2.5,-2.5,-2.7,-4.8,-4.2,-5.0,-6.9,-8.8,-9.4,-8.5,-6.6,658.1,659.0,659.8,660.0,659.5,658.9,657.9,657.7,661.4,659.3,657.5,657.0,658.0,659.8,661.7,659.6,657.5,656.6,657.2,659.0,659.1,659.2,659.5,659.9,660.1,660.0,659.7,659.3,696.5,697.8,699.5,700.6,700.5,699.2,697.6,696.5,696.8,696.2,696.1,697.1,699.6,703.0,706.2,702.7,699.4,696.9,695.8,696.1,698.4,698.9,699.6,700.2,700.2,699.7,699.0,698.4,368.4,29.6,825.4,0.003,0.102,-0.079
224,0,1656521714.486,0.98,1,-0.094232,0.073704,-0.992818,-0.241009,0.071158,-0.967911,-0.169,0.074,560.2,561.6,565.4,569.3,571.1,570.0,566.0,562.1,554.7,557.4,561.0,565.2,569.2,572.4,574.6,572.3,569.0,565.2,561.2,557.6,564.0,565.7,567.4,568.0,567.2,565.5,563.8,563.2,605.9,606.9,610.2,613.8,615.6,614.6,611.4,607.5,602.4,604.8,607.9,611.8,615.2,617.7,619.2,617.9,615.6,612.5,608.9,605.3,609.2,610.8,612.2,612.7,611.9,610.3,608.9,608.4,229.3,225.3,223.5,225.0,228.9,233.2,234.6,233.2,231.3,229.2,227.6,226.8,227.3,228.8,231.0,232.3,232.9,233.2,233.2,232.6,231.0,231.7,230.9,229.1,227.5,226.8,227.6,229.3,227.4,223.7,222.0,223.3,226.9,230.7,232.4,231.4,229.9,227.5,225.8,224.9,225.4,226.7,228.6,230.0,230.7,231.1,231.0,230.9,229.0,229.6,228.9,227.2,225.7,225.1,225.8,227.5,260.4,262.3,266.7,271.1,272.8,271.4,266.6,262.2,255.6,257.7,261.0,265.3,270.2,274.4,277.6,274.2,269.7,265.2,261.1,257.8,264.9,266.8,268.8,269.6,268.8,266.9,265.0,264.1,327.6,329.4,333.9,338.7,340.7,338.9,334.4,329.4,323.7,326.1,329.7,334.6,339.8,344.3,347.7,344.4,340.1,335.4,330.7,326.6,332.3,334.3,336.3,337.1,336.2,334.2,332.2,331.4,-4.2,-8.6,-10.5,-8.9,-4.7,-0.0,1.6,0.0,-2.1,-4.4,-6.0,-6.9,-6.4,-4.7,-2.4,-0.9,-0.3,0.1,0.0,-0.6,-2.3,-1.6,-2.5,-4.4,-6.2,-6.9,-6.1,-4.2,-6.6,-10.9,-12.9,-11.4,-7.2,-2.9,-0.9,-2.1,-3.8,-6.5,-8.5,-9.5,-8.9,-7.6,-5.4,-3.7,-2.8,-2.4,-2.4,-2.6,-4.8,-4.1,-5.0,-6.9,-8.7,-9.4,-8.5,-6.6,657.2,658.1,658.9,659.1,658.6,658.0,657.0,656.8,660.5,658.4,656.6,656.1,657.2,658.9,660.8,658.7,656.6,655.7,656.3,658.1,658.2,658.3,658.7,659.0,659.3,659.2,658.8,658.4,694.1,695.4,697.1,698.2,698.1,696.8,695.1,694.1,694.4,693.7,693.7,694.7,697.3,700.6,703.8,700.3,696.9,694.5,693.4,693.6,696.0,696.4,697.2,697.8,697.8,697.3,696.6,696.0,367.2,29.6,822.8,0.002,0.101,-0.076
225,0,1656521714.519,0.98,1,-0.088979,0.073797,-0.993296,-0.237999,0.072423,-0.968562,-0.165,0.074,560.3,561.6,565.4,569.3,571.1,570.0,566.0,562.1,554.7,557.4,561.0,565.2,569.3,572.4,574.6,572.3,569.0,565.2,561.3,557.6,564.0,565.8,567.4,568.0,567.2,565.5,563.8,563.2,605.9,606.9,610.1,613.7,615.6,614.6,611.4,607.5,602.4,604.8,607.9,611.7,615.1,617.6,619.2,617.8,615.5,612.5,608.9,605.3,609.2,610.8,612.2,612.6,611.8,610.2,608.8,608.4,229.2,225.3,223.5,224.9,228.8,233.1,234.5,233.1,231.2,229.1,227.6,226.8,227.2,228.7,230.9,232.3,232.8,233.1,233.1,232.5,230.9,231.6,230.8,229.1,227.4,226.7,227.5,229.3,227.2,223.5,221.8,223.1,226.7,230.4,232.1,231.1,229.7,227.4,225.6,224.7,225.2,226.4,228.3,229.7,230.5,230.8,230.8,230.7,228.8,229.4,228.6,227.0,225.5,224.9,225.6,227.3,260.9,262.7,267.1,271.5,273.3,271.9,267.1,262.7,256.1,258.2,261.4,265.8,270.7,274.9,278.1,274.7,270.2,265.7,261.6,258.3,265.4,267.3,269.3,270.1,269.3,267.3,265.4,264.6,329.1,330.8,335.4,340.1,342.2,340.4,335.9,330.9,325.2,327.6,331.2,336.1,341.3,345.8,349.2,345.9,341.6,336.9,332.2,328.1,333.8,335.8,337.8,338.6,337.7,335.6,333.6,332.9,-4.3,-8.6,-10.6,-9.0,-4.8,-0.1,1.5,-0.1,-2.1,-4.4,-6.1,-7.0,-6.5,-4.8,-2.5,-1.0,-0.4,-0.0,-0.1,-0.7,-2.4,-1.7,-2.6,-4.5,-6.3,-7.0,-6.2,-4.3,-6.8,-11.2,-13.2,-11.7,-7.5,-3.2,-1.2,-2.3,-4.0,-6.7,-8.7,-9.8,-9.2,-7.9,-5.7,-4.0,-3.1,-2.7,-2.7,-2.9,-5.0,-4.4,-5.3,-7.2,-9.0,-9.6,-8.8,-6.9,658.3,659.2,660.0,660.3,659.8,659.2,658.1,657.8,661.6,659.4,657.7,657.2,658.3,660.1,662.0,659.9,657.8,656.8,657.4,659.2,659.3,659.4,659.8,660.2,660.4,660.3,659.9,659.6,697.3,698.6,700.3,701.4,701.3,700.0,698.3,697.3,697.5,696.9,696.8,697.9,700.4,703.8,707.0,703.5,700.1,697.6,696.5,696.8,699.1,699.6,700.4,700.9,701.0,700.5,699.7,699.2,367.2,29.5,822.9,0.001,0.095,-0.076
226,0,1656521714.552,0.98,1,-0.090172,0.072166,-0.993308,-0.237792,0.070423,-0.968760,-0.166,0.073,560.3,561.6,565.4,569.3,571.1,570.0,566.0,562.1,554.7,557.4,561.0,565.2,569.2,572.4,574.6,572.3,569.0,565.2,561.3,557.6,564.0,565.7,567.4,568.0,567.2,565.5,563.8,563.2,605.8,606.8,610.0,613.6,615.5,614.5,611.3,607.4,602.4,604.7,607.8,611.6,615.0,617.5,619.0,617.7,615.4,612.4,608.8,605.2,609.1,610.7,612.1,612.5,611.7,610.1,608.7,608.3,229.3,225.4,223.6,225.1,228.9,233.2,234.6,233.2,231.3,229.2,227.7,226.8,227.3,228.9,231.0,232.4,232.9,233.3,233.2,232.6,231.0,231.7,230.9,229.2,227.5,226.9,227.6,229.4,227.4,223.7,222.0,223.3,226.9,230.6,232.3,231.3,229.9,227.5,225.8,224.9,225.4,226.6,228.5,229.9,230.7,231.0,231.0,230.9,229.0,229.6,228.8,227.2,225.6,225.1,225.8,227.4,261.3,263.2,267.6,272.0,273.8,272.3,267.5,263.1,256.5,258.6,261.9,266.2,271.1,275.3,278.5,275.1,270.6,266.1,262.0,258.7,265.8,267.8,269.7,270.5,269.7,267.8,265.9,265.0,329.3,331.1,335.6,340.4,342.4,340.7,336.1,331.1,325.4,327.8,331.4,336.3,341.5,346.0,349.4,346.2,341.8,337.1,332.5,328.3,334.0,336.1,338.1,338.8,337.9,335.9,333.9,333.1,-4.2,-8.5,-10.5,-8.9,-4.7,0.0,1.6,0.0,-2.1,-4.4,-6.0,-6.9,-6.4,-4.7,-2.3,-0.9,-0.3,0.1,0.0,-0.6,-2.3,-1.6,-2.5,-4.4,-6.2,-6.9,-6.1,-4.2,-6.6,-11.0,-13.0,-11.5,-7.3,-3.0,-1.0,-2.2,-3.8,-6.5,-8.6,-9.6,-9.0,-7.7,-5.5,-3.8,-2.9,-2.5,-2.5,-2.7,-4.8,-4.2,-5.0,-6.9,-8.8,-9.4,-8.6,-6.7,659.5,660.4,661.2,661.4,660.9,660.3,659.2,659.0,662.7,660.6,658.8,658.3,659.4,661.2,663.1,661.0,658.9,658.0,658.5,660.3,660.5,660.6,660.9,661.3,661.5,661.4,661.1,660.7,698.0,699.3,701.0,702.2,702.0,700.7,699.0,698.0,698.2,697.6,697.6,698.6,701.2,704.5,707.8,704.3,700.9,698.4,697.3,697.5,699.8,700.3,701.1,701.7,701.7,701.2,700.5,699.9,367.6,29.5,823.9,0.000,0.096,-0.076
227,0,1656521714.585,0.98,1,-0.096907,0.072273,-0.992666,-0.242340,0.070364,-0.967636,-0.171,0.073,560.1,561.4,565.2,569.1,571.0,569.9,565.9,561.9,554.6,557.2,560.8,565.0,569.1,572.2,574.5,572.2,568.9,565.0,561.1,557.4,563.9,565.6,567.2,567.8,567.0,565.3,563.7,563.1,605.8,606.8,610.0,613.6,615.5,614.5,611.2,607.3,602.3,604.6,607.7,611.6,615.0,617.5,619.1,617.7,615.4,612.4,608.8,605.1,609.1,610.7,612.1,612.5,611.7,610.1,608.7,608.3,229.5,225.5,223.7,225.1,229.0,233.3,234.8,233.3,231.4,229.3,227.8,226.9,227.4,228.9,231.1,232.4,233.0,233.4,233.3,232.8,231.2,231.8,231.0,229.3,227.6,226.9,227.7,229.5,227.4,223.6,221.9,223.2,226.8,230.5,232.3,231.3,229.8,227.5,225.7,224.8,225.3,226.5,228.4,229.8,230.6,231.0,231.0,230.8,228.9,229.5,228.8,227.1,225.6,225.0,225.7,227.4,260.6,262.4,266.8,271.2,273.0,271.5,266.8,262.4,255.9,257.9,261.1,265.4,270.3,274.5,277.7,274.4,269.9,265.4,261.3,258.1,265.1,267.0,268.9,269.7,269.0,267.0,265.1,264.3,327.8,329.6,334.1,338.8,340.9,339.2,334.6,329.6,323.9,326.3,329.9,334.8,340.0,344.5,348.0,344.7,340.4,335.6,331.0,326.9,332.5,334.6,336.6,337.3,336.4,334.4,332.4,331.6,-4.0,-8.4,-10.4,-8.8,-4.6,0.1,1.7,0.2,-1.9,-4.2,-5.8,-6.8,-6.3,-4.7,-2.3,-0.8,-0.2,0.3,0.2,-0.4,-2.2,-1.5,-2.4,-4.3,-6.1,-6.8,-5.9,-4.0,-6.7,-11.0,-13.0,-11.5,-7.4,-3.0,-1.0,-2.2,-3.9,-6.6,-8.6,-9.6,-9.1,-7.7,-5.6,-3.9,-3.0,-2.5,-2.5,-2.7,-4.9,-4.2,-5.1,-7.0,-8.8,-9.5,-8.6,-6.7,658.1,658.9,659.7,659.8,659.4,658.8,657.8,657.6,661.4,659.2,657.4,656.9,657.9,659.7,661.5,659.5,657.4,656.5,657.2,659.0,659.0,659.1,659.4,659.8,660.0,659.9,659.6,659.2,695.0,696.3,698.0,699.1,699.0,697.7,696.0,695.0,695.2,694.6,694.5,695.6,698.1,701.4,704.7,701.2,697.8,695.3,694.2,694.5,696.8,697.3,698.0,698.6,698.7,698.2,697.4,696.9,368.4,29.6,825.5,0.000,0.103,-0.080
228,0,1656521714.619,0.98,1,-0.094189,0.072057,-0.992943,-0.240449,0.070359,-0.968108,-0.169,0.072,560.2,561.5,565.3,569.2,571.0,569.9,566.0,562.0,554.7,557.3,560.9,565.1,569.2,572.3,574.5,572.3,568.9,565.1,561.2,557.5,564.0,565.7,567.3,567.9,567.1,565.4,563.8,563.2,605.7,606.7,609.9,613.5,615.3,614.3,611.1,607.2,602.2,604.5,607.7,611.5,614.9,617.4,618.9,617.6,615.3,612.3,608.7,605.0,609.0,610.5,612.0,612.4,611.6,610.0,608.6,608.2,229.2,225.3,223.5,224.9,228.7,233.0,234.5,233.1,231.2,229.1,227.6,226.7,227.2,228.7,230.9,232.2,232.8,233.1,233.1,232.5,230.9,231.6,230.8,229.0,227.4,226.7,227.5,229.2,227.3,223.5,221.8,223.2,226.7,230.5,232.1,231.1,229.7,227.4,225.6,224.7,225.2,226.5,228.4,229.8,230.5,230.9,230.9,230.7,228.8,229.4,228.7,227.0,225.5,224.9,225.6,227.3,261.2,263.0,267.4,271.8,273.6,272.1,267.3,263.0,256.4,258.5,261.7,266.1,270.9,275.1,278.3,275.0,270.5,265.9,261.9,258.6,265.7,267.6,269.5,270.3,269.5,267.6,265.7,264.9,328.9,330.7,335.2,339.9,342.0,340.2,335.7,330.7,325.0,327.4,331.0,335.9,341.1,345.6,349.0,345.7,341.4,336.7,332.0,327.9,333.6,335.6,337.6,338.4,337.5,335.4,333.4,332.7,-4.3,-8.7,-10.6,-9.1,-4.8,-0.1,1.5,-0.1,-2.2,-4.5,-6.1,-7.1,-6.5,-4.9,-2.5,-1.0,-0.4,-0.0,-0.1,-0.7,-2.5,-1.8,-2.6,-4.5,-6.4,-7.1,-6.2,-4.3,-6.8,-11.2,-13.2,-11.6,-7.5,-3.1,-1.2,-2.3,-4.0,-6.7,-8.7,-9.8,-9.2,-7.8,-5.6,-4.0,-3.1,-2.7,-2.7,-2.9,-5.0,-4.4,-5.2,-7.1,-8.9,-9.6,-8.7,-6.8,659.2,660.1,660.9,661.1,660.6,660.0,659.0,658.8,662.5,660.4,658.6,658.1,659.2,661.0,662.8,660.7,658.6,657.7,658.3,660.1,660.2,660.3,660.7,661.1,661.3,661.2,660.8,660.4,697.5,698.8,700.5,701.6,701.5,700.2,698.4,697.4,697.7,697.1,697.0,698.1,700.6,703.9,707.2,703.7,700.3,697.8,696.7,696.9,699.3,699.8,700.5,701.1,701.1,700.7,699.9,699.3,367.3,29.5,823.5,0.001,0.100,-0.076
229,0,1656521714.652,0.98,1,-0.093735,0.074200,-0.992828,-0.240529,0.071708,-0.967990,-0.169,0.074,560.1,561.5,565.2,569.2,571.0,569.9,565.9,561.9,554.6,557.3,560.9,565.0,569.1,572.2,574.5,572.2,568.9,565.0,561.1,557.5,563.9,565.6,567.2,567.8,567.0,565.3,563.7,563.1,605.7,606.7,609.9,613.5,615.3,614.3,611.1,607.2,602.2,604.5,607.7,611.5,614.9,617.4,618.9,617.6,615.3,612.3,608.7,605.0,609.0,610.5,612.0,612.4,611.6,610.0,608.6,608.2,229.4,225.4,223.6,225.1,228.9,233.2,234.7,233.2,231.3,229.2,227.7,226.9,227.4,228.9,231.0,232.4,232.9,233.3,233.2,232.7,231.1,231.7,230.9,229.2,227.5,226.9,227.7,229.4,227.5,223.8,222.1,223.4,227.0,230.7,232.4,231.4,229.9,227.6,225.9,225.0,225.5,226.7,228.6,230.0,230.8,231.1,231.1,230.9,229.1,229.7,228.9,227.3,225.7,225.2,225.9,227.5,261.3,263.1,267.5,271.9,273.7,272.3,267.5,263.1,256.5,258.6,261.8,266.2,271.1,275.2,278.5,275.1,270.6,266.1,262.0,258.7,265.8,267.7,269.7,270.5,269.7,267.8,265.8,265.0,329.2,330.9,335.5,340.2,342.3,340.5,335.9,330.9,325.2,327.6,331.2,336.2,341.4,345.9,349.3,346.0,341.7,336.9,332.3,328.2,333.8,335.9,337.9,338.7,337.8,335.7,333.7,332.9,-4.1,-8.5,-10.5,-8.9,-4.7,0.0,1.7,0.1,-2.0,-4.3,-5.9,-6.8,-6.3,-4.7,-2.3,-0.8,-0.3,0.1,0.1,-0.5,-2.3,-1.6,-2.4,-4.3,-6.2,-6.9,-6.0,-4.1,-6.6,-10.9,-12.9,-11.3,-7.2,-2.8,-0.9,-2.0,-3.8,-6.4,-8.4,-9.4,-8.9,-7.5,-5.3,-3.7,-2.8,-2.4,-2.4,-2.6,-4.7,-4.1,-4.9,-6.8,-8.6,-9.3,-8.4,-6.5,659.8,660.6,661.4,661.6,661.1,660.5,659.5,659.3,663.1,660.9,659.1,658.6,659.7,661.5,663.3,661.3,659.2,658.3,658.9,660.7,660.8,660.9,661.2,661.6,661.8,661.7,661.4,661.0,698.0,699.3,701.0,702.1,702.0,700.7,699.0,698.0,698.3,697.6,697.6,698.6,701.1,704.5,707.7,704.2,700.8,698.3,697.3,697.5,699.8,700.3,701.1,701.6,701.7,701.2,700.4,699.9,367.5,29.6,824.0,0.000,0.100,-0.077
230,0,1656521714.686,0.98,1,-0.096174,0.072291,-0.992736,-0.242896,0.070213,-0.967508,-0.171,0.073,559.9,561.2,565.0,568.9,570.7,569.6,565.6,561.7,554.3,557.0,560.6,564.8,568.8,572.0,574.3,572.0,568.6,564.8,560.8,557.2,563.6,565.4,567.0,567.6,566.8,565.1,563.4,562.8,605.5,606.5,609.8,613.4,615.2,614.2,611.0,607.1,602.0,604.4,607.5,611.3,614.8,617.3,618.8,617.5,615.2,612.1,608.5,604.9,608.8,610.4,611.8,612.3,611.5,609.9,608.5,608.0,229.5,225.5,223.7,225.2,229.0,233.3,234.8,233.3,231.4,229.4,227.8,227.0,227.5,229.0,231.1,232.5,233.0,233.4,233.4,232.8,231.2,231.8,231.0,229.3,227.6,227.0,227.8,229.5,227.5,223.8,222.1,223.4,227.0,230.7,232.4,231.4,229.9,227.6,225.9,225.0,225.5,226.7,228.6,230.0,230.8,231.1,231.1,231.0,229.1,229.7,229.0,227.3,225.8,225.2,225.9,227.5,260.1,261.9,266.3,270.7,272.5,271.0,266.2,261.9,255.3,257.4,260.6,264.9,269.8,274.0,277.2,273.9,269.4,264.8,260.8,257.5,264.6,266.5,268.4,269.2,268.4,266.5,264.6,263.8,328.3,330.0,334.6,339.3,341.4,339.6,335.0,330.1,324.4,326.8,330.4,335.3,340.5,345.0,348.4,345.1,340.8,336.1,331.4,327.3,333.0,335.0,337.0,337.8,336.9,334.8,332.8,332.1,-4.0,-8.4,-10.3,-8.8,-4.6,0.2,1.8,0.2,-1.9,-4.2,-5.8,-6.7,-6.2,-4.6,-2.3,-0.8,-0.1,0.3,0.2,-0.4,-2.2,-1.5,-2.3,-4.2,-6.1,-6.8,-5.9,-4.0,-6.5,-10.8,-12.8,-11.3,-7.1,-2.8,-0.8,-2.0,-3.7,-6.4,-8.4,-9.4,-8.9,-7.5,-5.3,-3.6,-2.8,-2.3,-2.4,-2.6,-4.7,-4.0,-4.9,-6.8,-8.6,-9.3,-8.4,-6.5,657.4,658.3,659.0,659.2,658.7,658.1,657.1,656.9,660.8,658.6,656.8,656.2,657.2,659.0,660.9,658.8,656.8,655.9,656.5,658.4,658.4,658.5,658.8,659.2,659.4,659.3,659.0,658.6,696.5,697.8,699.5,700.6,700.5,699.2,697.5,696.5,696.8,696.2,696.1,697.1,699.6,702.9,706.2,702.7,699.3,696.9,695.8,696.0,698.3,698.8,699.6,700.1,700.2,699.7,699.0,698.4,367.7,29.6,824.5,-0.002,0.103,-0.076
231,0,1656521714.719,0.98,1,-0.097811,0.073259,-0.992505,-0.242441,0.070684,-0.967588,-0.172,0.073,559.8,561.1,564.9,568.9,570.7,569.6,565.6,561.6,554.3,556.9,560.5,564.7,568.8,572.0,574.3,572.0,568.6,564.7,560.8,557.1,563.6,565.3,567.0,567.6,566.8,565.0,563.4,562.8,605.4,606.4,609.6,613.3,615.1,614.1,610.9,607.0,601.9,604.2,607.4,611.2,614.7,617.2,618.7,617.4,615.1,612.1,608.4,604.8,608.7,610.3,611.7,612.2,611.3,609.8,608.3,607.9,229.8,225.8,224.0,225.4,229.3,233.6,235.1,233.7,231.7,229.6,228.1,227.3,227.8,229.2,231.4,232.8,233.3,233.7,233.7,233.1,231.5,232.1,231.3,229.6,227.9,227.3,228.0,229.8,227.8,224.0,222.3,223.6,227.2,231.0,232.7,231.7,230.2,227.9,226.1,225.2,225.7,226.9,228.8,230.2,231.0,231.3,231.4,231.2,229.3,229.9,229.2,227.5,225.9,225.4,226.1,227.8,258.8,260.6,265.0,269.4,271.2,269.8,265.0,260.6,254.2,256.2,259.4,263.7,268.5,272.7,276.0,272.6,268.1,263.6,259.6,256.3,263.4,265.3,267.2,268.0,267.2,265.3,263.4,262.6,326.5,328.3,332.8,337.6,339.7,337.9,333.3,328.3,322.6,325.0,328.6,333.5,338.7,343.2,346.7,343.4,339.1,334.4,329.7,325.6,331.2,333.3,335.3,336.1,335.1,333.1,331.1,330.3,-3.6,-8.0,-10.0,-8.4,-4.2,0.5,2.1,0.6,-1.6,-3.8,-5.5,-6.4,-5.9,-4.3,-1.9,-0.4,0.2,0.6,0.6,-0.1,-1.8,-1.1,-2.0,-3.9,-5.7,-6.4,-5.6,-3.7,-6.2,-10.5,-12.6,-11.1,-6.9,-2.6,-0.6,-1.7,-3.4,-6.1,-8.1,-9.1,-8.6,-7.3,-5.1,-3.4,-2.5,-2.1,-2.1,-2.3,-4.4,-3.7,-4.6,-6.5,-8.3,-9.0,-8.1,-6.2,654.5,655.3,656.0,656.2,655.7,655.2,654.2,654.1,657.9,655.7,653.9,653.3,654.3,656.0,657.9,655.9,653.8,653.0,653.6,655.5,655.5,655.6,655.9,656.2,656.4,656.3,656.0,655.7,693.1,694.4,696.1,697.2,697.1,695.8,694.1,693.1,693.4,692.7,692.7,693.7,696.3,699.6,702.8,699.3,695.9,693.5,692.4,692.6,695.0,695.4,696.2,696.8,696.8,696.3,695.6,695.0,367.2,29.8,823.2,-0.003,0.105,-0.080
232,0,1656521714.752,0.98,1,-0.091422,0.071664,-0.993230,-0.241830,0.070028,-0.967788,-0.168,0.072,559.8,561.2,564.9,568.9,570.7,569.6,565.6,561.6,554.3,556.9,560.5,564.7,568.8,572.0,574.2,572.0,568.6,564.8,560.8,557.1,563.6,565.3,567.0,567.6,566.8,565.0,563.4,562.8,605.5,606.5,609.8,613.4,615.2,614.2,611.0,607.1,602.1,604.4,607.5,611.3,614.8,617.3,618.8,617.5,615.2,612.2,608.6,604.9,608.8,610.4,611.8,612.3,611.5,609.9,608.5,608.0,229.8,225.8,224.0,225.5,229.3,233.6,235.1,233.7,231.7,229.7,228.1,227.3,227.8,229.3,231.4,232.8,233.4,233.7,233.7,233.1,231.5,232.1,231.4,229.6,227.9,227.3,228.1,229.8,227.8,224.0,222.3,223.6,227.2,230.9,232.6,231.6,230.2,227.9,226.1,225.2,225.7,226.9,228.8,230.2,231.0,231.3,231.4,231.2,229.3,229.9,229.1,227.5,226.0,225.4,226.1,227.8,259.1,260.9,265.3,269.7,271.5,270.1,265.3,260.9,254.4,256.4,259.7,264.0,268.9,273.1,276.3,272.9,268.4,263.9,259.8,256.6,263.6,265.6,267.5,268.3,267.5,265.6,263.6,262.8,328.3,330.1,334.6,339.3,341.4,339.7,335.1,330.1,324.4,326.8,330.4,335.3,340.5,345.0,348.4,345.2,340.8,336.1,331.5,327.4,333.0,335.1,337.1,337.8,336.9,334.9,332.9,332.1,-3.6,-8.0,-10.0,-8.4,-4.2,0.5,2.1,0.6,-1.6,-3.8,-5.5,-6.4,-5.8,-4.2,-1.9,-0.4,0.2,0.6,0.6,-0.1,-1.8,-1.1,-2.0,-3.9,-5.7,-6.4,-5.6,-3.6,-6.2,-10.6,-12.6,-11.1,-6.9,-2.6,-0.6,-1.7,-3.4,-6.1,-8.2,-9.2,-8.7,-7.3,-5.1,-3.5,-2.5,-2.1,-2.1,-2.3,-4.4,-3.8,-4.7,-6.6,-8.4,-9.0,-8.2,-6.3,655.2,656.0,656.8,657.0,656.5,655.9,654.9,654.7,658.5,656.3,654.5,654.0,655.0,656.8,658.7,656.6,654.6,653.7,654.3,656.1,656.2,656.3,656.6,656.9,657.1,657.1,656.7,656.4,696.6,697.9,699.5,700.6,700.5,699.2,697.6,696.6,696.8,696.2,696.1,697.1,699.7,703.0,706.2,702.7,699.4,696.9,695.8,696.1,698.4,698.9,699.6,700.2,700.2,699.7,699.0,698.4,367.8,29.8,824.9,-0.004,0.099,-0.077
233,0,1656521714.786,0.98,1,-0.091410,0.069030,-0.993418,-0.241253,0.067541,-0.968109,-0.168,0.070,559.7,561.1,564.9,568.8,570.7,569.6,565.5,561.6,554.2,556.8,560.5,564.7,568.8,572.0,574.2,571.9,568.6,564.7,560.7,557.0,563.5,565.3,566.9,567.5,566.7,565.0,563.3,562.7,605.5,606.5,609.7,613.3,615.2,614.2,611.0,607.1,602.0,604.3,607.5,611.3,614.7,617.3,618.8,617.5,615.2,612.2,608.6,604.9,608.8,610.4,611.8,612.2,611.4,609.8,608.4,608.0,229.9,225.9,224.0,225.5,229.4,233.7,235.2,233.7,231.8,229.7,228.2,227.3,227.8,229.3,231.5,232.9,233.4,233.8,233.8,233.2,231.6,232.2,231.4,229.7,228.0,227.3,228.1,229.9,227.8,224.0,222.3,223.6,227.2,230.9,232.7,231.7,230.2,227.9,226.1,225.2,225.7,226.9,228.8,230.2,231.0,231.4,231.4,231.2,229.3,229.9,229.2,227.5,226.0,225.4,226.1,227.8,258.1,259.9,264.3,268.7,270.5,269.1,264.3,259.9,253.4,255.4,258.7,263.0,267.9,272.1,275.3,271.9,267.4,262.9,258.8,255.6,262.6,264.6,266.5,267.3,266.5,264.6,262.7,261.9,327.2,328.9,333.5,338.2,340.3,338.5,334.0,329.0,323.3,325.7,329.2,334.1,339.3,343.9,347.3,344.0,339.7,335.0,330.3,326.2,331.9,333.9,335.9,336.7,335.8,333.7,331.7,331.0,-3.6,-7.9,-9.9,-8.3,-4.1,0.6,2.2,0.6,-1.4,-3.7,-5.4,-6.3,-5.8,-4.2,-1.8,-0.3,0.3,0.7,0.6,0.0,-1.7,-1.0,-1.9,-3.8,-5.6,-6.3,-5.5,-3.6,-6.2,-10.5,-12.5,-11.1,-6.9,-2.6,-0.6,-1.7,-3.4,-6.1,-8.1,-9.2,-8.7,-7.3,-5.1,-3.4,-2.5,-2.1,-2.0,-2.2,-4.4,-3.8,-4.6,-6.5,-8.3,-9.0,-8.1,-6.2,652.9,653.8,654.5,654.7,654.2,653.6,652.6,652.4,656.2,654.1,652.3,651.7,652.8,654.5,656.4,654.3,652.3,651.4,652.0,653.8,653.9,654.0,654.3,654.7,654.9,654.8,654.5,654.1,694.2,695.5,697.2,698.3,698.2,696.9,695.2,694.2,694.5,693.9,693.8,694.8,697.4,700.7,703.9,700.4,697.0,694.6,693.5,693.7,696.1,696.5,697.3,697.8,697.9,697.4,696.7,696.1,367.4,29.8,824.0,-0.004,0.098,-0.078
234,0,1656521714.819,0.98,1,-0.093499,0.071695,-0.993035,-0.241822,0.070179,-0.967780,-0.169,0.072,559.8,561.2,564.9,568.9,570.7,569.6,565.6,561.7,554.3,557.0,560.6,564.8,568.8,572.0,574.3,572.0,568.6,564.8,560.8,557.2,563.6,565.4,567.0,567.6,566.8,565.1,563.4,562.8,605.5,606.5,609.7,613.4,615.2,614.3,611.0,607.1,602.1,604.4,607.5,611.3,614.8,617.3,618.8,617.5,615.2,612.2,608.6,604.9,608.9,610.4,611.8,612.3,611.5,609.9,608.5,608.0,229.7,225.7,223.9,225.4,229.2,233.6,235.0,233.6,231.7,229.6,228.1,227.2,227.7,229.2,231.4,232.7,233.3,233.7,233.6,233.1,231.4,232.1,231.3,229.5,227.8,227.2,228.0,229.7,227.6,223.9,222.2,223.5,227.0,230.8,232.5,231.5,230.1,227.7,226.0,225.1,225.5,226.7,228.6,230.1,230.8,231.2,231.2,231.1,229.2,229.8,229.0,227.4,225.8,225.2,226.0,227.6,259.5,261.3,265.7,270.1,271.9,270.4,265.6,261.3,254.7,256.8,260.0,264.3,269.2,273.4,276.6,273.3,268.8,264.2,260.2,256.9,264.0,265.9,267.8,268.6,267.8,265.9,264.0,263.2,328.1,329.8,334.3,339.1,341.2,339.4,334.8,329.9,324.2,326.5,330.1,335.0,340.2,344.8,348.2,344.9,340.6,335.9,331.2,327.1,332.8,334.8,336.8,337.6,336.7,334.6,332.6,331.8,-3.7,-8.1,-10.1,-8.5,-4.3,0.4,2.1,0.5,-1.6,-3.9,-5.5,-6.5,-5.9,-4.3,-2.0,-0.5,0.1,0.6,0.5,-0.1,-1.9,-1.2,-2.1,-4.0,-5.8,-6.5,-5.6,-3.7,-6.4,-10.7,-12.7,-11.2,-7.1,-2.8,-0.8,-1.9,-3.6,-6.3,-8.3,-9.3,-8.8,-7.5,-5.3,-3.6,-2.7,-2.3,-2.2,-2.4,-4.6,-3.9,-4.8,-6.7,-8.5,-9.2,-8.3,-6.4,655.9,656.8,657.6,657.7,657.3,656.7,655.7,655.5,659.3,657.1,655.3,654.8,655.8,657.6,659.5,657.4,655.3,654.4,655.0,656.9,656.9,657.0,657.3,657.7,657.9,657.8,657.5,657.1,696.0,697.3,699.0,700.1,700.0,698.7,697.0,696.0,696.3,695.7,695.6,696.6,699.1,702.5,705.7,702.2,698.8,696.3,695.3,695.5,697.8,698.3,699.1,699.6,699.7,699.2,698.5,697.9,367.5,29.7,824.0,-0.001,0.099,-0.079
235,0,1656521714.852,0.98,1,-0.094890,0.071311,-0.992930,-0.243725,0.069742,-0.967334,-0.171,0.072,559.9,561.3,565.1,569.1,570.9,569.8,565.7,561.8,554.4,557.0,560.7,564.9,569.0,572.2,574.4,572.1,568.8,564.9,560.9,557.2,563.7,565.5,567.1,567.7,566.9,565.2,563.5,562.9,605.7,606.6,609.9,613.5,615.4,614.4,611.1,607.2,602.2,604.5,607.6,611.5,614.9,617.4,619.0,617.7,615.4,612.3,608.7,605.0,609.0,610.6,612.0,612.4,611.6,610.0,608.6,608.2,229.9,225.9,224.1,225.6,229.4,233.8,235.3,233.8,231.9,229.7,228.2,227.4,227.9,229.4,231.6,233.0,233.5,233.9,233.8,233.2,231.6,232.3,231.5,229.7,228.0,227.4,228.2,229.9,227.9,224.2,222.4,223.7,227.3,231.1,232.8,231.8,230.4,228.0,226.2,225.3,225.8,227.0,228.9,230.4,231.1,231.5,231.5,231.4,229.5,230.0,229.3,227.6,226.1,225.5,226.3,227.9,257.7,259.6,264.0,268.3,270.1,268.7,263.9,259.5,253.0,255.1,258.3,262.6,267.5,271.7,274.9,271.5,267.0,262.5,258.5,255.2,262.3,264.2,266.1,266.9,266.1,264.2,262.3,261.5,326.7,328.4,333.0,337.7,339.8,338.0,333.5,328.5,322.8,325.2,328.7,333.6,338.8,343.4,346.8,343.5,339.2,334.5,329.8,325.7,331.4,333.4,335.4,336.2,335.3,333.2,331.2,330.5,-3.5,-7.9,-9.8,-8.2,-4.0,0.7,2.3,0.7,-1.4,-3.7,-5.4,-6.3,-5.7,-4.1,-1.7,-0.2,0.4,0.8,0.7,0.1,-1.7,-1.0,-1.8,-3.7,-5.6,-6.3,-5.4,-3.5,-6.0,-10.4,-12.4,-10.9,-6.8,-2.4,-0.4,-1.6,-3.2,-5.9,-8.0,-9.0,-8.5,-7.2,-4.9,-3.3,-2.3,-1.9,-1.9,-2.0,-4.3,-3.6,-4.5,-6.4,-8.2,-8.8,-8.0,-6.1,651.4,652.2,652.9,653.1,652.7,652.1,651.1,650.9,654.7,652.5,650.7,650.2,651.2,653.0,654.9,652.8,650.7,649.8,650.5,652.3,652.3,652.4,652.7,653.1,653.3,653.2,652.9,652.5,692.8,694.1,695.8,696.9,696.8,695.5,693.8,692.8,693.1,692.5,692.4,693.4,695.9,699.3,702.5,699.0,695.6,693.2,692.1,692.3,694.7,695.1,695.9,696.4,696.5,696.0,695.3,694.7,368.3,29.8,825.4,0.000,0.103,-0.079
236,0,1656521714.886,0.98,1,-0.093421,0.070846,-0.993103,-0.242747,0.069015,-0.967632,-0.170,0.071,560.0,561.4,565.2,569.1,571.0,569.9,565.8,561.9,554.5,557.1,560.8,565.0,569.1,572.3,574.5,572.2,568.9,565.0,561.0,557.3,563.8,565.6,567.2,567.8,567.0,565.3,563.6,563.0,605.6,606.6,609.8,613.4,615.3,614.3,611.1,607.2,602.1,604.4,607.6,611.4,614.8,617.3,618.9,617.6,615.3,612.3,608.7,605.0,608.9,610.5,611.9,612.3,611.5,609.9,608.5,608.1,229.9,225.9,224.0,225.5,229.4,233.7,235.2,233.8,231.8,229.7,228.2,227.3,227.8,229.3,231.5,232.9,233.5,233.9,233.8,233.2,231.6,232.2,231.4,229.7,228.0,227.3,228.1,229.9,227.7,224.0,222.2,223.5,227.1,230.9,232.6,231.6,230.2,227.8,226.0,225.1,225.6,226.8,228.7,230.1,230.9,231.3,231.4,231.2,229.3,229.9,229.1,227.4,225.9,225.3,226.1,227.7,258.1,259.9,264.3,268.7,270.5,269.1,264.3,259.9,253.4,255.5,258.7,263.0,267.9,272.0,275.3,271.9,267.4,262.9,258.8,255.6,262.6,264.6,266.5,267.3,266.5,264.6,262.6,261.8,326.3,328.0,332.5,337.2,339.4,337.6,333.1,328.1,322.4,324.7,328.3,333.2,338.4,342.9,346.4,343.1,338.8,334.1,329.4,325.3,331.0,333.0,335.0,335.8,334.8,332.8,330.8,330.0,-3.5,-7.9,-9.9,-8.3,-4.1,0.6,2.2,0.6,-1.4,-3.7,-5.4,-6.3,-5.8,-4.2,-1.8,-0.3,0.4,0.8,0.7,0.1,-1.7,-1.0,-1.9,-3.8,-5.6,-6.3,-5.5,-3.5,-6.2,-10.6,-12.6,-11.1,-7.0,-2.7,-0.6,-1.8,-3.4,-6.1,-8.2,-9.3,-8.8,-7.4,-5.2,-3.5,-2.6,-2.1,-2.1,-2.2,-4.5,-3.8,-4.7,-6.6,-8.4,-9.0,-8.2,-6.3,652.1,652.9,653.7,653.9,653.4,652.8,651.8,651.6,655.4,653.2,651.4,650.9,651.9,653.7,655.6,653.5,651.4,650.6,651.2,653.0,653.1,653.1,653.5,653.8,654.0,654.0,653.6,653.3,692.1,693.4,695.1,696.2,696.1,694.8,693.1,692.1,692.3,691.7,691.6,692.7,695.2,698.6,701.8,698.3,694.9,692.5,691.4,691.6,693.9,694.4,695.2,695.7,695.8,695.3,694.5,694.0,368.3,29.8,825.3,0.001,0.100,-0.080
237,0,1656521714.919,0.98,1,-0.090678,0.068731,-0.993506,-0.240160,0.066699,-0.968439,-0.167,0.069,560.0,561.4,565.2,569.1,571.0,569.9,565.8,561.8,554.4,557.1,560.7,565.0,569.1,572.3,574.5,572.2,568.9,565.0,561.0,557.3,563.8,565.6,567.2,567.8,567.0,565.3,563.6,563.0,605.8,606.8,610.0,613.7,615.5,614.6,611.3,607.4,602.3,604.6,607.8,611.6,615.1,617.6,619.2,617.8,615.6,612.5,608.9,605.2,609.2,610.7,612.2,612.6,611.8,610.2,608.7,608.3,229.9,225.9,224.1,225.5,229.4,233.8,235.3,233.8,231.9,229.7,228.2,227.3,227.8,229.4,231.6,233.0,233.5,233.9,233.8,233.3,231.6,232.3,231.5,229.7,228.0,227.4,228.2,229.9,227.8,224.1,222.3,223.7,227.2,231.0,232.7,231.8,230.3,227.9,226.1,225.2,225.7,226.9,228.9,230.3,231.1,231.5,231.5,231.3,229.4,230.0,229.2,227.6,226.0,225.4,226.2,227.8,257.3,259.1,263.5,267.9,269.7,268.2,263.4,259.1,252.5,254.6,257.8,262.2,267.0,271.2,274.4,271.1,266.6,262.0,258.0,254.7,261.8,263.7,265.6,266.4,265.6,263.7,261.8,261.0,325.7,327.4,331.9,336.6,338.8,337.0,332.5,327.5,321.8,324.1,327.7,332.6,337.8,342.3,345.8,342.5,338.2,333.5,328.8,324.7,330.3,332.4,334.4,335.2,334.2,332.2,330.2,329.4,-3.5,-7.9,-9.8,-8.2,-4.0,0.7,2.3,0.7,-1.4,-3.7,-5.3,-6.3,-5.7,-4.1,-1.7,-0.2,0.4,0.8,0.7,0.1,-1.7,-1.0,-1.8,-3.7,-5.6,-6.3,-5.4,-3.5,-6.1,-10.4,-12.4,-11.0,-6.8,-2.5,-0.5,-1.6,-3.3,-6.0,-8.0,-9.1,-8.6,-7.2,-5.0,-3.3,-2.4,-2.0,-1.9,-2.1,-4.3,-3.7,-4.5,-6.4,-8.2,-8.9,-8.0,-6.1,650.0,650.9,651.6,651.8,651.3,650.7,649.7,649.5,653.3,651.1,649.4,648.8,649.9,651.6,653.5,651.4,649.4,648.5,649.1,650.9,651.0,651.1,651.4,651.8,652.0,651.9,651.6,651.2,690.2,691.5,693.3,694.4,694.3,693.0,691.3,690.2,690.5,689.9,689.8,690.9,693.4,696.8,700.0,696.5,693.1,690.6,689.5,689.7,692.1,692.6,693.3,693.9,694.0,693.5,692.7,692.1,368.0,29.8,824.4,-0.003,0.098,-0.079
238,0,1656521714.952,0.98,1,-0.092907,0.067712,-0.993370,-0.242119,0.066291,-0.967979,-0.169,0.068,560.0,561.3,565.1,569.1,570.9,569.8,565.8,561.8,554.4,557.1,560.7,564.9,569.0,572.2,574.5,572.2,568.8,564.9,561.0,557.3,563.8,565.5,567.2,567.8,567.0,565.2,563.6,563.0,605.7,606.6,609.9,613.5,615.4,614.4,611.2,607.3,602.2,604.5,607.7,611.5,614.9,617.5,619.0,617.7,615.4,612.4,608.8,605.1,609.0,610.6,612.0,612.4,611.6,610.0,608.6,608.2,229.8,225.8,224.0,225.4,229.3,233.6,235.2,233.7,231.8,229.7,228.1,227.2,227.7,229.3,231.5,232.8,233.4,233.8,233.7,233.2,231.5,232.2,231.4,229.6,227.9,227.3,228.1,229.8,227.7,223.9,222.2,223.4,227.0,230.8,232.5,231.5,230.1,227.7,225.9,225.0,225.5,226.7,228.6,230.1,230.8,231.2,231.3,231.1,229.2,229.8,229.0,227.4,225.8,225.2,226.0,227.6,257.6,259.5,263.9,268.2,270.0,268.6,263.8,259.4,252.9,255.0,258.2,262.5,267.4,271.6,274.8,271.4,266.9,262.4,258.4,255.1,262.2,264.1,266.0,266.8,266.0,264.1,262.2,261.4,326.5,328.2,332.7,337.4,339.6,337.8,333.3,328.3,322.6,324.9,328.5,333.4,338.6,343.1,346.6,343.3,339.0,334.3,329.6,325.5,331.2,333.2,335.2,336.0,335.0,333.0,331.0,330.2,-3.6,-8.0,-10.0,-8.4,-4.2,0.5,2.2,0.6,-1.5,-3.8,-5.5,-6.4,-5.9,-4.2,-1.9,-0.4,0.2,0.7,0.6,-0.0,-1.8,-1.1,-1.9,-3.9,-5.7,-6.4,-5.5,-3.6,-6.3,-10.7,-12.7,-11.2,-7.1,-2.8,-0.7,-1.9,-3.5,-6.2,-8.3,-9.4,-8.9,-7.5,-5.3,-3.6,-2.7,-2.2,-2.2,-2.3,-4.6,-3.9,-4.8,-6.7,-8.5,-9.2,-8.3,-6.4,651.0,651.9,652.6,652.8,652.4,651.7,650.7,650.5,654.4,652.2,650.4,649.8,650.9,652.7,654.5,652.4,650.4,649.5,650.1,652.0,652.0,652.1,652.4,652.8,653.0,652.9,652.6,652.2,692.3,693.6,695.3,696.4,696.2,694.9,693.2,692.2,692.5,691.9,691.8,692.9,695.4,698.7,701.9,698.5,695.1,692.6,691.5,691.7,694.1,694.6,695.3,695.9,695.9,695.5,694.7,694.1,367.6,29.7,823.5,-0.004,0.100,-0.082
239,0,1656521714.986,0.98,1,-0.095372,0.070500,-0.992942,-0.243262,0.068408,-0.967545,-0.171,0.071,560.1,561.4,565.2,569.1,571.0,569.9,565.9,561.9,554.5,557.2,560.8,565.0,569.1,572.3,574.5,572.2,568.9,565.0,561.1,557.4,563.9,565.6,567.2,567.8,567.0,565.3,563.7,563.1,605.6,606.5,609.8,613.4,615.3,614.3,611.1,607.2,602.1,604.4,607.5,611.4,614.8,617.3,618.9,617.6,615.3,612.3,608.7,605.0,608.9,610.5,611.9,612.3,611.5,609.9,608.5,608.1,229.9,225.9,224.0,225.5,229.4,233.7,235.2,233.7,231.8,229.7,228.1,227.3,227.8,229.3,231.5,232.9,233.5,233.8,233.8,233.2,231.6,232.2,231.4,229.6,228.0,227.3,228.1,229.9,227.7,223.9,222.2,223.5,227.0,230.8,232.5,231.6,230.2,227.8,226.0,225.0,225.5,226.7,228.6,230.1,230.8,231.2,231.3,231.1,229.2,229.8,229.0,227.4,225.8,225.3,226.0,227.7,259.0,260.8,265.2,269.6,271.4,269.9,265.2,260.8,254.3,256.3,259.5,263.8,268.7,272.9,276.1,272.8,268.3,263.8,259.7,256.5,263.5,265.4,267.3,268.1,267.3,265.4,263.5,262.7,327.3,329.0,333.5,338.2,340.4,338.6,334.1,329.1,323.4,325.8,329.3,334.2,339.4,344.0,347.4,344.1,339.8,335.1,330.5,326.3,332.0,334.0,336.0,336.8,335.8,333.8,331.8,331.0,-3.6,-7.9,-9.9,-8.4,-4.1,0.6,2.2,0.6,-1.5,-3.8,-5.4,-6.4,-5.8,-4.2,-1.8,-0.3,0.3,0.7,0.7,0.0,-1.7,-1.1,-1.9,-3.8,-5.7,-6.4,-5.5,-3.6,-6.3,-10.7,-12.7,-11.2,-7.1,-2.8,-0.7,-1.9,-3.5,-6.2,-8.3,-9.4,-8.9,-7.5,-5.3,-3.6,-2.7,-2.2,-2.2,-2.3,-4.6,-3.9,-4.8,-6.7,-8.5,-9.2,-8.3,-6.4,654.2,655.0,655.7,655.9,655.4,654.8,653.9,653.7,657.5,655.3,653.5,652.9,654.0,655.7,657.6,655.5,653.5,652.6,653.3,655.1,655.1,655.2,655.5,655.9,656.1,656.0,655.7,655.3,694.2,695.5,697.2,698.3,698.2,696.9,695.2,694.2,694.5,693.9,693.8,694.8,697.4,700.7,703.9,700.4,697.1,694.6,693.5,693.7,696.1,696.6,697.3,697.9,697.9,697.4,696.7,696.1,368.4,29.8,825.1,-0.001,0.103,-0.084
240,0,1656521715.019,0.98,1,-0.095868,0.067773,-0.993084,-0.245366,0.065817,-0.967194,-0.172,0.068,560.1,561.5,565.2,569.2,571.1,570.0,565.9,561.9,554.5,557.2,560.8,565.0,569.2,572.4,574.6,572.3,568.9,565.1,561.1,557.4,563.9,565.6,567.3,567.9,567.1,565.4,563.7,563.1,605.8,606.8,610.0,613.7,615.6,614.6,611.4,607.4,602.3,604.6,607.8,611.6,615.1,617.6,619.2,617.9,615.6,612.5,608.9,605.2,609.2,610.8,612.2,612.6,611.8,610.2,608.7,608.3,229.8,225.8,224.0,225.5,229.3,233.7,235.2,233.7,231.8,229.6,228.1,227.2,227.7,229.3,231.5,232.9,233.5,233.9,233.8,233.2,231.5,232.2,231.4,229.6,227.9,227.3,228.1,229.8,227.7,223.9,222.2,223.4,227.0,230.8,232.6,231.6,230.2,227.8,225.9,225.0,225.5,226.7,228.6,230.1,230.9,231.3,231.3,231.2,229.2,229.8,229.0,227.4,225.8,225.2,226.0,227.7,257.2,259.0,263.4,267.8,269.6,268.1,263.3,259.0,252.5,254.5,257.7,262.1,266.9,271.1,274.3,271.0,266.5,261.9,257.9,254.7,261.7,263.6,265.5,266.3,265.5,263.6,261.7,260.9,324.9,326.6,331.1,335.8,337.9,336.2,331.7,326.7,321.0,323.3,326.9,331.8,337.0,341.5,345.0,341.7,337.4,332.7,328.0,323.9,329.6,331.6,333.6,334.4,333.4,331.4,329.4,328.6,-3.6,-8.0,-9.9,-8.3,-4.1,0.6,2.2,0.6,-1.5,-3.8,-5.5,-6.4,-5.9,-4.2,-1.8,-0.3,0.3,0.8,0.7,0.0,-1.8,-1.1,-1.9,-3.8,-5.7,-6.4,-5.5,-3.6,-6.3,-10.6,-12.6,-11.2,-7.0,-2.7,-0.7,-1.8,-3.4,-6.2,-8.3,-9.4,-8.9,-7.5,-5.2,-3.5,-2.6,-2.1,-2.1,-2.2,-4.5,-3.9,-4.7,-6.6,-8.4,-9.1,-8.2,-6.3,649.6,650.4,651.1,651.3,650.8,650.2,649.3,649.1,652.9,650.7,648.9,648.4,649.4,651.1,653.0,650.9,648.9,648.0,648.6,650.5,650.5,650.6,650.9,651.3,651.5,651.4,651.1,650.7,688.6,689.9,691.6,692.7,692.6,691.3,689.6,688.6,688.8,688.2,688.2,689.2,691.7,695.1,698.3,694.8,691.4,689.0,687.9,688.1,690.4,690.9,691.7,692.2,692.3,691.8,691.0,690.5,369.2,29.7,826.8,0.002,0.104,-0.083
241,0,1656521715.052,0.98,1,-0.095816,0.071044,-0.992861,-0.244374,0.069112,-0.967215,-0.172,0.071,560.0,561.3,565.1,569.1,571.0,569.8,565.8,561.8,554.4,557.1,560.7,564.9,569.0,572.2,574.5,572.2,568.8,564.9,561.0,557.3,563.8,565.5,567.2,567.8,567.0,565.2,563.6,563.0,605.8,606.7,610.0,613.6,615.5,614.5,611.3,607.4,602.3,604.6,607.7,611.6,615.0,617.5,619.1,617.8,615.5,612.5,608.8,605.2,609.1,610.7,612.1,612.5,611.7,610.1,608.7,608.3,229.8,225.8,224.0,225.4,229.3,233.6,235.2,233.7,231.8,229.6,228.1,227.2,227.7,229.2,231.5,232.8,233.4,233.8,233.7,233.1,231.5,232.1,231.4,229.6,227.9,227.3,228.0,229.8,227.6,223.8,222.1,223.4,226.9,230.7,232.5,231.5,230.1,227.7,225.9,224.9,225.4,226.6,228.5,230.0,230.8,231.2,231.2,231.1,229.1,229.7,228.9,227.3,225.7,225.2,225.9,227.6,257.5,259.3,263.7,268.1,269.9,268.5,263.7,259.3,252.8,254.9,258.1,262.4,267.2,271.4,274.7,271.3,266.8,262.3,258.2,255.0,262.0,263.9,265.9,266.7,265.9,264.0,262.0,261.2,326.0,327.7,332.2,336.9,339.1,337.3,332.8,327.8,322.1,324.5,328.0,332.9,338.1,342.7,346.1,342.8,338.5,333.8,329.1,325.0,330.7,332.7,334.7,335.5,334.6,332.5,330.5,329.8,-3.6,-8.0,-10.0,-8.4,-4.2,0.5,2.1,0.6,-1.5,-3.8,-5.5,-6.4,-5.9,-4.2,-1.8,-0.3,0.3,0.7,0.6,-0.0,-1.8,-1.1,-2.0,-3.9,-5.7,-6.4,-5.5,-3.6,-6.4,-10.7,-12.8,-11.3,-7.2,-2.8,-0.8,-1.9,-3.5,-6.3,-8.4,-9.4,-8.9,-7.6,-5.4,-3.7,-2.8,-2.3,-2.2,-2.4,-4.6,-4.0,-4.9,-6.8,-8.6,-9.2,-8.3,-6.4,650.7,651.6,652.3,652.4,652.0,651.4,650.4,650.2,654.1,651.9,650.1,649.5,650.5,652.3,654.1,652.1,650.0,649.2,649.8,651.7,651.7,651.7,652.1,652.4,652.6,652.6,652.2,651.9,691.0,692.3,694.0,695.2,695.0,693.8,692.1,691.0,691.3,690.7,690.6,691.6,694.2,697.5,700.7,697.3,693.9,691.4,690.3,690.6,692.9,693.4,694.1,694.7,694.7,694.2,693.5,692.9,368.5,29.6,825.2,0.003,0.104,-0.084
242,0,1656521715.086,0.98,1,-0.094992,0.067957,-0.993156,-0.244106,0.066540,-0.967463,-0.171,0.068,560.0,561.4,565.2,569.1,571.0,569.9,565.8,561.8,554.4,557.1,560.7,565.0,569.1,572.3,574.6,572.3,568.9,565.0,561.0,557.3,563.8,565.6,567.2,567.8,567.0,565.3,563.6,563.0,605.8,606.7,610.0,613.6,615.5,614.6,611.3,607.4,602.3,604.6,607.7,611.6,615.1,617.6,619.2,617.8,615.5,612.5,608.9,605.2,609.1,610.7,612.1,612.6,611.7,610.1,608.7,608.3,229.8,225.7,223.9,225.4,229.3,233.6,235.1,233.7,231.8,229.6,228.0,227.2,227.7,229.2,231.4,232.8,233.4,233.8,233.7,233.1,231.5,232.1,231.3,229.6,227.9,227.2,228.0,229.8,227.6,223.9,222.1,223.4,227.0,230.8,232.5,231.5,230.1,227.7,225.9,225.0,225.5,226.7,228.6,230.1,230.9,231.2,231.3,231.1,229.2,229.8,229.0,227.4,225.8,225.2,226.0,227.6,257.0,258.8,263.2,267.6,269.4,267.9,263.1,258.8,252.3,254.3,257.5,261.8,266.7,270.9,274.1,270.8,266.3,261.7,257.7,254.4,261.5,263.4,265.3,266.1,265.3,263.4,261.5,260.7,325.3,327.1,331.6,336.3,338.4,336.7,332.1,327.2,321.5,323.8,327.4,332.3,337.5,342.0,345.4,342.2,337.9,333.2,328.5,324.4,330.0,332.1,334.1,334.8,333.9,331.9,329.9,329.1,-3.6,-8.0,-10.0,-8.4,-4.2,0.5,2.1,0.6,-1.5,-3.8,-5.5,-6.4,-5.9,-4.3,-1.9,-0.4,0.2,0.7,0.6,-0.0,-1.8,-1.1,-2.0,-3.9,-5.7,-6.4,-5.6,-3.6,-6.3,-10.7,-12.7,-11.2,-7.1,-2.7,-0.7,-1.9,-3.5,-6.2,-8.3,-9.4,-8.9,-7.5,-5.3,-3.6,-2.7,-2.2,-2.2,-2.3,-4.6,-3.9,-4.8,-6.7,-8.5,-9.1,-8.3,-6.4,649.2,650.1,650.8,651.0,650.5,649.9,648.9,648.8,652.6,650.4,648.6,648.0,649.1,650.8,652.7,650.6,648.6,647.7,648.3,650.2,650.2,650.3,650.6,651.0,651.2,651.1,650.8,650.4,689.7,691.0,692.7,693.8,693.7,692.4,690.7,689.6,689.9,689.3,689.2,690.3,692.8,696.2,699.4,695.9,692.5,690.0,688.9,689.2,691.5,692.0,692.7,693.3,693.4,692.9,692.1,691.6,368.1,29.7,824.6,-0.001,0.103,-0.081
243,0,1656521715.119,0.98,1,-0.095101,0.070511,-0.992967,-0.242814,0.068699,-0.967637,-0.171,0.071,559.9,561.3,565.1,569.1,570.9,569.8,565.8,561.8,554.4,557.1,560.7,564.9,569.0,572.2,574.5,572.2,568.8,564.9,561.0,557.3,563.8,565.5,567.2,567.8,567.0,565.2,563.6,563.0,605.7,606.7,609.9,613.6,615.5,614.5,611.3,607.4,602.3,604.6,607.7,611.6,615.0,617.5,619.1,617.8,615.5,612.4,608.8,605.1,609.1,610.7,612.1,612.5,611.7,610.1,608.7,608.3,229.9,225.8,224.0,225.5,229.4,233.7,235.2,233.7,231.8,229.7,228.1,227.3,227.8,229.3,231.5,232.9,233.5,233.9,233.8,233.2,231.6,232.2,231.4,229.7,228.0,227.3,228.1,229.9,227.7,223.9,222.2,223.5,227.1,230.8,232.6,231.6,230.2,227.8,226.0,225.1,225.5,226.7,228.7,230.1,230.9,231.3,231.3,231.2,229.3,229.8,229.1,227.4,225.8,225.3,226.0,227.7,257.4,259.2,263.6,268.0,269.8,268.3,263.6,259.2,252.7,254.7,257.9,262.3,267.1,271.3,274.5,271.2,266.7,262.2,258.1,254.9,261.9,263.8,265.7,266.5,265.8,263.8,261.9,261.1,325.3,327.0,331.6,336.3,338.4,336.7,332.1,327.2,321.5,323.8,327.4,332.3,337.5,342.0,345.4,342.2,337.9,333.2,328.5,324.4,330.0,332.1,334.1,334.8,333.9,331.8,329.8,329.1,-3.6,-7.9,-9.9,-8.3,-4.1,0.6,2.2,0.6,-1.4,-3.8,-5.4,-6.3,-5.8,-4.2,-1.8,-0.3,0.3,0.8,0.7,0.1,-1.7,-1.0,-1.9,-3.8,-5.6,-6.3,-5.5,-3.6,-6.2,-10.6,-12.6,-11.1,-7.0,-2.7,-0.7,-1.8,-3.4,-6.1,-8.2,-9.3,-8.8,-7.4,-5.2,-3.5,-2.6,-2.1,-2.1,-2.2,-4.5,-3.8,-4.7,-6.6,-8.4,-9.1,-8.2,-6.3,650.4,651.3,652.0,652.2,651.7,651.1,650.1,650.0,653.8,651.6,649.8,649.2,650.2,652.0,653.9,651.8,649.8,648.9,649.5,651.4,651.4,651.5,651.8,652.1,652.4,652.3,652.0,651.6,689.7,691.0,692.7,693.9,693.8,692.5,690.8,689.7,690.0,689.4,689.3,690.4,692.9,696.3,699.5,696.0,692.6,690.1,689.0,689.2,691.6,692.1,692.8,693.4,693.4,692.9,692.2,691.6,367.9,29.7,824.0,0.001,0.101,-0.081
244,0,1656521715.153,0.98,1,-0.094791,0.068468,-0.993140,-0.241579,0.067132,-0.968056,-0.170,0.069,560.0,561.4,565.2,569.2,571.0,569.9,565.9,561.9,554.5,557.1,560.7,565.0,569.1,572.3,574.6,572.3,568.9,565.0,561.0,557.3,563.8,565.6,567.2,567.8,567.0,565.3,563.6,563.0,605.7,606.6,609.9,613.5,615.4,614.5,611.3,607.3,602.2,604.5,607.7,611.5,615.0,617.5,619.1,617.8,615.5,612.4,608.8,605.1,609.0,610.6,612.1,612.5,611.6,610.0,608.6,608.2,229.9,225.8,224.0,225.5,229.4,233.7,235.2,233.8,231.9,229.7,228.1,227.3,227.7,229.3,231.5,232.9,233.5,233.9,233.8,233.3,231.6,232.2,231.4,229.7,228.0,227.3,228.1,229.9,227.6,223.8,222.1,223.4,227.0,230.7,232.5,231.5,230.1,227.7,225.9,224.9,225.4,226.6,228.5,230.0,230.8,231.2,231.3,231.1,229.2,229.7,229.0,227.3,225.7,225.2,225.9,227.6,257.0,258.8,263.2,267.6,269.4,267.9,263.2,258.8,252.3,254.3,257.5,261.9,266.7,270.9,274.1,270.8,266.3,261.8,257.7,254.5,261.5,263.4,265.3,266.1,265.4,263.4,261.5,260.7,324.6,326.3,330.8,335.6,337.7,336.0,331.5,326.5,320.7,323.1,326.6,331.5,336.8,341.3,344.7,341.5,337.2,332.5,327.8,323.7,329.3,331.4,333.4,334.1,333.2,331.1,329.1,328.4,-3.5,-7.9,-9.9,-8.3,-4.1,0.6,2.2,0.7,-1.4,-3.7,-5.4,-6.4,-5.8,-4.2,-1.8,-0.3,0.4,0.8,0.7,0.1,-1.7,-1.0,-1.9,-3.8,-5.6,-6.3,-5.5,-3.5,-6.3,-10.7,-12.7,-11.3,-7.1,-2.8,-0.8,-1.9,-3.5,-6.2,-8.3,-9.4,-8.9,-7.6,-5.3,-3.6,-2.7,-2.2,-2.2,-2.3,-4.6,-3.9,-4.8,-6.7,-8.5,-9.2,-8.3,-6.4,649.3,650.1,650.8,651.0,650.5,649.9,649.0,648.8,652.6,650.5,648.6,648.1,649.1,650.8,652.7,650.6,648.6,647.7,648.4,650.2,650.2,650.3,650.6,651.0,651.2,651.1,650.8,650.4,688.3,689.6,691.3,692.5,692.4,691.1,689.4,688.3,688.5,688.0,687.9,689.0,691.5,694.9,698.1,694.6,691.2,688.7,687.6,687.8,690.2,690.7,691.4,692.0,692.0,691.5,690.8,690.2,367.8,29.7,823.7,0.000,0.100,-0.083
245,0,1656521715.187,0.98,1,-0.096559,0.067821,-0.993014,-0.245256,0.066148,-0.967199,-0.173,0.068,559.9,561.2,565.0,569.0,570.9,569.8,565.7,561.7,554.3,557.0,560.6,564.8,569.0,572.2,574.5,572.2,568.8,564.9,560.9,557.2,563.7,565.5,567.1,567.7,566.9,565.2,563.5,562.9,605.6,606.6,609.8,613.5,615.4,614.4,611.2,607.3,602.1,604.4,607.6,611.4,614.9,617.5,619.1,617.7,615.4,612.4,608.7,605.0,609.0,610.6,612.0,612.4,611.6,610.0,608.6,608.1,229.9,225.9,224.1,225.5,229.5,233.8,235.3,233.9,231.9,229.8,228.2,227.3,227.8,229.4,231.6,233.0,233.6,234.0,233.9,233.3,231.7,232.3,231.5,229.7,228.0,227.4,228.2,230.0,227.8,224.0,222.2,223.5,227.1,230.9,232.6,231.7,230.3,227.8,226.0,225.0,225.5,226.7,228.7,230.2,231.0,231.4,231.4,231.3,229.3,229.9,229.1,227.5,225.9,225.3,226.1,227.7,256.0,257.9,262.2,266.6,268.4,267.0,262.2,257.8,251.4,253.4,256.6,260.9,265.8,270.0,273.2,269.8,265.3,260.8,256.8,253.5,260.6,262.5,264.4,265.2,264.4,262.5,260.6,259.8,323.8,325.5,330.0,334.8,336.9,335.2,330.6,325.7,319.9,322.3,325.8,330.7,335.9,340.5,343.9,340.6,336.3,331.6,327.0,322.9,328.5,330.6,332.5,333.3,332.4,330.3,328.3,327.6,-3.5,-7.8,-9.8,-8.2,-4.0,0.7,2.3,0.7,-1.3,-3.7,-5.3,-6.3,-5.7,-4.1,-1.6,-0.1,0.5,0.9,0.8,0.2,-1.6,-0.9,-1.8,-3.7,-5.5,-6.2,-5.4,-3.4,-6.2,-10.5,-12.5,-11.1,-6.9,-2.6,-0.6,-1.7,-3.3,-6.1,-8.2,-9.3,-8.8,-7.4,-5.1,-3.4,-2.5,-2.0,-2.0,-2.1,-4.4,-3.7,-4.6,-6.5,-8.3,-9.0,-8.1,-6.2,647.3,648.1,648.8,649.0,648.5,647.9,646.9,646.8,650.6,648.4,646.6,646.0,647.1,648.8,650.7,648.6,646.6,645.7,646.3,648.2,648.2,648.3,648.6,649.0,649.2,649.1,648.8,648.4,686.8,688.1,689.8,690.9,690.8,689.5,687.8,686.8,687.0,686.4,686.4,687.4,689.9,693.3,696.5,693.0,689.6,687.1,686.0,686.3,688.6,689.1,689.8,690.4,690.5,690.0,689.2,688.7,368.0,29.8,824.7,0.002,0.103,-0.082
246,0,1656521715.219,0.98,1,-0.097955,0.070585,-0.992685,-0.243679,0.068770,-0.967415,-0.173,0.071,560.0,561.4,565.2,569.2,571.0,569.9,565.9,561.9,554.5,557.1,560.8,565.0,569.1,572.3,574.6,572.3,568.9,565.0,561.0,557.4,563.9,565.6,567.3,567.9,567.1,565.3,563.7,563.1,605.6,606.6,609.8,613.5,615.4,614.4,611.2,607.2,602.1,604.4,607.6,611.4,614.9,617.4,619.0,617.7,615.4,612.3,608.7,605.0,609.0,610.6,612.0,612.4,611.6,610.0,608.5,608.1,229.9,225.9,224.1,225.5,229.4,233.8,235.3,233.8,231.9,229.7,228.2,227.3,227.8,229.3,231.6,233.0,233.6,233.9,233.9,233.3,231.6,232.3,231.5,229.7,228.0,227.4,228.2,229.9,227.7,224.0,222.2,223.5,227.1,230.8,232.6,231.6,230.2,227.8,226.0,225.0,225.5,226.7,228.7,230.1,230.9,231.3,231.4,231.2,229.3,229.8,229.1,227.4,225.9,225.3,226.1,227.7,257.5,259.3,263.7,268.1,269.9,268.4,263.7,259.3,252.8,254.9,258.0,262.4,267.2,271.4,274.6,271.3,266.8,262.2,258.2,255.0,262.0,263.9,265.8,266.6,265.8,263.9,262.0,261.2,324.7,326.4,331.0,335.7,337.8,336.1,331.6,326.6,320.9,323.2,326.8,331.7,336.9,341.4,344.8,341.6,337.3,332.6,327.9,323.8,329.4,331.5,333.5,334.2,333.3,331.2,329.2,328.5,-3.5,-7.9,-9.8,-8.3,-4.0,0.6,2.3,0.7,-1.4,-3.7,-5.4,-6.3,-5.8,-4.1,-1.7,-0.2,0.4,0.8,0.8,0.1,-1.7,-1.0,-1.8,-3.7,-5.6,-6.3,-5.4,-3.5,-6.2,-10.5,-12.6,-11.1,-7.0,-2.7,-0.6,-1.7,-3.3,-6.1,-8.2,-9.3,-8.8,-7.4,-5.2,-3.5,-2.6,-2.1,-2.0,-2.2,-4.5,-3.8,-4.7,-6.6,-8.4,-9.0,-8.2,-6.3,650.5,651.3,652.0,652.1,651.7,651.1,650.1,650.0,653.8,651.6,649.8,649.2,650.2,652.0,653.8,651.8,649.8,648.9,649.6,651.4,651.4,651.5,651.8,652.1,652.3,652.3,652.0,651.6,688.8,690.0,691.8,692.9,692.8,691.5,689.8,688.8,689.0,688.4,688.3,689.4,692.0,695.3,698.5,695.1,691.7,689.2,688.1,688.3,690.6,691.1,691.9,692.4,692.5,692.0,691.2,690.7,368.3,29.8,825.1,0.003,0.105,-0.083
247,0,1656521715.253,0.98,1,-0.095591,0.067744,-0.993113,-0.242717,0.065878,-0.967858,-0.171,0.068,559.8,561.1,564.9,568.9,570.8,569.7,565.6,561.6,554.2,556.9,560.5,564.7,568.9,572.1,574.4,572.1,568.7,564.8,560.8,557.1,563.6,565.4,567.0,567.6,566.8,565.1,563.4,562.8,605.6,606.5,609.8,613.4,615.3,614.4,611.1,607.2,602.1,604.4,607.5,611.4,614.9,617.4,619.0,617.6,615.4,612.3,608.7,605.0,608.9,610.5,611.9,612.4,611.5,609.9,608.5,608.1,230.0,225.9,224.1,225.5,229.4,233.8,235.3,233.8,231.9,229.8,228.2,227.3,227.8,229.4,231.6,233.0,233.5,233.9,233.9,233.3,231.7,232.3,231.5,229.7,228.0,227.4,228.2,230.0,227.7,223.9,222.2,223.5,227.1,230.9,232.6,231.6,230.2,227.8,226.0,225.1,225.5,226.7,228.7,230.1,230.9,231.3,231.4,231.2,229.3,229.8,229.1,227.4,225.9,225.3,226.1,227.7,256.7,258.5,262.9,267.2,269.0,267.6,262.8,258.5,252.0,254.0,257.2,261.5,266.4,270.6,273.8,270.5,266.0,261.4,257.4,254.2,261.2,263.1,265.0,265.8,265.0,263.1,261.2,260.4,324.5,326.2,330.8,335.5,337.6,335.9,331.3,326.4,320.6,323.0,326.6,331.5,336.7,341.2,344.6,341.4,337.1,332.4,327.7,323.6,329.2,331.3,333.3,334.0,333.1,331.0,329.0,328.3,-3.5,-7.8,-9.8,-8.2,-4.0,0.7,2.3,0.7,-1.3,-3.6,-5.3,-6.3,-5.7,-4.1,-1.7,-0.2,0.4,0.8,0.8,0.2,-1.6,-0.9,-1.8,-3.7,-5.6,-6.2,-5.4,-3.5,-6.2,-10.5,-12.6,-11.1,-7.0,-2.6,-0.6,-1.7,-3.4,-6.1,-8.2,-9.3,-8.8,-7.4,-5.2,-3.5,-2.6,-2.1,-2.1,-2.2,-4.4,-3.8,-4.7,-6.6,-8.4,-9.0,-8.1,-6.2,649.1,649.9,650.6,650.8,650.3,649.7,648.7,648.6,652.4,650.2,648.4,647.8,648.9,650.6,652.5,650.4,648.4,647.5,648.1,650.0,650.0,650.1,650.4,650.8,651.0,650.9,650.6,650.2,688.4,689.7,691.4,692.6,692.4,691.1,689.4,688.4,688.6,688.0,688.0,689.0,691.6,694.9,698.1,694.7,691.3,688.8,687.7,687.9,690.2,690.7,691.5,692.1,692.1,691.6,690.9,690.3,367.3,29.8,823.1,-0.002,0.102,-0.082
248,0,1656521715.286,0.98,1,-0.096192,0.067782,-0.993052,-0.244713,0.065759,-0.967363,-0.172,0.068,559.9,561.3,565.1,569.1,570.9,569.8,565.7,561.7,554.3,557.0,560.6,564.9,569.0,572.2,574.5,572.2,568.8,564.9,560.9,557.2,563.7,565.5,567.1,567.7,566.9,565.2,563.5,562.9,605.6,606.6,609.8,613.5,615.4,614.4,611.2,607.2,602.1,604.4,607.6,611.4,614.9,617.4,619.0,617.7,615.4,612.3,608.7,605.0,609.0,610.6,612.0,612.4,611.6,610.0,608.6,608.1,229.9,225.9,224.0,225.5,229.4,233.8,235.3,233.8,231.9,229.7,228.1,227.3,227.8,229.3,231.6,233.0,233.6,234.0,233.9,233.3,231.6,232.3,231.5,229.7,228.0,227.4,228.2,229.9,227.7,224.0,222.2,223.5,227.1,230.9,232.6,231.7,230.3,227.8,226.0,225.0,225.5,226.7,228.7,230.2,231.0,231.4,231.4,231.3,229.3,229.9,229.1,227.4,225.9,225.3,226.1,227.7,256.2,258.0,262.4,266.7,268.5,267.1,262.3,258.0,251.5,253.5,256.7,261.0,265.9,270.1,273.3,269.9,265.4,260.9,256.9,253.7,260.7,262.6,264.5,265.3,264.5,262.6,260.7,259.9,323.9,325.6,330.1,334.9,337.0,335.3,330.7,325.8,320.0,322.4,325.9,330.8,336.0,340.6,344.0,340.8,336.5,331.8,327.1,323.0,328.6,330.7,332.7,333.4,332.5,330.4,328.4,327.7,-3.5,-7.8,-9.8,-8.2,-4.0,0.7,2.3,0.7,-1.4,-3.7,-5.4,-6.3,-5.8,-4.1,-1.7,-0.2,0.4,0.9,0.8,0.2,-1.6,-1.0,-1.8,-3.7,-5.6,-6.3,-5.4,-3.5,-6.2,-10.5,-12.6,-11.1,-7.0,-2.6,-0.6,-1.7,-3.3,-6.1,-8.2,-9.3,-8.8,-7.4,-5.2,-3.5,-2.5,-2.0,-2.0,-2.2,-4.4,-3.8,-4.7,-6.6,-8.4,-9.0,-8.1,-6.2,647.5,648.4,649.1,649.2,648.8,648.2,647.2,647.0,650.9,648.7,646.9,646.3,647.3,649.1,650.9,648.9,646.8,646.0,646.6,648.5,648.5,648.5,648.9,649.2,649.4,649.4,649.0,648.7,687.0,688.3,690.0,691.2,691.0,689.7,688.0,687.0,687.3,686.7,686.6,687.7,690.2,693.5,696.7,693.3,689.9,687.4,686.3,686.5,688.9,689.4,690.1,690.7,690.7,690.2,689.5,688.9,368.2,29.8,824.9,0.001,0.103,-0.081
249,0,1656521715.320,0.98,1,-0.093900,0.069300,-0.993167,-0.243268,0.067676,-0.967595,-0.170,0.070,559.8,561.2,565.0,569.0,570.8,569.7,565.7,561.7,554.2,556.9,560.6,564.8,568.9,572.1,574.4,572.1,568.7,564.8,560.8,557.1,563.6,565.4,567.0,567.6,566.8,565.1,563.4,562.8,605.5,606.5,609.7,613.3,615.2,614.3,611.1,607.1,602.0,604.3,607.5,611.3,614.8,617.3,618.9,617.6,615.3,612.2,608.6,604.9,608.9,610.4,611.9,612.3,611.5,609.9,608.4,608.0,229.9,225.9,224.0,225.5,229.4,233.7,235.2,233.8,231.9,229.7,228.2,227.3,227.8,229.3,231.6,232.9,233.5,233.9,233.8,233.3,231.6,232.2,231.5,229.7,228.0,227.3,228.1,229.9,227.7,224.0,222.2,223.5,227.1,230.8,232.6,231.6,230.2,227.8,226.0,225.0,225.5,226.7,228.7,230.1,230.9,231.3,231.4,231.2,229.3,229.8,229.1,227.4,225.9,225.3,226.1,227.7,256.9,258.7,263.1,267.5,269.3,267.9,263.1,258.7,252.2,254.2,257.5,261.8,266.7,270.8,274.1,270.7,266.2,261.7,257.6,254.4,261.4,263.3,265.3,266.1,265.3,263.4,261.4,260.6,325.5,327.2,331.7,336.4,338.6,336.8,332.3,327.3,321.6,324.0,327.5,332.4,337.6,342.2,345.6,342.3,338.0,333.3,328.7,324.6,330.2,332.2,334.2,335.0,334.1,332.0,330.0,329.3,-3.5,-7.9,-9.9,-8.3,-4.1,0.6,2.3,0.7,-1.4,-3.7,-5.4,-6.3,-5.8,-4.1,-1.7,-0.2,0.4,0.8,0.7,0.1,-1.7,-1.0,-1.8,-3.8,-5.6,-6.3,-5.4,-3.5,-6.2,-10.6,-12.6,-11.1,-7.0,-2.7,-0.7,-1.8,-3.4,-6.1,-8.2,-9.3,-8.8,-7.4,-5.2,-3.5,-2.6,-2.1,-2.1,-2.2,-4.5,-3.8,-4.7,-6.6,-8.4,-9.1,-8.2,-6.3,649.6,650.4,651.2,651.4,650.9,650.3,649.3,649.1,652.9,650.7,648.9,648.4,649.4,651.2,653.1,651.0,648.9,648.0,648.7,650.5,650.5,650.6,651.0,651.3,651.5,651.5,651.1,650.8,690.6,691.9,693.6,694.7,694.6,693.3,691.6,690.6,690.9,690.2,690.2,691.2,693.8,697.1,700.3,696.8,693.4,691.0,689.9,690.1,692.4,692.9,693.7,694.2,694.3,693.8,693.1,692.5,367.7,29.8,824.2,0.001,0.101,-0.080
250,0,1656521715.353,0.98,1,-0.098257,0.070743,-0.992643,-0.244131,0.069147,-0.967274,-0.173,0.071,559.7,561.1,564.9,568.9,570.7,569.6,565.6,561.6,554.2,556.8,560.5,564.7,568.8,572.0,574.3,572.0,568.6,564.7,560.7,557.0,563.6,565.3,567.0,567.6,566.8,565.0,563.4,562.7,605.5,606.4,609.7,613.3,615.2,614.3,611.0,607.1,602.0,604.3,607.5,611.3,614.8,617.3,618.9,617.6,615.3,612.2,608.6,604.9,608.8,610.4,611.8,612.3,611.4,609.8,608.4,608.0,229.9,225.9,224.1,225.5,229.4,233.8,235.3,233.8,231.9,229.8,228.2,227.3,227.8,229.4,231.6,233.0,233.6,234.0,233.9,233.3,231.7,232.3,231.5,229.7,228.0,227.4,228.2,229.9,227.8,224.0,222.2,223.6,227.2,230.9,232.7,231.7,230.3,227.9,226.1,225.1,225.6,226.8,228.8,230.2,231.0,231.4,231.4,231.3,229.4,229.9,229.2,227.5,225.9,225.4,226.1,227.8,256.5,258.3,262.6,267.0,268.8,267.4,262.6,258.3,251.8,253.8,257.0,261.3,266.2,270.4,273.6,270.2,265.7,261.2,257.2,254.0,261.0,262.9,264.8,265.6,264.8,262.9,261.0,260.2,323.6,325.3,329.9,334.6,336.7,335.0,330.4,325.5,319.8,322.1,325.7,330.6,335.8,340.3,343.7,340.5,336.2,331.5,326.8,322.7,328.3,330.4,332.4,333.1,332.2,330.1,328.2,327.4,-3.5,-7.8,-9.8,-8.2,-4.0,0.7,2.3,0.7,-1.3,-3.7,-5.3,-6.3,-5.7,-4.1,-1.7,-0.2,0.4,0.9,0.8,0.2,-1.6,-0.9,-1.8,-3.7,-5.6,-6.2,-5.4,-3.5,-6.1,-10.5,-12.5,-11.0,-6.9,-2.5,-0.5,-1.6,-3.3,-6.0,-8.1,-9.2,-8.7,-7.3,-5.1,-3.4,-2.5,-2.0,-2.0,-2.1,-4.4,-3.7,-4.6,-6.5,-8.3,-8.9,-8.1,-6.2,648.7,649.5,650.2,650.4,649.9,649.3,648.4,648.2,652.1,649.9,648.1,647.5,648.5,650.2,652.1,650.0,648.0,647.1,647.8,649.7,649.7,649.7,650.0,650.4,650.6,650.5,650.2,649.9,686.8,688.1,689.8,690.9,690.8,689.5,687.8,686.8,687.0,686.4,686.4,687.4,690.0,693.3,696.5,693.0,689.6,687.2,686.1,686.3,688.6,689.1,689.9,690.4,690.5,690.0,689.2,688.7,367.3,29.8,823.4,0.001,0.104,-0.081
251,0,1656521715.386,0.98,1,-0.090110,0.068386,-0.993581,-0.242342,0.066907,-0.967881,-0.168,0.069,559.7,561.1,564.9,568.9,570.8,569.6,565.6,561.6,554.1,556.8,560.5,564.7,568.9,572.1,574.3,572.0,568.6,564.7,560.7,557.0,563.6,565.3,567.0,567.6,566.8,565.0,563.4,562.8,605.6,606.5,609.8,613.4,615.3,614.4,611.1,607.2,602.1,604.4,607.5,611.4,614.8,617.4,619.0,617.6,615.3,612.3,608.7,605.0,608.9,610.5,611.9,612.3,611.5,609.9,608.5,608.1,229.8,225.8,224.0,225.4,229.4,233.7,235.2,233.7,231.8,229.6,228.1,227.2,227.7,229.3,231.5,232.9,233.4,233.8,233.7,233.2,231.5,232.2,231.4,229.6,227.9,227.3,228.1,229.8,227.7,224.0,222.2,223.5,227.1,230.9,232.6,231.6,230.2,227.8,226.0,225.1,225.5,226.8,228.7,230.1,230.9,231.3,231.4,231.2,229.3,229.8,229.1,227.4,225.9,225.3,226.1,227.7,256.1,258.0,262.4,266.8,268.6,267.1,262.3,257.9,251.4,253.5,256.7,261.1,265.9,270.1,273.3,269.9,265.4,260.9,256.8,253.6,260.7,262.6,264.5,265.3,264.5,262.6,260.7,259.9,324.9,326.6,331.1,335.9,338.0,336.2,331.7,326.7,321.0,323.4,326.9,331.8,337.0,341.6,345.0,341.7,337.4,332.7,328.1,323.9,329.6,331.6,333.6,334.4,333.5,331.4,329.4,328.7,-3.6,-8.0,-9.9,-8.3,-4.1,0.6,2.2,0.6,-1.5,-3.8,-5.5,-6.4,-5.8,-4.2,-1.8,-0.3,0.3,0.7,0.6,0.0,-1.7,-1.0,-1.9,-3.8,-5.6,-6.3,-5.5,-3.6,-6.2,-10.6,-12.6,-11.1,-7.0,-2.6,-0.6,-1.7,-3.4,-6.1,-8.2,-9.3,-8.8,-7.4,-5.2,-3.5,-2.6,-2.1,-2.1,-2.2,-4.5,-3.8,-4.7,-6.6,-8.4,-9.0,-8.1,-6.3,647.8,648.7,649.5,649.7,649.2,648.6,647.5,647.3,651.1,649.0,647.2,646.7,647.8,649.5,651.4,649.3,647.2,646.3,646.9,648.7,648.8,648.9,649.2,649.6,649.8,649.8,649.4,649.0,689.2,690.5,692.2,693.4,693.2,691.9,690.2,689.2,689.4,688.8,688.8,689.8,692.4,695.7,698.9,695.4,692.0,689.6,688.5,688.7,691.0,691.5,692.3,692.9,692.9,692.4,691.7,691.1,366.7,29.7,822.4,0.000,0.097,-0.076
252,0,1656521715.419,0.98,1,-0.090210,0.068950,-0.993533,-0.239367,0.067736,-0.968563,-0.166,0.070,559.6,561.0,564.8,568.8,570.6,569.5,565.5,561.5,554.0,556.7,560.4,564.6,568.7,571.9,574.2,571.9,568.5,564.6,560.6,556.9,563.5,565.2,566.9,567.5,566.6,564.9,563.2,562.6,605.5,606.4,609.7,613.3,615.2,614.2,611.0,607.1,602.0,604.3,607.4,611.3,614.7,617.2,618.8,617.5,615.2,612.2,608.6,604.9,608.8,610.4,611.8,612.2,611.4,609.8,608.4,608.0,229.9,225.8,224.0,225.5,229.4,233.7,235.2,233.8,231.9,229.7,228.2,227.3,227.8,229.3,231.5,232.9,233.5,233.9,233.8,233.2,231.6,232.2,231.4,229.7,228.0,227.3,228.1,229.9,227.7,223.9,222.2,223.5,227.0,230.8,232.5,231.6,230.2,227.8,225.9,225.0,225.5,226.7,228.6,230.1,230.9,231.3,231.3,231.2,229.2,229.8,229.0,227.4,225.8,225.2,226.0,227.7,256.6,258.4,262.8,267.2,269.0,267.6,262.8,258.4,251.9,254.0,257.2,261.5,266.4,270.6,273.8,270.4,266.0,261.4,257.4,254.1,261.2,263.1,265.0,265.8,265.0,263.1,261.2,260.4,325.6,327.3,331.8,336.6,338.7,337.0,332.4,327.4,321.7,324.1,327.6,332.5,337.7,342.3,345.7,342.4,338.1,333.4,328.8,324.6,330.3,332.3,334.3,335.1,334.2,332.1,330.1,329.4,-3.5,-7.9,-9.9,-8.3,-4.1,0.6,2.2,0.7,-1.4,-3.7,-5.4,-6.3,-5.8,-4.2,-1.8,-0.3,0.3,0.8,0.7,0.1,-1.7,-1.0,-1.9,-3.8,-5.6,-6.3,-5.4,-3.5,-6.3,-10.6,-12.7,-11.2,-7.1,-2.7,-0.7,-1.8,-3.4,-6.2,-8.3,-9.3,-8.8,-7.5,-5.3,-3.6,-2.6,-2.2,-2.1,-2.3,-4.5,-3.9,-4.8,-6.7,-8.5,-9.1,-8.2,-6.3,649.4,650.3,651.0,651.2,650.7,650.1,649.1,648.9,652.7,650.5,648.8,648.2,649.3,651.1,652.9,650.9,648.8,647.9,648.5,650.3,650.4,650.5,650.8,651.2,651.4,651.3,651.0,650.6,690.9,692.2,693.9,695.1,695.0,693.7,691.9,690.9,691.1,690.5,690.5,691.5,694.1,697.5,700.7,697.2,693.8,691.3,690.2,690.4,692.8,693.3,694.0,694.6,694.6,694.1,693.4,692.8,366.3,29.8,821.3,-0.002,0.096,-0.079
253,0,1656521715.453,0.98,1,-0.097165,0.070473,-0.992770,-0.244433,0.068782,-0.967224,-0.173,0.071,559.6,561.0,564.8,568.8,570.7,569.5,565.5,561.5,554.1,556.8,560.4,564.6,568.8,572.0,574.2,571.9,568.5,564.6,560.7,557.0,563.5,565.2,566.9,567.5,566.7,564.9,563.3,562.7,605.5,606.4,609.7,613.3,615.2,614.3,611.0,607.1,602.0,604.3,607.4,611.3,614.7,617.3,618.9,617.5,615.2,612.2,608.5,604.8,608.8,610.4,611.8,612.2,611.4,609.8,608.4,608.0,229.9,225.9,224.0,225.5,229.4,233.7,235.3,233.8,231.9,229.7,228.2,227.3,227.8,229.3,231.6,233.0,233.5,233.9,233.9,233.3,231.6,232.2,231.5,229.7,228.0,227.3,228.1,229.9,227.8,224.0,222.2,223.5,227.1,230.9,232.7,231.7,230.3,227.8,226.0,225.1,225.6,226.8,228.7,230.2,231.0,231.4,231.4,231.3,229.3,229.9,229.1,227.5,225.9,225.3,226.1,227.7,256.5,258.3,262.7,267.0,268.8,267.4,262.6,258.3,251.8,253.8,257.0,261.3,266.2,270.4,273.6,270.2,265.7,261.2,257.2,254.0,261.0,262.9,264.8,265.6,264.8,262.9,261.0,260.2,324.6,326.3,330.8,335.5,337.6,335.9,331.4,326.4,320.7,323.0,326.6,331.5,336.7,341.2,344.6,341.4,337.1,332.4,327.7,323.6,329.3,331.3,333.3,334.1,333.1,331.1,329.1,328.3,-3.5,-7.9,-9.9,-8.3,-4.1,0.6,2.3,0.7,-1.4,-3.7,-5.4,-6.3,-5.8,-4.1,-1.7,-0.2,0.4,0.8,0.7,0.1,-1.7,-1.0,-1.8,-3.8,-5.6,-6.3,-5.4,-3.5,-6.2,-10.5,-12.5,-11.1,-6.9,-2.6,-0.6,-1.7,-3.3,-6.1,-8.2,-9.2,-8.7,-7.4,-5.1,-3.4,-2.5,-2.0,-2.0,-2.2,-4.4,-3.8,-4.6,-6.5,-8.3,-9.0,-8.1,-6.2,648.9,649.7,650.4,650.6,650.1,649.6,648.6,648.4,652.3,650.1,648.3,647.7,648.7,650.4,652.3,650.2,648.2,647.3,648.0,649.9,649.8,649.9,650.2,650.6,650.8,650.7,650.4,650.1,688.8,690.1,691.8,692.9,692.8,691.5,689.8,688.8,689.0,688.4,688.3,689.4,691.9,695.3,698.5,695.0,691.6,689.1,688.1,688.3,690.6,691.1,691.8,692.4,692.5,692.0,691.2,690.7,367.4,29.8,823.8,0.003,0.103,-0.080
254,0,1656521715.486,0.98,1,-0.093740,0.066812,-0.993352,-0.243103,0.065581,-0.967781,-0.170,0.067,559.7,561.1,564.9,568.9,570.8,569.6,565.6,561.6,554.1,556.8,560.5,564.7,568.9,572.1,574.3,572.0,568.6,564.7,560.7,557.0,563.6,565.3,567.0,567.6,566.8,565.0,563.4,562.8,605.5,606.4,609.7,613.3,615.2,614.3,611.0,607.1,602.0,604.3,607.4,611.3,614.7,617.3,618.9,617.5,615.2,612.2,608.6,604.9,608.8,610.4,611.8,612.2,611.4,609.8,608.4,608.0,230.0,225.9,224.1,225.6,229.5,233.8,235.4,233.9,232.0,229.8,228.2,227.3,227.9,229.4,231.7,233.1,233.6,234.0,233.9,233.4,231.7,232.3,231.5,229.8,228.1,227.4,228.2,230.0,227.8,224.0,222.3,223.6,227.2,230.9,232.7,231.7,230.4,227.9,226.0,225.1,225.6,226.8,228.8,230.2,231.0,231.5,231.5,231.4,229.4,229.9,229.2,227.5,226.0,225.4,226.2,227.8,256.0,257.8,262.2,266.6,268.4,266.9,262.1,257.8,251.3,253.3,256.5,260.9,265.7,269.9,273.1,269.8,265.3,260.8,256.7,253.5,260.5,262.4,264.3,265.1,264.4,262.4,260.5,259.7,324.2,325.9,330.4,335.1,337.3,335.5,331.0,326.0,320.3,322.6,326.2,331.1,336.3,340.8,344.2,341.0,336.7,332.0,327.4,323.2,328.9,330.9,332.9,333.7,332.7,330.7,328.7,327.9,-3.4,-7.8,-9.7,-8.2,-3.9,0.7,2.4,0.8,-1.3,-3.6,-5.3,-6.2,-5.7,-4.0,-1.6,-0.1,0.5,0.9,0.8,0.2,-1.6,-0.9,-1.7,-3.6,-5.5,-6.2,-5.3,-3.4,-6.1,-10.4,-12.5,-11.0,-6.9,-2.5,-0.5,-1.6,-3.2,-6.0,-8.1,-9.2,-8.7,-7.3,-5.1,-3.4,-2.4,-1.9,-1.9,-2.1,-4.3,-3.7,-4.6,-6.5,-8.3,-8.9,-8.0,-6.1,647.5,648.4,649.1,649.3,648.8,648.2,647.2,647.0,650.8,648.6,646.9,646.3,647.4,649.1,651.0,648.9,646.8,645.9,646.6,648.4,648.4,648.5,648.9,649.2,649.4,649.4,649.0,648.7,688.0,689.3,691.0,692.1,692.0,690.7,689.0,687.9,688.2,687.6,687.5,688.6,691.1,694.5,697.7,694.2,690.8,688.3,687.2,687.5,689.8,690.3,691.0,691.6,691.7,691.2,690.4,689.9,367.8,29.8,824.7,0.001,0.100,-0.080
255,0,1656521715.519,0.98,1,-0.093664,0.070540,-0.993102,-0.241802,0.068762,-0.967886,-0.169,0.071,559.7,561.1,564.9,568.9,570.7,569.6,565.5,561.5,554.1,556.8,560.4,564.7,568.8,572.0,574.3,572.0,568.6,564.7,560.7,557.0,563.5,565.3,566.9,567.5,566.7,565.0,563.3,562.7,605.5,606.5,609.7,613.4,615.3,614.3,611.1,607.2,602.0,604.3,607.5,611.4,614.8,617.3,618.9,617.6,615.3,612.3,608.6,604.9,608.9,610.5,611.9,612.3,611.5,609.9,608.5,608.1,229.9,225.8,224.0,225.5,229.4,233.8,235.3,233.8,231.9,229.7,228.2,227.3,227.8,229.3,231.6,233.0,233.5,233.9,233.8,233.3,231.6,232.3,231.5,229.7,228.0,227.3,228.1,229.9,227.7,223.9,222.1,223.4,227.0,230.8,232.6,231.6,230.2,227.8,225.9,225.0,225.5,226.7,228.6,230.1,230.9,231.3,231.3,231.2,229.2,229.8,229.0,227.4,225.8,225.2,226.0,227.7,255.9,257.7,262.1,266.5,268.3,266.8,262.0,257.7,251.2,253.2,256.4,260.7,265.6,269.8,273.0,269.7,265.2,260.6,256.6,253.3,260.4,262.3,264.2,265.0,264.2,262.3,260.4,259.6,323.7,325.4,329.9,334.6,336.8,335.0,330.5,325.5,319.8,322.1,325.7,330.6,335.8,340.3,343.7,340.5,336.2,331.5,326.9,322.7,328.4,330.4,332.4,333.2,332.2,330.2,328.2,327.4,-3.5,-7.9,-9.8,-8.2,-4.0,0.7,2.3,0.7,-1.4,-3.7,-5.4,-6.3,-5.8,-4.1,-1.7,-0.2,0.4,0.8,0.7,0.1,-1.7,-1.0,-1.8,-3.7,-5.6,-6.3,-5.4,-3.5,-6.2,-10.6,-12.6,-11.2,-7.0,-2.7,-0.7,-1.8,-3.4,-6.1,-8.2,-9.3,-8.8,-7.5,-5.2,-3.5,-2.6,-2.1,-2.1,-2.2,-4.5,-3.8,-4.7,-6.6,-8.4,-9.1,-8.2,-6.3,647.3,648.2,648.9,649.1,648.6,648.0,647.0,646.8,650.7,648.5,646.7,646.1,647.2,648.9,650.8,648.7,646.6,645.8,646.4,648.2,648.3,648.4,648.7,649.0,649.3,649.2,648.9,648.5,686.7,688.0,689.7,690.9,690.8,689.5,687.7,686.7,686.9,686.3,686.3,687.3,689.9,693.3,696.5,693.0,689.6,687.1,686.0,686.2,688.6,689.1,689.8,690.4,690.4,689.9,689.2,688.6,366.7,29.8,822.2,0.002,0.101,-0.081
256,0,1656521715.553,0.98,1,-0.095022,0.070055,-0.993007,-0.241737,0.067769,-0.967972,-0.170,0.070,559.7,561.1,564.9,568.9,570.8,569.6,565.6,561.6,554.2,556.8,560.5,564.7,568.9,572.1,574.3,572.0,568.6,564.7,560.7,557.0,563.6,565.3,567.0,567.6,566.8,565.0,563.4,562.8,605.5,606.5,609.7,613.4,615.3,614.3,611.1,607.1,602.0,604.3,607.5,611.4,614.8,617.3,618.9,617.6,615.3,612.2,608.6,604.9,608.9,610.5,611.9,612.3,611.5,609.9,608.5,608.0,229.9,225.9,224.1,225.5,229.4,233.8,235.3,233.8,231.9,229.7,228.2,227.3,227.8,229.4,231.6,233.0,233.6,233.9,233.9,233.3,231.6,232.3,231.5,229.7,228.0,227.4,228.2,229.9,227.8,224.0,222.3,223.6,227.2,231.0,232.7,231.8,230.3,227.9,226.1,225.2,225.6,226.9,228.8,230.3,231.1,231.5,231.5,231.3,229.4,230.0,229.2,227.5,226.0,225.4,226.2,227.8,256.3,258.1,262.5,266.8,268.6,267.2,262.4,258.1,251.6,253.6,256.8,261.1,266.0,270.2,273.4,270.0,265.5,261.0,257.0,253.7,260.8,262.7,264.6,265.4,264.6,262.7,260.8,260.0,323.6,325.4,329.9,334.6,336.7,335.0,330.5,325.5,319.8,322.1,325.7,330.6,335.8,340.3,343.7,340.5,336.2,331.5,326.8,322.7,328.3,330.4,332.4,333.1,332.2,330.2,328.2,327.4,-3.5,-7.9,-9.8,-8.2,-4.0,0.7,2.3,0.7,-1.4,-3.7,-5.4,-6.3,-5.8,-4.1,-1.7,-0.2,0.4,0.8,0.8,0.1,-1.6,-0.9,-1.8,-3.7,-5.6,-6.3,-5.4,-3.5,-6.1,-10.4,-12.4,-11.0,-6.8,-2.5,-0.5,-1.6,-3.2,-6.0,-8.1,-9.1,-8.6,-7.2,-5.0,-3.3,-2.4,-1.9,-1.9,-2.1,-4.3,-3.7,-4.5,-6.4,-8.2,-8.9,-8.0,-6.1,648.1,649.0,649.7,649.9,649.4,648.8,647.8,647.7,651.5,649.3,647.5,646.9,648.0,649.7,651.6,649.5,647.5,646.6,647.2,649.1,649.1,649.2,649.5,649.9,650.1,650.0,649.7,649.3,686.7,688.0,689.7,690.9,690.8,689.5,687.7,686.7,686.9,686.3,686.3,687.3,689.9,693.3,696.5,693.0,689.6,687.1,686.0,686.2,688.5,689.0,689.8,690.4,690.4,689.9,689.2,688.6,366.8,29.8,822.4,0.001,0.101,-0.079
257,0,1656521715.586,0.98,1,-0.091214,0.067462,-0.993544,-0.240986,0.066458,-0.968251,-0.168,0.068,559.6,561.0,564.8,568.8,570.7,569.6,565.5,561.5,554.0,556.7,560.4,564.6,568.8,572.0,574.2,571.9,568.5,564.6,560.6,556.9,563.5,565.2,566.9,567.5,566.7,564.9,563.3,562.7,605.6,606.5,609.8,613.4,615.3,614.4,611.1,607.2,602.1,604.4,607.5,611.4,614.9,617.4,619.0,617.6,615.3,612.3,608.7,605.0,608.9,610.5,611.9,612.3,611.5,609.9,608.5,608.1,230.0,225.9,224.1,225.6,229.5,233.9,235.4,233.9,232.0,229.8,228.2,227.4,227.9,229.4,231.7,233.1,233.6,234.0,233.9,233.4,231.7,232.3,231.5,229.8,228.1,227.4,228.2,230.0,227.8,224.0,222.3,223.6,227.2,230.9,232.7,231.7,230.3,227.9,226.0,225.1,225.6,226.8,228.8,230.2,231.0,231.4,231.5,231.3,229.4,229.9,229.2,227.5,225.9,225.4,226.1,227.8,255.3,257.2,261.5,265.9,267.7,266.3,261.5,257.1,250.6,252.7,255.9,260.2,265.1,269.3,272.5,269.1,264.6,260.1,256.1,252.8,259.9,261.8,263.7,264.5,263.7,261.8,259.9,259.1,324.2,325.9,330.5,335.2,337.3,335.6,331.1,326.1,320.4,322.7,326.3,331.2,336.4,340.9,344.3,341.1,336.8,332.1,327.4,323.3,328.9,331.0,333.0,333.7,332.8,330.7,328.8,328.0,-3.4,-7.8,-9.7,-8.2,-3.9,0.7,2.4,0.8,-1.3,-3.6,-5.3,-6.2,-5.7,-4.0,-1.6,-0.1,0.5,0.9,0.8,0.2,-1.6,-0.9,-1.7,-3.6,-5.5,-6.2,-5.3,-3.4,-6.1,-10.5,-12.5,-11.0,-6.9,-2.5,-0.5,-1.7,-3.3,-6.0,-8.1,-9.2,-8.7,-7.3,-5.1,-3.4,-2.4,-2.0,-1.9,-2.1,-4.4,-3.7,-4.6,-6.5,-8.3,-8.9,-8.1,-6.2,646.1,647.0,647.7,647.9,647.5,646.9,645.9,645.7,649.5,647.3,645.5,645.0,646.0,647.8,649.6,647.6,645.5,644.6,645.2,647.1,647.1,647.2,647.5,647.9,648.1,648.0,647.7,647.3,687.8,689.1,690.9,692.0,691.9,690.6,688.9,687.8,688.1,687.5,687.4,688.5,691.0,694.4,697.6,694.1,690.7,688.2,687.1,687.3,689.7,690.2,690.9,691.5,691.6,691.1,690.3,689.7,367.1,29.8,823.2,-0.001,0.097,-0.078
258,0,1656521715.619,0.98,1,-0.095641,0.067607,-0.993117,-0.243467,0.065077,-0.967724,-0.171,0.068,559.6,561.0,564.8,568.8,570.6,569.5,565.4,561.4,554.0,556.7,560.3,564.6,568.7,571.9,574.2,571.9,568.5,564.6,560.6,556.9,563.4,565.2,566.8,567.4,566.6,564.9,563.2,562.6,605.4,606.4,609.6,613.3,615.2,614.2,611.0,607.0,601.9,604.2,607.4,611.2,614.7,617.2,618.8,617.5,615.2,612.1,608.5,604.8,608.8,610.4,611.8,612.2,611.4,609.8,608.4,607.9,229.9,225.8,224.0,225.5,229.4,233.7,235.2,233.8,231.8,229.7,228.1,227.3,227.8,229.3,231.6,232.9,233.5,233.9,233.8,233.2,231.6,232.2,231.4,229.7,228.0,227.3,228.1,229.9,227.8,224.0,222.2,223.5,227.1,230.9,232.7,231.7,230.3,227.9,226.0,225.1,225.6,226.8,228.7,230.2,231.0,231.4,231.4,231.3,229.3,229.9,229.1,227.5,225.9,225.3,226.1,227.7,256.4,258.2,262.6,267.0,268.8,267.3,262.6,258.2,251.7,253.8,257.0,261.3,266.1,270.3,273.5,270.2,265.7,261.1,257.1,253.9,260.9,262.8,264.8,265.6,264.8,262.9,260.9,260.1,323.8,325.5,330.0,334.7,336.9,335.1,330.6,325.6,319.9,322.3,325.8,330.7,335.9,340.5,343.9,340.6,336.3,331.6,326.9,322.8,328.5,330.5,332.5,333.3,332.3,330.3,328.3,327.5,-3.6,-7.9,-9.9,-8.3,-4.1,0.6,2.2,0.6,-1.4,-3.7,-5.4,-6.3,-5.8,-4.1,-1.7,-0.2,0.3,0.8,0.7,0.1,-1.7,-1.0,-1.9,-3.8,-5.6,-6.3,-5.4,-3.5,-6.2,-10.5,-12.5,-11.1,-6.9,-2.6,-0.6,-1.7,-3.3,-6.1,-8.1,-9.2,-8.7,-7.3,-5.1,-3.4,-2.5,-2.1,-2.0,-2.2,-4.4,-3.7,-4.6,-6.5,-8.3,-9.0,-8.1,-6.2,648.9,649.8,650.5,650.6,650.1,649.5,648.6,648.4,652.3,650.1,648.3,647.7,648.7,650.4,652.3,650.2,648.2,647.3,647.9,649.8,649.8,649.9,650.2,650.6,650.8,650.7,650.4,650.1,687.2,688.5,690.3,691.4,691.3,689.9,688.2,687.2,687.4,686.9,686.8,687.9,690.4,693.7,697.0,693.5,690.1,687.6,686.5,686.7,689.1,689.5,690.3,690.9,690.9,690.5,689.7,689.1,366.6,29.9,822.1,-0.002,0.102,-0.080
259,0,1656521715.653,0.98,1,-0.092464,0.067714,-0.993411,-0.241146,0.065796,-0.968256,-0.168,0.068,559.6,561.0,564.8,568.8,570.6,569.5,565.5,561.5,554.0,556.7,560.4,564.6,568.7,571.9,574.2,571.9,568.5,564.6,560.6,556.9,563.4,565.2,566.8,567.5,566.6,564.9,563.2,562.6,605.5,606.4,609.7,613.3,615.2,614.2,611.0,607.1,602.0,604.3,607.4,611.3,614.7,617.2,618.8,617.5,615.2,612.2,608.5,604.9,608.8,610.4,611.8,612.2,611.4,609.8,608.4,608.0,229.9,225.9,224.1,225.5,229.4,233.8,235.3,233.8,231.9,229.7,228.2,227.3,227.8,229.4,231.6,233.0,233.5,233.9,233.9,233.3,231.6,232.3,231.5,229.7,228.0,227.4,228.2,229.9,227.7,224.0,222.2,223.5,227.1,230.9,232.6,231.7,230.3,227.8,226.0,225.1,225.5,226.8,228.7,230.2,231.0,231.4,231.4,231.3,229.3,229.9,229.1,227.5,225.9,225.3,226.1,227.7,256.5,258.3,262.7,267.1,268.9,267.4,262.7,258.3,251.8,253.8,257.0,261.4,266.2,270.4,273.6,270.3,265.8,261.2,257.2,254.0,261.0,262.9,264.8,265.6,264.8,262.9,261.0,260.2,325.0,326.7,331.2,335.9,338.0,336.3,331.8,326.8,321.1,323.4,327.0,331.9,337.1,341.6,345.0,341.8,337.5,332.8,328.1,324.0,329.6,331.7,333.7,334.4,333.5,331.4,329.5,328.7,-3.5,-7.8,-9.8,-8.2,-4.0,0.7,2.3,0.7,-1.4,-3.7,-5.4,-6.3,-5.8,-4.1,-1.7,-0.2,0.4,0.8,0.8,0.1,-1.6,-1.0,-1.8,-3.7,-5.6,-6.3,-5.4,-3.5,-6.2,-10.5,-12.6,-11.1,-7.0,-2.6,-0.6,-1.7,-3.3,-6.1,-8.2,-9.3,-8.8,-7.4,-5.2,-3.5,-2.5,-2.1,-2.0,-2.2,-4.4,-3.8,-4.7,-6.6,-8.4,-9.0,-8.1,-6.2,649.0,649.9,650.6,650.8,650.3,649.7,648.7,648.6,652.4,650.2,648.4,647.9,648.9,650.6,652.5,650.4,648.4,647.5,648.1,650.0,650.0,650.1,650.4,650.8,651.0,650.9,650.6,650.2,689.6,690.9,692.6,693.8,693.6,692.3,690.6,689.6,689.8,689.2,689.2,690.2,692.8,696.1,699.4,695.9,692.5,690.0,688.9,689.1,691.4,691.9,692.7,693.3,693.3,692.8,692.1,691.5,367.0,29.9,822.9,-0.002,0.099,-0.081
260,0,1656521715.686,0.98,1,-0.091184,0.068099,-0.993503,-0.239830,0.067049,-0.968497,-0.167,0.069,559.7,561.1,564.9,568.8,570.7,569.6,565.5,561.5,554.1,556.8,560.4,564.7,568.8,572.0,574.3,572.0,568.6,564.7,560.7,557.0,563.5,565.3,566.9,567.5,566.7,565.0,563.3,562.7,605.5,606.4,609.7,613.3,615.2,614.3,611.0,607.1,602.0,604.3,607.4,611.3,614.7,617.3,618.8,617.5,615.2,612.2,608.6,604.9,608.8,610.4,611.8,612.2,611.4,609.8,608.4,608.0,229.9,225.9,224.1,225.6,229.5,233.8,235.3,233.8,231.9,229.8,228.2,227.3,227.8,229.4,231.6,233.0,233.6,234.0,233.9,233.3,231.7,232.3,231.5,229.7,228.0,227.4,228.2,230.0,227.8,224.0,222.2,223.5,227.1,230.9,232.7,231.7,230.3,227.9,226.0,225.1,225.5,226.8,228.7,230.2,231.0,231.4,231.4,231.3,229.3,229.9,229.1,227.5,225.9,225.3,226.1,227.8,256.2,258.0,262.4,266.8,268.6,267.1,262.4,258.0,251.5,253.5,256.8,261.1,266.0,270.1,273.3,270.0,265.5,261.0,256.9,253.7,260.7,262.6,264.5,265.3,264.6,262.6,260.7,259.9,324.1,325.8,330.3,335.1,337.2,335.5,330.9,326.0,320.2,322.6,326.1,331.0,336.2,340.8,344.2,341.0,336.7,332.0,327.3,323.2,328.8,330.9,332.9,333.6,332.7,330.6,328.6,327.9,-3.5,-7.8,-9.8,-8.2,-4.0,0.7,2.3,0.7,-1.3,-3.7,-5.3,-6.3,-5.7,-4.1,-1.7,-0.2,0.5,0.9,0.8,0.2,-1.6,-0.9,-1.8,-3.7,-5.5,-6.2,-5.4,-3.5,-6.1,-10.5,-12.5,-11.1,-6.9,-2.6,-0.6,-1.7,-3.3,-6.0,-8.2,-9.2,-8.7,-7.4,-5.1,-3.4,-2.5,-2.0,-2.0,-2.1,-4.4,-3.7,-4.6,-6.5,-8.3,-9.0,-8.1,-6.2,648.1,649.0,649.7,649.9,649.4,648.8,647.8,647.6,651.4,649.3,647.5,646.9,648.0,649.8,651.6,649.6,647.5,646.6,647.2,649.0,649.1,649.2,649.5,649.9,650.1,650.0,649.7,649.3,687.8,689.1,690.8,692.0,691.9,690.6,688.8,687.8,688.0,687.4,687.4,688.4,691.0,694.4,697.6,694.1,690.7,688.2,687.1,687.3,689.7,690.2,690.9,691.5,691.5,691.0,690.3,689.7,366.6,29.8,822.0,-0.000,0.096,-0.080
261,0,1656521715.720,0.98,1,-0.094951,0.070733,-0.992966,-0.242749,0.067981,-0.967704,-0.171,0.071,559.7,561.1,564.9,568.9,570.8,569.6,565.6,561.6,554.1,556.8,560.5,564.7,568.8,572.1,574.3,572.0,568.6,564.7,560.7,557.0,563.6,565.3,567.0,567.6,566.8,565.0,563.4,562.7,605.5,606.5,609.7,613.4,615.3,614.3,611.1,607.1,602.0,604.3,607.5,611.3,614.8,617.3,618.9,617.6,615.3,612.2,608.6,604.9,608.9,610.5,611.9,612.3,611.5,609.9,608.4,608.0,229.9,225.8,224.0,225.5,229.4,233.8,235.3,233.8,231.8,229.7,228.1,227.3,227.8,229.3,231.6,233.0,233.5,233.9,233.9,233.3,231.6,232.3,231.5,229.7,228.0,227.3,228.1,229.9,227.8,224.0,222.2,223.6,227.2,230.9,232.7,231.7,230.3,227.9,226.0,225.1,225.6,226.8,228.8,230.2,231.0,231.4,231.5,231.3,229.4,229.9,229.2,227.5,225.9,225.3,226.1,227.8,256.0,257.8,262.2,266.6,268.4,266.9,262.2,257.8,251.3,253.3,256.5,260.9,265.7,269.9,273.1,269.8,265.3,260.7,256.7,253.5,260.5,262.4,264.3,265.1,264.4,262.4,260.5,259.7,323.4,325.1,329.7,334.4,336.5,334.8,330.2,325.3,319.5,321.9,325.5,330.4,335.6,340.1,343.5,340.3,336.0,331.3,326.6,322.5,328.1,330.2,332.2,332.9,332.0,329.9,327.9,327.2,-3.5,-7.9,-9.8,-8.3,-4.0,0.7,2.3,0.7,-1.4,-3.7,-5.4,-6.3,-5.8,-4.1,-1.7,-0.2,0.4,0.8,0.7,0.1,-1.7,-1.0,-1.8,-3.7,-5.6,-6.3,-5.4,-3.5,-6.1,-10.5,-12.5,-11.0,-6.9,-2.5,-0.5,-1.6,-3.3,-6.0,-8.1,-9.2,-8.7,-7.3,-5.1,-3.4,-2.4,-2.0,-1.9,-2.1,-4.4,-3.7,-4.6,-6.5,-8.3,-8.9,-8.1,-6.2,647.5,648.3,649.1,649.2,648.8,648.2,647.2,647.1,650.9,648.7,646.9,646.3,647.3,649.1,650.9,648.9,646.9,646.0,646.6,648.5,648.5,648.6,648.9,649.2,649.4,649.4,649.0,648.7,686.2,687.5,689.3,690.4,690.3,689.0,687.3,686.3,686.5,685.9,685.8,686.9,689.4,692.8,696.0,692.5,689.1,686.7,685.5,685.8,688.1,688.6,689.4,689.9,690.0,689.5,688.7,688.1,367.7,29.8,824.4,0.001,0.103,-0.081
262,0,1656521715.753,0.98,1,-0.097668,0.068236,-0.992877,-0.243906,0.065874,-0.967559,-0.173,0.068,559.6,561.0,564.8,568.8,570.6,569.5,565.4,561.4,554.1,556.7,560.3,564.6,568.7,571.9,574.2,571.9,568.5,564.6,560.6,556.9,563.4,565.2,566.8,567.4,566.6,564.9,563.2,562.6,605.4,606.3,609.6,613.2,615.1,614.2,610.9,607.0,601.9,604.2,607.3,611.2,614.7,617.2,618.8,617.5,615.2,612.1,608.5,604.8,608.7,610.3,611.8,612.2,611.3,609.7,608.3,607.9,229.9,225.9,224.1,225.5,229.4,233.8,235.3,233.8,231.9,229.8,228.2,227.3,227.8,229.4,231.6,233.0,233.6,234.0,233.9,233.3,231.7,232.3,231.5,229.7,228.0,227.4,228.2,229.9,227.7,224.0,222.2,223.5,227.1,230.8,232.6,231.6,230.3,227.8,226.0,225.0,225.5,226.7,228.7,230.1,230.9,231.3,231.4,231.2,229.3,229.8,229.1,227.4,225.9,225.3,226.1,227.7,256.6,258.4,262.7,267.1,268.9,267.5,262.7,258.4,251.9,253.9,257.1,261.4,266.3,270.4,273.7,270.3,265.8,261.3,257.3,254.1,261.1,263.0,264.9,265.7,264.9,263.0,261.1,260.3,324.1,325.8,330.3,335.1,337.2,335.5,330.9,326.0,320.2,322.6,326.1,331.0,336.2,340.8,344.2,341.0,336.7,332.0,327.3,323.2,328.8,330.9,332.8,333.6,332.7,330.6,328.6,327.9,-3.5,-7.8,-9.8,-8.2,-4.0,0.7,2.3,0.7,-1.3,-3.7,-5.3,-6.3,-5.8,-4.1,-1.7,-0.2,0.4,0.9,0.8,0.2,-1.6,-0.9,-1.8,-3.7,-5.6,-6.2,-5.4,-3.5,-6.2,-10.5,-12.6,-11.1,-7.0,-2.7,-0.6,-1.7,-3.3,-6.1,-8.2,-9.3,-8.8,-7.4,-5.2,-3.5,-2.6,-2.1,-2.0,-2.2,-4.4,-3.8,-4.7,-6.6,-8.4,-9.0,-8.1,-6.2,649.3,650.1,650.8,650.9,650.5,649.9,648.9,648.8,652.7,650.5,648.6,648.0,649.0,650.8,652.6,650.6,648.5,647.7,648.4,650.3,650.2,650.3,650.6,650.9,651.1,651.1,650.8,650.4,688.0,689.3,691.0,692.1,692.0,690.7,689.0,688.0,688.2,687.6,687.6,688.6,691.2,694.5,697.7,694.2,690.8,688.4,687.3,687.5,689.8,690.3,691.1,691.6,691.7,691.2,690.5,689.9,367.6,29.8,824.1,-0.000,0.104,-0.085
263,0,1656521715.786,0.98,1,-0.099036,0.069051,-0.992685,-0.244518,0.066501,-0.967362,-0.174,0.069,559.8,561.1,564.9,568.9,570.8,569.7,565.6,561.6,554.2,556.9,560.5,564.7,568.9,572.1,574.3,572.0,568.6,564.7,560.8,557.1,563.6,565.3,567.0,567.6,566.8,565.1,563.4,562.8,605.5,606.4,609.7,613.3,615.2,614.2,611.0,607.1,602.0,604.3,607.4,611.3,614.8,617.3,618.9,617.5,615.2,612.2,608.5,604.8,608.8,610.4,611.8,612.2,611.4,609.8,608.4,608.0,229.8,225.7,223.9,225.4,229.3,233.6,235.1,233.7,231.8,229.6,228.0,227.2,227.7,229.2,231.5,232.9,233.4,233.8,233.7,233.2,231.5,232.1,231.3,229.6,227.9,227.2,228.0,229.8,227.7,223.9,222.2,223.5,227.1,230.9,232.6,231.6,230.2,227.8,226.0,225.0,225.5,226.8,228.7,230.2,231.0,231.4,231.4,231.2,229.3,229.8,229.1,227.4,225.9,225.3,226.0,227.7,256.9,258.7,263.1,267.4,269.2,267.8,263.0,258.7,252.2,254.2,257.4,261.7,266.6,270.7,274.0,270.6,266.1,261.6,257.6,254.4,261.4,263.3,265.2,266.0,265.2,263.3,261.4,260.6,324.2,325.9,330.4,335.2,337.3,335.5,331.0,326.0,320.3,322.7,326.2,331.1,336.3,340.9,344.3,341.0,336.7,332.0,327.4,323.2,328.9,330.9,332.9,333.7,332.8,330.7,328.7,328.0,-3.6,-8.0,-10.0,-8.4,-4.2,0.5,2.1,0.6,-1.5,-3.9,-5.5,-6.5,-5.9,-4.3,-1.8,-0.3,0.3,0.7,0.6,-0.0,-1.8,-1.1,-2.0,-3.9,-5.7,-6.4,-5.5,-3.6,-6.2,-10.6,-12.6,-11.1,-7.0,-2.6,-0.6,-1.8,-3.4,-6.1,-8.2,-9.3,-8.8,-7.4,-5.2,-3.4,-2.5,-2.1,-2.0,-2.2,-4.5,-3.8,-4.7,-6.6,-8.4,-9.0,-8.2,-6.3,649.6,650.4,651.1,651.2,650.7,650.2,649.2,649.1,653.0,650.8,648.9,648.3,649.3,651.0,652.9,650.9,648.8,648.0,648.7,650.5,650.5,650.6,650.9,651.2,651.4,651.4,651.1,650.7,688.0,689.3,691.0,692.1,692.0,690.7,689.0,688.0,688.2,687.6,687.6,688.6,691.2,694.5,697.7,694.2,690.8,688.4,687.3,687.5,689.8,690.3,691.1,691.6,691.7,691.2,690.4,689.9,368.1,29.8,825.2,0.001,0.107,-0.082
264,0,1656521715.820,0.98,1,-0.095982,0.067497,-0.993092,-0.242005,0.066164,-0.968016,-0.171,0.068,559.7,561.1,564.9,568.9,570.7,569.6,565.6,561.6,554.1,556.8,560.4,564.7,568.8,572.0,574.3,572.0,568.6,564.7,560.7,557.0,563.5,565.3,567.0,567.5,566.7,565.0,563.3,562.7,605.4,606.4,609.6,613.3,615.2,614.2,611.0,607.0,601.9,604.2,607.4,611.2,614.7,617.2,618.8,617.5,615.2,612.1,608.5,604.8,608.8,610.4,611.8,612.2,611.4,609.8,608.3,607.9,229.9,225.8,224.0,225.4,229.3,233.7,235.2,233.8,231.8,229.7,228.1,227.2,227.7,229.3,231.5,232.9,233.5,233.9,233.8,233.2,231.6,232.2,231.4,229.6,227.9,227.3,228.1,229.9,227.6,223.9,222.1,223.4,227.0,230.8,232.5,231.6,230.1,227.7,225.9,225.0,225.4,226.6,228.6,230.1,230.9,231.3,231.3,231.2,229.2,229.8,229.0,227.3,225.8,225.2,226.0,227.6,256.3,258.1,262.5,266.9,268.7,267.3,262.5,258.2,251.7,253.7,256.9,261.2,266.1,270.2,273.5,270.1,265.6,261.1,257.1,253.8,260.9,262.8,264.7,265.5,264.7,262.8,260.9,260.1,324.2,325.9,330.4,335.2,337.3,335.6,331.0,326.0,320.3,322.7,326.2,331.1,336.3,340.9,344.3,341.0,336.7,332.1,327.4,323.3,328.9,331.0,332.9,333.7,332.8,330.7,328.7,328.0,-3.6,-7.9,-9.9,-8.3,-4.1,0.6,2.2,0.6,-1.4,-3.8,-5.4,-6.4,-5.9,-4.2,-1.8,-0.3,0.3,0.8,0.7,0.1,-1.7,-1.0,-1.9,-3.8,-5.7,-6.3,-5.5,-3.6,-6.3,-10.6,-12.7,-11.2,-7.1,-2.7,-0.7,-1.8,-3.4,-6.2,-8.3,-9.4,-8.9,-7.5,-5.3,-3.6,-2.6,-2.2,-2.1,-2.3,-4.5,-3.9,-4.8,-6.7,-8.5,-9.1,-8.2,-6.3,648.4,649.3,650.0,650.2,649.7,649.1,648.1,648.0,651.8,649.6,647.8,647.2,648.2,650.0,651.8,649.8,647.8,646.9,647.5,649.4,649.4,649.5,649.8,650.1,650.4,650.3,650.0,649.6,688.1,689.4,691.1,692.3,692.2,690.9,689.1,688.1,688.3,687.7,687.7,688.7,691.3,694.7,697.9,694.4,691.0,688.5,687.4,687.6,690.0,690.5,691.2,691.8,691.8,691.3,690.6,690.0,367.2,29.7,823.0,-0.002,0.103,-0.083
265,0,1656521715.853,0.98,1,-0.099236,0.066489,-0.992840,-0.246082,0.064155,-0.967124,-0.174,0.067,559.7,561.1,564.9,568.8,570.7,569.6,565.5,561.5,554.1,556.8,560.4,564.6,568.8,572.0,574.3,571.9,568.5,564.7,560.7,557.0,563.5,565.2,566.9,567.5,566.7,565.0,563.3,562.7,605.4,606.4,609.6,613.3,615.2,614.2,611.0,607.0,601.9,604.2,607.4,611.2,614.7,617.2,618.8,617.5,615.2,612.1,608.5,604.8,608.8,610.4,611.8,612.2,611.4,609.8,608.4,607.9,229.8,225.8,224.0,225.4,229.3,233.7,235.2,233.7,231.8,229.6,228.1,227.2,227.7,229.3,231.5,232.9,233.4,233.8,233.8,233.2,231.5,232.2,231.4,229.6,227.9,227.3,228.1,229.8,227.7,224.0,222.2,223.5,227.1,230.9,232.6,231.6,230.2,227.8,226.0,225.0,225.5,226.8,228.7,230.2,231.0,231.3,231.4,231.2,229.3,229.9,229.1,227.4,225.9,225.3,226.1,227.7,256.7,258.5,262.9,267.2,269.0,267.6,262.8,258.5,252.0,254.0,257.2,261.5,266.4,270.6,273.8,270.4,265.9,261.4,257.4,254.2,261.2,263.1,265.0,265.8,265.0,263.1,261.2,260.4,324.1,325.8,330.3,335.0,337.1,335.4,330.9,325.9,320.2,322.5,326.1,331.0,336.2,340.7,344.2,340.9,336.6,331.9,327.2,323.1,328.8,330.8,332.8,333.6,332.6,330.6,328.6,327.8,-3.6,-8.0,-9.9,-8.4,-4.1,0.5,2.2,0.6,-1.5,-3.8,-5.5,-6.4,-5.9,-4.2,-1.8,-0.3,0.3,0.7,0.6,0.0,-1.8,-1.1,-1.9,-3.8,-5.7,-6.4,-5.5,-3.6,-6.2,-10.5,-12.6,-11.1,-7.0,-2.6,-0.6,-1.7,-3.3,-6.1,-8.2,-9.3,-8.8,-7.4,-5.1,-3.4,-2.5,-2.1,-2.0,-2.2,-4.4,-3.8,-4.7,-6.6,-8.4,-9.0,-8.1,-6.2,649.4,650.2,650.9,651.1,650.6,650.0,649.0,648.9,652.7,650.6,648.7,648.1,649.1,650.9,652.7,650.6,648.6,647.8,648.4,650.3,650.3,650.4,650.7,651.0,651.3,651.2,650.9,650.5,687.8,689.2,690.9,692.0,691.8,690.5,688.8,687.8,688.1,687.5,687.4,688.5,691.0,694.3,697.5,694.0,690.6,688.2,687.1,687.3,689.7,690.1,690.9,691.5,691.5,691.0,690.3,689.7,367.7,29.8,824.5,-0.000,0.107,-0.081
266,0,1656521715.887,0.98,1,-0.097659,0.068130,-0.992885,-0.243686,0.065722,-0.967625,-0.172,0.068,559.6,561.0,564.8,568.8,570.7,569.6,565.5,561.5,554.1,556.8,560.4,564.6,568.8,572.0,574.2,571.9,568.5,564.6,560.7,557.0,563.5,565.2,566.9,567.5,566.7,564.9,563.3,562.7,605.5,606.5,609.7,613.4,615.2,614.3,611.0,607.1,602.0,604.3,607.5,611.3,614.8,617.3,618.9,617.6,615.3,612.2,608.6,604.9,608.8,610.4,611.8,612.3,611.4,609.9,608.4,608.0,229.8,225.7,223.9,225.4,229.3,233.6,235.1,233.7,231.8,229.6,228.0,227.2,227.7,229.2,231.4,232.8,233.4,233.8,233.7,233.1,231.5,232.1,231.3,229.6,227.9,227.2,228.0,229.8,227.7,223.9,222.2,223.5,227.1,230.8,232.6,231.6,230.2,227.8,225.9,225.0,225.5,226.7,228.7,230.1,230.9,231.3,231.3,231.2,229.2,229.8,229.1,227.4,225.8,225.3,226.0,227.7,256.6,258.4,262.8,267.1,268.9,267.5,262.7,258.4,251.9,253.9,257.1,261.4,266.3,270.5,273.7,270.3,265.8,261.3,257.3,254.1,261.1,263.0,264.9,265.7,264.9,263.0,261.1,260.3,324.3,326.0,330.6,335.3,337.4,335.6,331.1,326.1,320.4,322.8,326.3,331.2,336.4,341.0,344.4,341.1,336.8,332.1,327.5,323.3,329.0,331.0,333.0,333.8,332.9,330.8,328.8,328.1,-3.6,-8.0,-10.0,-8.4,-4.2,0.5,2.1,0.6,-1.5,-3.8,-5.5,-6.5,-5.9,-4.3,-1.9,-0.4,0.3,0.7,0.6,-0.0,-1.8,-1.1,-2.0,-3.9,-5.7,-6.4,-5.6,-3.6,-6.3,-10.6,-12.6,-11.1,-7.0,-2.7,-0.7,-1.8,-3.4,-6.2,-8.3,-9.3,-8.8,-7.4,-5.2,-3.5,-2.6,-2.1,-2.1,-2.3,-4.5,-3.8,-4.7,-6.6,-8.4,-9.1,-8.2,-6.3,649.2,650.0,650.7,650.8,650.4,649.8,648.8,648.7,652.6,650.4,648.5,647.9,648.9,650.7,652.5,650.5,648.4,647.6,648.3,650.2,650.1,650.2,650.5,650.8,651.1,651.0,650.7,650.3,688.2,689.5,691.2,692.3,692.2,690.9,689.2,688.2,688.4,687.8,687.7,688.8,691.3,694.7,697.9,694.4,691.0,688.5,687.4,687.7,690.0,690.5,691.2,691.8,691.9,691.4,690.6,690.1,367.7,29.8,824.3,-0.002,0.103,-0.080
267,0,1656521715.920,0.98,1,-0.092546,0.070167,-0.993233,-0.240914,0.068132,-0.968152,-0.168,0.070,559.7,561.1,564.9,568.9,570.7,569.6,565.6,561.6,554.2,556.8,560.5,564.7,568.8,572.0,574.3,572.0,568.6,564.7,560.7,557.0,563.6,565.3,566.9,567.5,566.7,565.0,563.3,562.7,605.5,606.4,609.7,613.3,615.2,614.2,611.0,607.1,602.0,604.3,607.4,611.3,614.7,617.2,618.8,617.5,615.2,612.1,608.5,604.8,608.8,610.4,611.8,612.2,611.4,609.8,608.4,608.0,229.7,225.7,223.9,225.4,229.3,233.6,235.1,233.6,231.7,229.6,228.0,227.2,227.7,229.2,231.4,232.8,233.3,233.7,233.7,233.1,231.5,232.1,231.3,229.6,227.9,227.2,228.0,229.8,227.7,223.9,222.2,223.5,227.1,230.9,232.6,231.6,230.2,227.8,226.0,225.1,225.6,226.8,228.7,230.1,230.9,231.3,231.3,231.2,229.3,229.8,229.1,227.4,225.9,225.3,226.1,227.7,257.6,259.4,263.8,268.2,270.0,268.5,263.8,259.4,252.9,254.9,258.1,262.5,267.3,271.5,274.7,271.4,266.9,262.3,258.3,255.0,262.1,264.0,265.9,266.7,266.0,264.0,262.1,261.3,326.0,327.7,332.3,337.0,339.1,337.3,332.8,327.8,322.1,324.5,328.1,333.0,338.2,342.7,346.1,342.8,338.5,333.8,329.2,325.0,330.7,332.7,334.7,335.5,334.6,332.5,330.5,329.8,-3.7,-8.1,-10.0,-8.4,-4.2,0.5,2.1,0.5,-1.6,-3.9,-5.5,-6.4,-5.9,-4.3,-1.9,-0.4,0.2,0.6,0.5,-0.1,-1.8,-1.1,-2.0,-3.9,-5.8,-6.5,-5.6,-3.7,-6.3,-10.6,-12.6,-11.1,-7.0,-2.6,-0.7,-1.8,-3.4,-6.2,-8.2,-9.3,-8.7,-7.4,-5.2,-3.5,-2.6,-2.1,-2.1,-2.3,-4.5,-3.8,-4.7,-6.6,-8.4,-9.1,-8.2,-6.3,651.5,652.4,653.1,653.3,652.8,652.2,651.2,651.0,654.8,652.7,650.9,650.3,651.4,653.1,655.0,652.9,650.8,650.0,650.6,652.4,652.5,652.6,652.9,653.3,653.5,653.4,653.1,652.7,691.8,693.1,694.8,696.0,695.9,694.6,692.8,691.8,692.1,691.5,691.4,692.4,695.0,698.3,701.6,698.1,694.7,692.2,691.1,691.3,693.7,694.2,694.9,695.5,695.5,695.0,694.3,693.7,367.0,29.9,823.1,-0.002,0.099,-0.077
268,0,1656521715.953,0.98,1,-0.092661,0.067155,-0.993430,-0.243155,0.065864,-0.967749,-0.170,0.068,559.6,561.0,564.8,568.8,570.7,569.5,565.5,561.5,554.1,556.7,560.4,564.6,568.8,572.0,574.2,571.9,568.5,564.6,560.7,556.9,563.5,565.2,566.9,567.5,566.7,564.9,563.3,562.7,605.4,606.4,609.6,613.3,615.2,614.2,611.0,607.1,602.0,604.3,607.4,611.2,614.7,617.2,618.8,617.5,615.2,612.1,608.5,604.8,608.8,610.4,611.8,612.2,611.4,609.8,608.4,608.0,229.8,225.8,224.0,225.4,229.3,233.7,235.2,233.7,231.8,229.6,228.1,227.2,227.7,229.3,231.5,232.9,233.4,233.8,233.7,233.2,231.5,232.2,231.4,229.6,227.9,227.3,228.1,229.8,227.7,223.9,222.2,223.5,227.1,230.8,232.6,231.6,230.2,227.8,225.9,225.0,225.5,226.7,228.7,230.1,230.9,231.3,231.3,231.2,229.2,229.8,229.0,227.4,225.8,225.3,226.0,227.7,256.5,258.3,262.7,267.1,268.9,267.4,262.6,258.3,251.8,253.8,257.0,261.4,266.2,270.4,273.6,270.3,265.8,261.2,257.2,253.9,261.0,262.9,264.8,265.6,264.8,262.9,261.0,260.2,325.7,327.4,331.9,336.6,338.7,337.0,332.5,327.5,321.8,324.1,327.7,332.6,337.8,342.3,345.7,342.5,338.2,333.5,328.8,324.7,330.3,332.4,334.4,335.1,334.2,332.2,330.2,329.4,-3.6,-8.0,-9.9,-8.4,-4.1,0.5,2.2,0.6,-1.5,-3.8,-5.5,-6.4,-5.9,-4.2,-1.8,-0.3,0.3,0.7,0.6,0.0,-1.8,-1.1,-1.9,-3.8,-5.7,-6.4,-5.5,-3.6,-6.3,-10.6,-12.6,-11.2,-7.0,-2.7,-0.7,-1.8,-3.4,-6.2,-8.3,-9.3,-8.8,-7.5,-5.2,-3.5,-2.6,-2.1,-2.1,-2.3,-4.5,-3.9,-4.7,-6.6,-8.4,-9.1,-8.2,-6.3,648.9,649.8,650.5,650.7,650.2,649.6,648.6,648.4,652.3,650.1,648.3,647.7,648.8,650.5,652.4,650.3,648.3,647.4,648.0,649.9,649.9,650.0,650.3,650.7,650.9,650.8,650.5,650.1,691.2,692.5,694.2,695.3,695.1,693.8,692.1,691.1,691.4,690.8,690.7,691.8,694.3,697.6,700.8,697.3,693.9,691.5,690.4,690.6,693.0,693.5,694.2,694.8,694.8,694.3,693.6,693.0,367.3,29.8,823.8,-0.002,0.098,-0.078
269,0,1656521715.986,0.98,1,-0.097235,0.067698,-0.992956,-0.246138,0.065438,-0.967023,-0.173,0.068,559.7,561.1,564.9,568.9,570.7,569.6,565.5,561.5,554.1,556.8,560.5,564.7,568.8,572.1,574.3,572.0,568.6,564.7,560.7,557.0,563.5,565.3,567.0,567.6,566.8,565.0,563.3,562.7,605.4,606.4,609.6,613.3,615.2,614.2,611.0,607.0,601.9,604.2,607.3,611.2,614.7,617.2,618.8,617.5,615.2,612.1,608.5,604.8,608.8,610.4,611.8,612.2,611.4,609.8,608.3,607.9,229.8,225.7,223.9,225.4,229.3,233.7,235.2,233.7,231.8,229.6,228.0,227.1,227.7,229.2,231.5,232.9,233.5,233.9,233.8,233.2,231.5,232.2,231.4,229.6,227.9,227.2,228.0,229.8,227.7,223.9,222.2,223.5,227.1,230.8,232.6,231.6,230.2,227.8,225.9,225.0,225.5,226.7,228.7,230.2,231.0,231.4,231.4,231.3,229.3,229.8,229.1,227.4,225.8,225.3,226.0,227.7,255.9,257.7,262.1,266.5,268.3,266.8,262.1,257.7,251.3,253.3,256.5,260.8,265.7,269.8,273.0,269.7,265.2,260.7,256.6,253.4,260.4,262.3,264.2,265.0,264.3,262.4,260.4,259.6,324.0,325.7,330.2,334.9,337.1,335.3,330.8,325.8,320.1,322.5,326.0,330.9,336.1,340.6,344.1,340.8,336.5,331.8,327.2,323.1,328.7,330.7,332.7,333.5,332.6,330.5,328.5,327.8,-3.6,-8.0,-9.9,-8.4,-4.1,0.5,2.2,0.6,-1.5,-3.9,-5.5,-6.5,-5.9,-4.2,-1.8,-0.3,0.3,0.7,0.7,0.0,-1.8,-1.1,-1.9,-3.8,-5.7,-6.4,-5.5,-3.6,-6.2,-10.6,-12.6,-11.1,-7.0,-2.7,-0.6,-1.8,-3.3,-6.1,-8.3,-9.3,-8.8,-7.4,-5.2,-3.5,-2.5,-2.0,-2.0,-2.2,-4.5,-3.8,-4.7,-6.6,-8.4,-9.0,-8.2,-6.3,647.4,648.2,648.9,649.1,648.6,648.0,647.0,646.9,650.7,648.6,646.7,646.1,647.2,648.9,650.7,648.7,646.7,645.8,646.4,648.3,648.3,648.4,648.7,649.1,649.3,649.2,648.9,648.5,687.7,689.0,690.7,691.8,691.7,690.4,688.7,687.7,688.0,687.4,687.3,688.3,690.8,694.2,697.4,693.9,690.5,688.1,687.0,687.2,689.5,690.0,690.8,691.3,691.4,690.9,690.2,689.6,368.5,29.8,826.1,0.003,0.104,-0.080
270,0,1656521716.020,0.98,1,-0.095950,0.068642,-0.993017,-0.244343,0.067262,-0.967353,-0.172,0.069,559.7,561.0,564.8,568.8,570.7,569.5,565.5,561.5,554.1,556.8,560.4,564.6,568.8,572.0,574.2,571.9,568.5,564.6,560.7,557.0,563.5,565.2,566.9,567.5,566.7,564.9,563.3,562.7,605.4,606.4,609.6,613.2,615.1,614.2,610.9,607.0,601.9,604.2,607.4,611.2,614.7,617.2,618.8,617.5,615.2,612.1,608.5,604.8,608.8,610.3,611.8,612.2,611.4,609.8,608.3,607.9,229.9,225.9,224.1,225.5,229.4,233.8,235.3,233.8,231.9,229.7,228.2,227.3,227.8,229.3,231.6,233.0,233.6,234.0,233.9,233.3,231.6,232.3,231.5,229.7,228.0,227.4,228.2,229.9,227.7,224.0,222.2,223.5,227.1,230.9,232.6,231.6,230.3,227.8,226.0,225.1,225.5,226.8,228.7,230.2,231.0,231.4,231.4,231.3,229.3,229.9,229.1,227.4,225.9,225.3,226.1,227.7,256.7,258.5,262.9,267.3,269.1,267.6,262.9,258.5,252.0,254.1,257.3,261.6,266.4,270.6,273.8,270.5,266.0,261.5,257.4,254.2,261.2,263.1,265.0,265.8,265.1,263.1,261.2,260.4,324.9,326.6,331.1,335.8,338.0,336.2,331.7,326.7,321.0,323.4,326.9,331.8,337.0,341.5,345.0,341.7,337.4,332.7,328.1,324.0,329.6,331.6,333.6,334.4,333.4,331.4,329.4,328.7,-3.5,-7.8,-9.8,-8.2,-4.0,0.7,2.3,0.7,-1.3,-3.7,-5.4,-6.3,-5.8,-4.1,-1.7,-0.2,0.4,0.9,0.8,0.2,-1.6,-1.0,-1.8,-3.7,-5.6,-6.3,-5.4,-3.5,-6.2,-10.5,-12.6,-11.1,-7.0,-2.6,-0.6,-1.7,-3.3,-6.1,-8.2,-9.3,-8.8,-7.4,-5.2,-3.5,-2.5,-2.0,-2.0,-2.2,-4.4,-3.8,-4.7,-6.6,-8.4,-9.0,-8.1,-6.2,649.5,650.3,651.0,651.2,650.7,650.2,649.2,649.0,652.9,650.7,648.8,648.3,649.3,651.0,652.9,650.8,648.8,647.9,648.6,650.5,650.4,650.5,650.8,651.2,651.4,651.3,651.0,650.7,689.6,690.9,692.6,693.7,693.6,692.3,690.6,689.6,689.8,689.2,689.2,690.2,692.7,696.1,699.3,695.8,692.4,690.0,688.9,689.1,691.4,691.9,692.7,693.2,693.3,692.8,692.0,691.5,368.4,29.8,826.0,0.001,0.102,-0.081
271,0,1656521716.053,0.98,1,-0.094424,0.069011,-0.993137,-0.243745,0.067212,-0.967508,-0.171,0.069,559.7,561.1,564.9,568.9,570.7,569.6,565.5,561.6,554.1,556.8,560.4,564.7,568.8,572.0,574.3,572.0,568.6,564.7,560.7,557.0,563.5,565.3,566.9,567.5,566.7,565.0,563.3,562.7,605.5,606.5,609.7,613.3,615.2,614.3,611.0,607.1,602.0,604.3,607.5,611.3,614.8,617.3,618.9,617.6,615.3,612.2,608.6,604.9,608.8,610.4,611.9,612.3,611.4,609.9,608.4,608.0,229.8,225.8,224.0,225.4,229.3,233.7,235.2,233.7,231.8,229.6,228.1,227.2,227.7,229.2,231.5,232.9,233.5,233.8,233.8,233.2,231.5,232.2,231.4,229.6,227.9,227.3,228.1,229.8,227.6,223.8,222.1,223.4,227.0,230.7,232.5,231.5,230.1,227.7,225.8,224.9,225.4,226.6,228.6,230.0,230.8,231.2,231.3,231.1,229.2,229.7,229.0,227.3,225.7,225.2,225.9,227.6,256.4,258.2,262.6,267.0,268.8,267.3,262.6,258.2,251.7,253.7,257.0,261.3,266.1,270.3,273.5,270.2,265.7,261.2,257.1,253.9,260.9,262.8,264.8,265.6,264.8,262.8,260.9,260.1,324.8,326.5,331.0,335.7,337.8,336.1,331.6,326.6,320.9,323.2,326.8,331.7,336.9,341.4,344.8,341.6,337.3,332.6,327.9,323.8,329.4,331.5,333.5,334.2,333.3,331.3,329.3,328.5,-3.6,-7.9,-9.9,-8.3,-4.1,0.6,2.2,0.6,-1.5,-3.8,-5.5,-6.4,-5.9,-4.2,-1.8,-0.3,0.3,0.7,0.7,0.0,-1.8,-1.1,-1.9,-3.8,-5.7,-6.4,-5.5,-3.6,-6.4,-10.7,-12.7,-11.3,-7.1,-2.8,-0.8,-1.9,-3.5,-6.2,-8.4,-9.4,-8.9,-7.6,-5.3,-3.6,-2.7,-2.2,-2.2,-2.3,-4.6,-3.9,-4.8,-6.7,-8.5,-9.2,-8.3,-6.4,648.6,649.5,650.2,650.4,649.9,649.3,648.3,648.1,652.0,649.8,648.0,647.4,648.4,650.2,652.1,650.0,647.9,647.1,647.7,649.5,649.6,649.6,650.0,650.3,650.5,650.5,650.1,649.8,689.1,690.4,692.1,693.2,693.1,691.8,690.1,689.1,689.3,688.7,688.7,689.7,692.2,695.6,698.8,695.3,691.9,689.5,688.4,688.6,690.9,691.4,692.2,692.7,692.8,692.3,691.5,691.0,368.1,29.8,825.3,0.002,0.101,-0.080
272,0,1656521716.087,0.98,1,-0.094809,0.066465,-0.993274,-0.244639,0.064817,-0.967445,-0.171,0.067,559.5,560.9,564.8,568.8,570.6,569.5,565.4,561.4,554.0,556.6,560.3,564.6,568.7,571.9,574.2,571.9,568.5,564.6,560.6,556.8,563.4,565.2,566.8,567.4,566.6,564.9,563.2,562.6,605.5,606.5,609.7,613.4,615.3,614.3,611.1,607.1,602.0,604.3,607.5,611.3,614.8,617.3,619.0,617.6,615.3,612.2,608.6,604.9,608.9,610.5,611.9,612.3,611.5,609.9,608.4,608.0,229.8,225.8,224.0,225.5,229.4,233.7,235.2,233.8,231.8,229.7,228.1,227.2,227.7,229.3,231.6,232.9,233.5,233.9,233.8,233.2,231.6,232.2,231.4,229.7,227.9,227.3,228.1,229.9,227.7,223.9,222.2,223.5,227.1,230.9,232.6,231.7,230.3,227.8,226.0,225.0,225.5,226.7,228.7,230.2,231.0,231.4,231.4,231.3,229.3,229.9,229.1,227.4,225.9,225.3,226.1,227.7,255.0,256.9,261.3,265.6,267.4,266.0,261.2,256.8,250.3,252.4,255.6,259.9,264.8,268.9,272.2,268.8,264.3,259.8,255.8,252.5,259.5,261.5,263.4,264.2,263.4,261.5,259.6,258.8,323.2,324.9,329.4,334.2,336.3,334.6,330.0,325.1,319.3,321.7,325.2,330.1,335.3,339.9,343.3,340.1,335.7,331.1,326.4,322.3,327.9,330.0,332.0,332.7,331.8,329.7,327.7,327.0,-3.6,-7.9,-9.9,-8.3,-4.1,0.6,2.2,0.6,-1.4,-3.8,-5.4,-6.4,-5.8,-4.2,-1.7,-0.2,0.4,0.8,0.7,0.1,-1.7,-1.0,-1.9,-3.8,-5.6,-6.3,-5.5,-3.5,-6.2,-10.5,-12.6,-11.1,-7.0,-2.6,-0.6,-1.7,-3.3,-6.1,-8.2,-9.3,-8.8,-7.4,-5.2,-3.5,-2.5,-2.0,-2.0,-2.2,-4.4,-3.8,-4.7,-6.6,-8.4,-9.0,-8.1,-6.2,645.5,646.4,647.1,647.3,646.8,646.2,645.2,645.1,648.9,646.7,644.9,644.3,645.4,647.1,649.0,646.9,644.9,644.0,644.6,646.5,646.5,646.6,646.9,647.3,647.5,647.4,647.1,646.7,685.8,687.1,688.9,690.0,689.8,688.5,686.8,685.8,686.1,685.5,685.4,686.5,689.0,692.3,695.5,692.0,688.7,686.2,685.1,685.3,687.7,688.2,688.9,689.5,689.5,689.0,688.3,687.7,367.7,29.7,824.5,-0.000,0.102,-0.079
273,0,1656521716.120,0.98,1,-0.094169,0.066595,-0.993326,-0.243903,0.064940,-0.967623,-0.171,0.067,559.7,561.1,564.9,568.9,570.7,569.6,565.5,561.5,554.1,556.8,560.5,564.7,568.9,572.1,574.3,572.0,568.6,564.7,560.7,557.0,563.5,565.3,567.0,567.6,566.8,565.0,563.3,562.7,605.5,606.4,609.7,613.3,615.2,614.3,611.0,607.1,602.0,604.3,607.4,611.3,614.8,617.3,618.9,617.6,615.3,612.2,608.6,604.9,608.8,610.4,611.9,612.3,611.4,609.8,608.4,608.0,229.8,225.7,223.9,225.4,229.3,233.7,235.2,233.7,231.8,229.6,228.0,227.2,227.7,229.3,231.5,232.9,233.4,233.8,233.7,233.2,231.5,232.2,231.4,229.6,227.9,227.2,228.0,229.8,227.8,224.0,222.2,223.5,227.1,230.9,232.6,231.7,230.3,227.8,226.0,225.1,225.5,226.8,228.7,230.2,231.0,231.4,231.4,231.3,229.3,229.9,229.1,227.5,225.9,225.3,226.1,227.7,255.9,257.7,262.1,266.5,268.3,266.8,262.0,257.7,251.2,253.2,256.4,260.8,265.6,269.8,273.0,269.6,265.1,260.6,256.6,253.3,260.4,262.3,264.2,265.0,264.2,262.3,260.4,259.6,324.1,325.8,330.3,335.0,337.1,335.4,330.9,325.9,320.2,322.5,326.1,331.0,336.2,340.7,344.1,340.9,336.6,331.9,327.2,323.1,328.7,330.8,332.8,333.5,332.6,330.6,328.6,327.8,-3.6,-8.0,-9.9,-8.3,-4.1,0.6,2.2,0.6,-1.5,-3.8,-5.5,-6.4,-5.9,-4.2,-1.8,-0.3,0.3,0.7,0.6,-0.0,-1.8,-1.1,-1.9,-3.8,-5.7,-6.4,-5.5,-3.6,-6.2,-10.5,-12.5,-11.1,-6.9,-2.6,-0.6,-1.7,-3.3,-6.1,-8.2,-9.3,-8.7,-7.4,-5.1,-3.4,-2.5,-2.0,-2.0,-2.2,-4.4,-3.8,-4.6,-6.5,-8.3,-9.0,-8.1,-6.2,647.2,648.1,648.9,649.0,648.5,647.9,646.9,646.7,650.6,648.4,646.6,646.1,647.1,648.8,650.7,648.6,646.6,645.7,646.3,648.2,648.2,648.3,648.6,649.0,649.2,649.1,648.8,648.4,687.6,689.0,690.7,691.8,691.7,690.4,688.6,687.6,687.9,687.3,687.2,688.3,690.8,694.2,697.4,693.9,690.5,688.0,686.9,687.1,689.5,690.0,690.7,691.3,691.4,690.9,690.1,689.5,367.7,29.8,824.6,0.000,0.101,-0.078
274,0,1656521716.153,0.98,1,-0.093922,0.067962,-0.993257,-0.242090,0.066631,-0.967963,-0.170,0.069,559.8,561.2,565.0,568.9,570.8,569.7,565.6,561.6,554.2,556.9,560.5,564.8,568.9,572.1,574.3,572.0,568.7,564.8,560.8,557.1,563.6,565.4,567.0,567.6,566.8,565.1,563.4,562.8,605.5,606.5,609.7,613.4,615.3,614.3,611.1,607.2,602.1,604.4,607.5,611.3,614.8,617.3,618.9,617.6,615.3,612.2,608.6,604.9,608.9,610.5,611.9,612.3,611.5,609.9,608.5,608.1,229.8,225.7,223.9,225.4,229.3,233.6,235.1,233.6,231.7,229.6,228.0,227.2,227.7,229.2,231.5,232.8,233.4,233.8,233.7,233.1,231.5,232.1,231.3,229.6,227.9,227.2,228.0,229.8,227.7,223.9,222.2,223.5,227.0,230.8,232.6,231.6,230.2,227.8,225.9,225.0,225.5,226.7,228.7,230.1,230.9,231.3,231.3,231.2,229.2,229.8,229.0,227.4,225.8,225.3,226.0,227.7,257.0,258.8,263.2,267.6,269.4,267.9,263.2,258.8,252.3,254.3,257.6,261.9,266.8,270.9,274.2,270.8,266.3,261.8,257.7,254.5,261.5,263.4,265.4,266.2,265.4,263.5,261.5,260.7,325.2,326.9,331.5,336.2,338.3,336.6,332.0,327.1,321.3,323.7,327.3,332.2,337.4,341.9,345.3,342.1,337.8,333.1,328.4,324.3,329.9,332.0,334.0,334.7,333.8,331.7,329.7,329.0,-3.7,-8.0,-10.0,-8.4,-4.2,0.5,2.1,0.5,-1.5,-3.9,-5.5,-6.4,-5.9,-4.3,-1.8,-0.4,0.2,0.6,0.6,-0.1,-1.8,-1.1,-2.0,-3.9,-5.7,-6.4,-5.6,-3.7,-6.3,-10.6,-12.7,-11.2,-7.0,-2.7,-0.7,-1.8,-3.4,-6.2,-8.3,-9.3,-8.8,-7.4,-5.2,-3.5,-2.6,-2.2,-2.1,-2.3,-4.5,-3.9,-4.7,-6.6,-8.5,-9.1,-8.2,-6.3,649.9,650.8,651.5,651.7,651.2,650.6,649.6,649.4,653.2,651.0,649.2,648.7,649.7,651.5,653.4,651.3,649.2,648.3,648.9,650.8,650.8,650.9,651.2,651.6,651.8,651.8,651.4,651.1,690.0,691.3,693.0,694.2,694.0,692.7,691.0,690.0,690.2,689.6,689.6,690.6,693.2,696.5,699.7,696.2,692.8,690.4,689.3,689.5,691.8,692.3,693.1,693.7,693.7,693.2,692.5,691.9,367.1,29.7,822.9,-0.001,0.100,-0.077
275,0,1656521716.187,0.98,1,-0.090589,0.071680,-0.993305,-0.239416,0.070456,-0.968357,-0.167,0.072,559.8,561.1,564.9,568.9,570.7,569.6,565.6,561.6,554.2,556.9,560.5,564.7,568.8,572.0,574.3,572.0,568.6,564.8,560.8,557.1,563.6,565.3,567.0,567.6,566.8,565.0,563.4,562.8,605.6,606.6,609.8,613.4,615.3,614.4,611.2,607.2,602.2,604.5,607.6,611.4,614.9,617.4,618.9,617.6,615.4,612.3,608.7,605.0,609.0,610.5,612.0,612.4,611.6,610.0,608.6,608.1,229.7,225.7,223.9,225.3,229.2,233.5,235.0,233.6,231.7,229.5,228.0,227.1,227.6,229.2,231.4,232.7,233.3,233.7,233.6,233.0,231.4,232.0,231.3,229.5,227.8,227.2,227.9,229.7,227.5,223.8,222.0,223.3,226.9,230.7,232.4,231.4,230.0,227.6,225.8,224.9,225.4,226.6,228.5,229.9,230.7,231.1,231.2,231.0,229.1,229.7,228.9,227.2,225.7,225.1,225.9,227.5,257.6,259.4,263.8,268.2,270.0,268.5,263.7,259.4,252.8,254.9,258.1,262.5,267.3,271.5,274.7,271.4,266.9,262.3,258.3,255.0,262.1,264.0,265.9,266.7,266.0,264.0,262.1,261.3,326.1,327.8,332.4,337.1,339.2,337.5,332.9,328.0,322.2,324.6,328.2,333.1,338.3,342.8,346.2,343.0,338.7,334.0,329.3,325.2,330.8,332.9,334.9,335.6,334.7,332.6,330.6,329.9,-3.8,-8.1,-10.1,-8.5,-4.3,0.4,2.0,0.4,-1.6,-3.9,-5.6,-6.5,-6.0,-4.3,-1.9,-0.5,0.1,0.5,0.5,-0.1,-1.9,-1.2,-2.1,-4.0,-5.8,-6.5,-5.7,-3.7,-6.5,-10.8,-12.8,-11.4,-7.2,-2.9,-0.9,-2.0,-3.6,-6.3,-8.4,-9.5,-9.0,-7.6,-5.4,-3.7,-2.8,-2.3,-2.3,-2.5,-4.7,-4.0,-4.9,-6.8,-8.6,-9.3,-8.4,-6.5,651.4,652.2,653.0,653.2,652.7,652.1,651.1,650.9,654.7,652.5,650.7,650.2,651.3,653.0,654.9,652.8,650.7,649.8,650.4,652.3,652.4,652.4,652.8,653.2,653.4,653.3,652.9,652.6,691.6,692.9,694.7,695.8,695.7,694.4,692.7,691.7,691.9,691.3,691.2,692.3,694.8,698.2,701.4,697.9,694.5,692.1,690.9,691.1,693.5,694.0,694.8,695.3,695.4,694.9,694.1,693.6,366.7,29.5,822.2,0.001,0.096,-0.078
276,0,1656521716.220,0.98,1,-0.093015,0.068930,-0.993276,-0.241869,0.067093,-0.967986,-0.169,0.069,559.8,561.2,565.0,568.9,570.8,569.7,565.6,561.6,554.2,556.9,560.5,564.8,568.9,572.1,574.3,572.0,568.6,564.8,560.8,557.1,563.6,565.3,567.0,567.6,566.8,565.1,563.4,562.8,605.6,606.5,609.8,613.4,615.3,614.3,611.1,607.2,602.1,604.4,607.5,611.4,614.8,617.3,618.9,617.6,615.3,612.2,608.6,604.9,608.9,610.5,611.9,612.3,611.5,609.9,608.5,608.1,229.7,225.6,223.8,225.3,229.2,233.6,235.0,233.6,231.6,229.5,227.9,227.1,227.6,229.2,231.4,232.8,233.3,233.7,233.6,233.0,231.4,232.0,231.3,229.5,227.8,227.1,227.9,229.7,227.7,223.9,222.2,223.5,227.0,230.8,232.5,231.6,230.1,227.7,225.9,225.0,225.5,226.7,228.7,230.1,230.9,231.3,231.3,231.1,229.2,229.8,229.0,227.4,225.8,225.2,226.0,227.6,257.0,258.8,263.2,267.6,269.4,267.9,263.2,258.8,252.3,254.3,257.6,261.9,266.8,270.9,274.2,270.8,266.3,261.8,257.7,254.5,261.5,263.4,265.4,266.2,265.4,263.5,261.5,260.7,325.7,327.5,332.0,336.7,338.8,337.1,332.5,327.6,321.9,324.2,327.8,332.7,337.9,342.4,345.8,342.6,338.3,333.6,328.9,324.8,330.4,332.5,334.5,335.2,334.3,332.3,330.3,329.5,-3.8,-8.1,-10.1,-8.5,-4.3,0.4,2.0,0.4,-1.7,-4.0,-5.6,-6.5,-6.0,-4.3,-1.9,-0.4,0.2,0.5,0.5,-0.2,-1.9,-1.2,-2.1,-4.0,-5.8,-6.5,-5.7,-3.8,-6.3,-10.7,-12.7,-11.2,-7.1,-2.7,-0.7,-1.8,-3.5,-6.2,-8.3,-9.3,-8.8,-7.5,-5.2,-3.6,-2.6,-2.2,-2.2,-2.3,-4.5,-3.9,-4.8,-6.7,-8.5,-9.1,-8.2,-6.3,649.9,650.8,651.5,651.7,651.2,650.6,649.6,649.4,653.2,651.1,649.3,648.7,649.8,651.5,653.4,651.3,649.2,648.3,649.0,650.8,650.9,650.9,651.3,651.7,651.9,651.8,651.5,651.1,691.0,692.3,694.0,695.2,695.0,693.7,692.0,691.0,691.3,690.7,690.6,691.6,694.2,697.5,700.7,697.3,693.9,691.4,690.3,690.5,692.9,693.4,694.1,694.7,694.7,694.2,693.5,692.9,367.0,29.6,822.8,-0.002,0.100,-0.078
277,0,1656521716.253,0.98,1,-0.094269,0.068549,-0.993184,-0.243400,0.065721,-0.967697,-0.171,0.068,559.8,561.2,565.0,569.0,570.8,569.7,565.6,561.6,554.2,556.9,560.5,564.8,568.9,572.1,574.4,572.1,568.7,564.8,560.8,557.1,563.6,565.4,567.0,567.7,566.8,565.1,563.4,562.8,605.6,606.6,609.8,613.5,615.4,614.4,611.2,607.2,602.1,604.4,607.6,611.4,614.9,617.4,619.0,617.7,615.4,612.3,608.7,605.0,609.0,610.6,612.0,612.4,611.6,610.0,608.5,608.1,229.8,225.8,223.9,225.4,229.3,233.7,235.2,233.7,231.8,229.6,228.0,227.2,227.7,229.3,231.5,232.9,233.5,233.9,233.8,233.2,231.5,232.2,231.4,229.6,227.9,227.3,228.0,229.8,227.7,223.9,222.2,223.5,227.1,230.9,232.6,231.7,230.3,227.8,226.0,225.0,225.5,226.7,228.7,230.2,231.0,231.4,231.4,231.3,229.3,229.9,229.1,227.4,225.9,225.3,226.1,227.7,255.5,257.4,261.8,266.1,267.9,266.5,261.7,257.3,250.9,252.9,256.1,260.4,265.3,269.4,272.7,269.3,264.8,260.3,256.3,253.0,260.0,262.0,263.9,264.7,263.9,262.0,260.1,259.3,323.7,325.4,329.9,334.7,336.8,335.1,330.5,325.5,319.8,322.2,325.7,330.6,335.8,340.4,343.8,340.5,336.2,331.5,326.9,322.8,328.4,330.5,332.4,333.2,332.3,330.2,328.2,327.5,-3.6,-8.0,-9.9,-8.3,-4.1,0.6,2.2,0.6,-1.5,-3.8,-5.5,-6.4,-5.9,-4.2,-1.8,-0.3,0.4,0.8,0.7,0.0,-1.7,-1.1,-1.9,-3.8,-5.7,-6.4,-5.5,-3.6,-6.2,-10.5,-12.6,-11.1,-7.0,-2.6,-0.6,-1.7,-3.3,-6.1,-8.2,-9.3,-8.8,-7.4,-5.2,-3.4,-2.5,-2.0,-2.0,-2.2,-4.4,-3.8,-4.7,-6.6,-8.4,-9.0,-8.1,-6.2,646.2,647.1,647.8,647.9,647.5,646.9,645.9,645.7,649.6,647.4,645.6,645.0,646.0,647.8,649.6,647.6,645.5,644.7,645.3,647.2,647.2,647.2,647.6,647.9,648.1,648.1,647.7,647.4,686.6,687.9,689.6,690.7,690.6,689.3,687.6,686.6,686.8,686.2,686.2,687.2,689.8,693.1,696.3,692.8,689.5,687.0,685.9,686.1,688.4,688.9,689.7,690.2,690.3,689.8,689.1,688.5,367.9,29.7,824.5,0.000,0.102,-0.082
278,0,1656521716.287,0.98,1,-0.097287,0.067927,-0.992936,-0.244815,0.066085,-0.967315,-0.173,0.068,559.7,561.1,564.9,568.9,570.7,569.6,565.5,561.6,554.2,556.8,560.5,564.7,568.8,572.0,574.3,572.0,568.6,564.7,560.7,557.0,563.5,565.3,567.0,567.6,566.8,565.0,563.3,562.7,605.5,606.5,609.7,613.3,615.2,614.3,611.0,607.1,602.0,604.3,607.4,611.3,614.8,617.3,618.9,617.5,615.3,612.2,608.6,604.9,608.8,610.4,611.8,612.3,611.4,609.8,608.4,608.0,229.7,225.7,223.9,225.3,229.2,233.6,235.1,233.6,231.7,229.5,228.0,227.1,227.6,229.2,231.4,232.8,233.4,233.8,233.7,233.1,231.4,232.1,231.3,229.5,227.8,227.2,228.0,229.7,227.6,223.8,222.0,223.3,226.9,230.7,232.4,231.5,230.1,227.6,225.8,224.8,225.3,226.5,228.5,230.0,230.8,231.2,231.2,231.1,229.1,229.7,228.9,227.3,225.7,225.1,225.9,227.5,256.4,258.2,262.6,266.9,268.7,267.3,262.5,258.1,251.7,253.7,256.9,261.2,266.1,270.3,273.5,270.1,265.6,261.1,257.1,253.8,260.9,262.8,264.7,265.5,264.7,262.8,260.9,260.1,324.9,326.6,331.1,335.8,337.9,336.2,331.7,326.7,321.0,323.3,326.9,331.8,337.0,341.5,344.9,341.7,337.4,332.7,328.0,323.9,329.5,331.6,333.6,334.3,333.4,331.4,329.4,328.6,-3.7,-8.1,-10.0,-8.4,-4.2,0.5,2.1,0.5,-1.6,-3.9,-5.6,-6.5,-6.0,-4.3,-1.9,-0.4,0.2,0.6,0.6,-0.1,-1.9,-1.2,-2.0,-3.9,-5.8,-6.5,-5.6,-3.7,-6.4,-10.8,-12.8,-11.3,-7.2,-2.9,-0.8,-2.0,-3.5,-6.3,-8.4,-9.5,-9.0,-7.6,-5.4,-3.7,-2.7,-2.3,-2.2,-2.4,-4.7,-4.0,-4.9,-6.8,-8.6,-9.2,-8.4,-6.5,648.4,649.3,650.0,650.2,649.7,649.1,648.1,648.0,651.8,649.6,647.8,647.2,648.2,650.0,651.8,649.8,647.7,646.9,647.5,649.4,649.4,649.5,649.8,650.1,650.3,650.3,650.0,649.6,689.3,690.6,692.3,693.4,693.3,692.0,690.3,689.3,689.6,689.0,688.9,689.9,692.5,695.8,699.0,695.5,692.2,689.7,688.6,688.8,691.1,691.6,692.4,693.0,693.0,692.5,691.8,691.2,368.3,29.6,825.5,0.002,0.105,-0.083
279,0,1656521716.320,0.98,1,-0.095920,0.068110,-0.993056,-0.241856,0.066015,-0.968064,-0.171,0.068,559.8,561.2,564.9,568.9,570.8,569.7,565.6,561.6,554.2,556.9,560.5,564.7,568.9,572.1,574.3,572.0,568.6,564.8,560.8,557.1,563.6,565.4,567.0,567.6,566.8,565.1,563.4,562.8,605.6,606.5,609.8,613.4,615.3,614.3,611.1,607.2,602.1,604.4,607.5,611.4,614.8,617.3,618.9,617.6,615.3,612.2,608.6,604.9,608.9,610.5,611.9,612.3,611.5,609.9,608.5,608.1,229.7,225.6,223.8,225.3,229.2,233.5,235.0,233.5,231.6,229.5,227.9,227.1,227.6,229.1,231.3,232.7,233.3,233.6,233.6,233.0,231.4,232.0,231.2,229.4,227.7,227.1,227.9,229.7,227.5,223.8,222.1,223.4,226.9,230.7,232.4,231.5,230.0,227.6,225.8,224.9,225.4,226.6,228.6,230.0,230.8,231.2,231.2,231.0,229.1,229.7,228.9,227.3,225.7,225.1,225.9,227.5,257.5,259.3,263.7,268.1,269.9,268.4,263.7,259.3,252.8,254.9,258.1,262.4,267.2,271.4,274.6,271.3,266.8,262.3,258.2,255.0,262.0,263.9,265.9,266.7,265.9,264.0,262.0,261.2,325.5,327.2,331.8,336.5,338.6,336.9,332.3,327.3,321.6,324.0,327.6,332.5,337.7,342.2,345.6,342.3,338.0,333.3,328.7,324.5,330.2,332.2,334.2,335.0,334.1,332.0,330.0,329.3,-3.8,-8.1,-10.1,-8.5,-4.3,0.4,2.0,0.4,-1.7,-4.0,-5.6,-6.6,-6.0,-4.4,-2.0,-0.5,0.1,0.5,0.5,-0.2,-1.9,-1.3,-2.1,-4.0,-5.9,-6.6,-5.7,-3.8,-6.4,-10.8,-12.8,-11.3,-7.2,-2.8,-0.8,-2.0,-3.6,-6.3,-8.4,-9.4,-8.9,-7.6,-5.3,-3.7,-2.7,-2.3,-2.3,-2.4,-4.7,-4.0,-4.9,-6.8,-8.6,-9.2,-8.4,-6.5,651.2,652.0,652.7,652.9,652.4,651.8,650.9,650.7,654.5,652.3,650.5,649.9,651.0,652.7,654.6,652.5,650.5,649.6,650.2,652.1,652.1,652.2,652.5,652.9,653.1,653.0,652.7,652.3,690.6,691.9,693.6,694.7,694.6,693.3,691.6,690.5,690.8,690.2,690.1,691.2,693.7,697.1,700.3,696.8,693.4,690.9,689.8,690.0,692.4,692.9,693.6,694.2,694.3,693.8,693.0,692.4,367.2,29.6,823.0,-0.003,0.102,-0.080
280,0,1656521716.354,0.98,1,-0.094526,0.068005,-0.993197,-0.242796,0.066110,-0.967822,-0.170,0.068,559.8,561.1,564.9,568.9,570.8,569.7,565.6,561.6,554.2,556.9,560.5,564.7,568.9,572.1,574.3,572.0,568.6,564.8,560.8,557.1,563.6,565.3,567.0,567.6,566.8,565.1,563.4,562.8,605.5,606.5,609.7,613.3,615.2,614.3,611.0,607.1,602.0,604.3,607.5,611.3,614.8,617.3,618.9,617.5,615.2,612.2,608.6,604.9,608.8,610.4,611.8,612.3,611.4,609.8,608.4,608.0,229.7,225.7,223.9,225.3,229.2,233.6,235.1,233.6,231.7,229.5,228.0,227.1,227.6,229.2,231.4,232.8,233.3,233.7,233.7,233.1,231.4,232.1,231.3,229.5,227.8,227.2,228.0,229.7,227.6,223.8,222.1,223.4,227.0,230.7,232.5,231.5,230.1,227.7,225.8,224.9,225.4,226.6,228.6,230.0,230.8,231.2,231.2,231.1,229.1,229.7,228.9,227.3,225.7,225.2,225.9,227.6,257.3,259.1,263.5,267.9,269.6,268.2,263.4,259.1,252.6,254.6,257.8,262.1,267.0,271.2,274.4,271.0,266.5,262.0,258.0,254.8,261.8,263.7,265.6,266.4,265.6,263.7,261.8,261.0,325.5,327.2,331.7,336.4,338.6,336.8,332.3,327.3,321.6,323.9,327.5,332.4,337.6,342.1,345.6,342.3,338.0,333.3,328.6,324.5,330.2,332.2,334.2,335.0,334.0,332.0,330.0,329.2,-3.7,-8.1,-10.0,-8.5,-4.3,0.4,2.1,0.5,-1.6,-3.9,-5.6,-6.5,-6.0,-4.3,-1.9,-0.4,0.2,0.6,0.5,-0.1,-1.9,-1.2,-2.0,-4.0,-5.8,-6.5,-5.6,-3.7,-6.4,-10.7,-12.8,-11.3,-7.2,-2.8,-0.8,-1.9,-3.5,-6.3,-8.4,-9.4,-8.9,-7.6,-5.3,-3.6,-2.7,-2.3,-2.2,-2.4,-4.6,-4.0,-4.9,-6.8,-8.6,-9.2,-8.3,-6.4,650.6,651.4,652.2,652.3,651.9,651.3,650.3,650.1,654.0,651.8,650.0,649.4,650.4,652.2,654.0,652.0,649.9,649.0,649.7,651.6,651.6,651.6,651.9,652.3,652.5,652.4,652.1,651.8,690.6,691.9,693.6,694.8,694.6,693.3,691.6,690.6,690.8,690.2,690.2,691.2,693.8,697.1,700.3,696.8,693.5,691.0,689.9,690.1,692.4,692.9,693.7,694.3,694.3,693.8,693.1,692.5,368.3,29.6,825.6,-0.001,0.101,-0.081
281,0,1656521716.387,0.98,1,-0.092390,0.068782,-0.993344,-0.242414,0.067178,-0.967844,-0.169,0.069,559.8,561.2,564.9,568.9,570.7,569.6,565.6,561.6,554.2,556.9,560.5,564.7,568.9,572.0,574.3,572.0,568.6,564.8,560.8,557.1,563.6,565.3,567.0,567.6,566.8,565.0,563.4,562.8,605.6,606.5,609.8,613.4,615.3,614.3,611.1,607.2,602.1,604.4,607.5,611.3,614.8,617.3,618.9,617.6,615.3,612.2,608.6,604.9,608.9,610.5,611.9,612.3,611.5,609.9,608.5,608.1,229.7,225.7,223.9,225.3,229.2,233.6,235.0,233.6,231.7,229.5,228.0,227.1,227.6,229.2,231.4,232.8,233.3,233.7,233.6,233.1,231.4,232.1,231.3,229.5,227.8,227.2,228.0,229.7,227.6,223.8,222.1,223.4,226.9,230.7,232.4,231.5,230.1,227.7,225.8,224.9,225.4,226.6,228.6,230.0,230.8,231.2,231.2,231.1,229.1,229.7,228.9,227.3,225.7,225.2,225.9,227.6,257.6,259.4,263.8,268.2,270.0,268.6,263.8,259.4,252.9,254.9,258.2,262.5,267.4,271.5,274.8,271.4,266.9,262.4,258.3,255.1,262.1,264.0,266.0,266.8,266.0,264.1,262.1,261.3,326.1,327.8,332.3,337.0,339.1,337.4,332.9,327.9,322.2,324.5,328.1,333.0,338.2,342.7,346.1,342.9,338.6,333.9,329.2,325.1,330.7,332.8,334.8,335.5,334.6,332.6,330.6,329.8,-3.7,-8.1,-10.1,-8.5,-4.3,0.4,2.0,0.5,-1.6,-4.0,-5.6,-6.5,-6.0,-4.3,-1.9,-0.4,0.2,0.6,0.5,-0.1,-1.9,-1.2,-2.1,-4.0,-5.8,-6.5,-5.6,-3.7,-6.4,-10.8,-12.8,-11.3,-7.2,-2.8,-0.8,-1.9,-3.6,-6.3,-8.4,-9.5,-9.0,-7.6,-5.4,-3.7,-2.7,-2.3,-2.2,-2.4,-4.7,-4.0,-4.9,-6.8,-8.6,-9.2,-8.3,-6.5,651.4,652.3,653.0,653.2,652.8,652.2,651.2,651.0,654.8,652.6,650.8,650.3,651.3,653.1,655.0,652.9,650.8,649.9,650.5,652.4,652.4,652.5,652.8,653.2,653.4,653.3,653.0,652.6,691.7,693.0,694.7,695.8,695.7,694.4,692.7,691.7,691.9,691.3,691.3,692.3,694.9,698.2,701.4,697.9,694.6,692.1,691.0,691.2,693.5,694.0,694.8,695.3,695.4,694.9,694.2,693.6,368.3,29.6,825.7,0.001,0.101,-0.081
282,0,1656521716.420,0.98,1,-0.095437,0.067967,-0.993112,-0.243439,0.066247,-0.967651,-0.171,0.068,559.8,561.2,565.0,569.0,570.8,569.7,565.6,561.6,554.2,556.9,560.6,564.8,568.9,572.1,574.4,572.1,568.7,564.8,560.8,557.1,563.6,565.4,567.0,567.6,566.8,565.1,563.4,562.8,605.6,606.6,609.8,613.4,615.3,614.3,611.1,607.2,602.1,604.4,607.5,611.4,614.9,617.4,618.9,617.6,615.3,612.3,608.6,605.0,608.9,610.5,611.9,612.3,611.5,609.9,608.5,608.1,229.7,225.6,223.8,225.3,229.2,233.6,235.1,233.6,231.6,229.5,227.9,227.1,227.6,229.1,231.4,232.8,233.3,233.7,233.6,233.0,231.4,232.0,231.2,229.5,227.8,227.1,227.9,229.7,227.6,223.9,222.1,223.4,227.0,230.8,232.5,231.6,230.1,227.7,225.9,225.0,225.5,226.7,228.7,230.1,230.9,231.3,231.3,231.2,229.2,229.8,229.0,227.4,225.8,225.2,226.0,227.6,256.5,258.3,262.7,267.1,268.9,267.4,262.6,258.3,251.8,253.8,257.0,261.4,266.2,270.4,273.6,270.3,265.8,261.2,257.2,254.0,261.0,262.9,264.8,265.6,264.8,262.9,261.0,260.2,324.9,326.6,331.2,335.9,338.0,336.2,331.7,326.7,321.0,323.4,326.9,331.8,337.0,341.6,345.0,341.7,337.4,332.7,328.1,324.0,329.6,331.7,333.6,334.4,333.5,331.4,329.4,328.7,-3.8,-8.1,-10.1,-8.5,-4.3,0.4,2.0,0.4,-1.6,-4.0,-5.6,-6.6,-6.0,-4.3,-1.9,-0.4,0.2,0.6,0.5,-0.1,-1.9,-1.2,-2.1,-4.0,-5.8,-6.5,-5.7,-3.7,-6.3,-10.6,-12.7,-11.2,-7.0,-2.7,-0.7,-1.8,-3.5,-6.2,-8.3,-9.4,-8.9,-7.5,-5.2,-3.5,-2.6,-2.1,-2.1,-2.3,-4.5,-3.9,-4.8,-6.7,-8.5,-9.1,-8.2,-6.3,648.5,649.4,650.1,650.3,649.8,649.2,648.2,648.0,651.9,649.7,647.9,647.3,648.4,650.1,652.0,649.9,647.9,647.0,647.6,649.5,649.5,649.6,649.9,650.2,650.5,650.4,650.1,649.7,689.2,690.5,692.2,693.4,693.2,692.0,690.2,689.2,689.5,688.9,688.8,689.8,692.4,695.7,698.9,695.5,692.1,689.6,688.5,688.7,691.1,691.6,692.3,692.9,692.9,692.4,691.7,691.1,368.0,29.6,825.0,0.001,0.102,-0.079
283,0,1656521716.453,0.98,1,-0.098489,0.069053,-0.992739,-0.245338,0.066318,-0.967167,-0.174,0.069,559.8,561.2,565.0,569.0,570.8,569.7,565.6,561.7,554.3,557.0,560.6,564.8,569.0,572.2,574.4,572.1,568.7,564.8,560.8,557.2,563.7,565.4,567.1,567.7,566.9,565.1,563.5,562.9,605.6,606.6,609.8,613.4,615.3,614.4,611.1,607.2,602.1,604.4,607.5,611.4,614.9,617.4,619.0,617.7,615.4,612.3,608.7,605.0,608.9,610.5,611.9,612.4,611.5,609.9,608.5,608.1,229.7,225.7,223.9,225.4,229.3,233.6,235.1,233.6,231.7,229.5,228.0,227.1,227.6,229.2,231.5,232.9,233.4,233.8,233.7,233.1,231.4,232.1,231.3,229.5,227.8,227.2,228.0,229.7,227.7,223.9,222.2,223.5,227.1,230.9,232.6,231.6,230.2,227.8,225.9,225.0,225.5,226.7,228.7,230.2,231.0,231.4,231.4,231.2,229.3,229.8,229.1,227.4,225.9,225.3,226.0,227.7,256.9,258.7,263.1,267.4,269.2,267.7,263.0,258.6,252.2,254.2,257.4,261.7,266.6,270.7,274.0,270.6,266.1,261.6,257.6,254.3,261.3,263.3,265.2,266.0,265.2,263.3,261.4,260.6,324.3,326.0,330.6,335.3,337.4,335.7,331.1,326.1,320.4,322.8,326.3,331.2,336.4,341.0,344.4,341.1,336.8,332.1,327.5,323.4,329.0,331.1,333.0,333.8,332.9,330.8,328.8,328.1,-3.7,-8.1,-10.0,-8.4,-4.2,0.5,2.1,0.5,-1.6,-3.9,-5.6,-6.5,-6.0,-4.3,-1.8,-0.3,0.3,0.7,0.6,-0.1,-1.8,-1.1,-2.0,-3.9,-5.7,-6.4,-5.6,-3.7,-6.2,-10.6,-12.6,-11.1,-7.0,-2.6,-0.6,-1.8,-3.3,-6.1,-8.2,-9.3,-8.8,-7.4,-5.2,-3.5,-2.5,-2.1,-2.0,-2.2,-4.5,-3.8,-4.7,-6.6,-8.4,-9.0,-8.2,-6.3,649.3,650.2,650.9,651.0,650.5,650.0,649.0,648.9,652.7,650.5,648.7,648.1,649.1,650.9,652.7,650.7,648.6,647.8,648.4,650.3,650.3,650.4,650.7,651.0,651.2,651.2,650.9,650.5,687.9,689.2,691.0,692.1,692.0,690.7,688.9,687.9,688.2,687.6,687.5,688.6,691.1,694.5,697.7,694.2,690.8,688.3,687.2,687.4,689.8,690.3,691.0,691.6,691.6,691.1,690.4,689.8,368.8,29.6,826.6,0.003,0.105,-0.080
284,0,1656521716.487,0.98,1,-0.097091,0.070211,-0.992796,-0.244557,0.068472,-0.967214,-0.173,0.071,559.7,561.1,564.9,568.9,570.7,569.6,565.5,561.5,554.2,556.8,560.4,564.7,568.8,572.0,574.3,572.0,568.6,564.7,560.7,557.0,563.5,565.3,566.9,567.5,566.7,565.0,563.3,562.7,605.5,606.5,609.7,613.3,615.2,614.3,611.0,607.1,602.0,604.3,607.5,611.3,614.8,617.3,618.9,617.6,615.3,612.2,608.6,604.9,608.9,610.4,611.9,612.3,611.4,609.9,608.4,608.0,229.6,225.6,223.8,225.3,229.1,233.5,235.0,233.5,231.6,229.5,227.9,227.0,227.5,229.1,231.3,232.7,233.3,233.7,233.6,233.0,231.4,232.0,231.2,229.4,227.7,227.1,227.9,229.7,227.4,223.7,221.9,223.2,226.8,230.5,232.3,231.3,229.9,227.5,225.7,224.7,225.2,226.4,228.4,229.8,230.6,231.0,231.1,230.9,229.0,229.5,228.8,227.1,225.6,225.0,225.8,227.4,256.7,258.5,262.9,267.3,269.1,267.6,262.9,258.5,252.1,254.1,257.3,261.6,266.4,270.6,273.8,270.5,266.0,261.5,257.4,254.2,261.2,263.1,265.1,265.9,265.1,263.2,261.2,260.4,325.0,326.7,331.2,336.0,338.1,336.4,331.8,326.8,321.1,323.5,327.0,331.9,337.1,341.7,345.1,341.8,337.5,332.8,328.2,324.1,329.7,331.8,333.7,334.5,333.6,331.5,329.5,328.8,-3.8,-8.1,-10.1,-8.5,-4.3,0.4,2.0,0.4,-1.7,-4.0,-5.7,-6.6,-6.1,-4.4,-2.0,-0.5,0.1,0.5,0.5,-0.2,-1.9,-1.3,-2.1,-4.0,-5.9,-6.6,-5.7,-3.8,-6.6,-10.9,-12.9,-11.5,-7.4,-3.0,-1.0,-2.1,-3.7,-6.5,-8.6,-9.6,-9.2,-7.8,-5.6,-3.8,-2.9,-2.4,-2.4,-2.5,-4.8,-4.2,-5.0,-7.0,-8.8,-9.4,-8.5,-6.6,649.4,650.2,650.9,651.1,650.6,650.0,649.1,648.9,652.8,650.6,648.8,648.2,649.2,650.9,652.8,650.7,648.7,647.8,648.5,650.4,650.3,650.4,650.7,651.1,651.3,651.2,650.9,650.6,689.6,690.9,692.6,693.7,693.6,692.3,690.6,689.6,689.8,689.2,689.2,690.2,692.7,696.1,699.3,695.8,692.4,690.0,688.9,689.1,691.4,691.9,692.7,693.2,693.3,692.8,692.0,691.5,368.3,29.5,825.5,0.004,0.104,-0.083
285,0,1656521716.520,0.98,1,-0.098718,0.068664,-0.992744,-0.244092,0.066871,-0.967444,-0.173,0.069,559.6,561.0,564.8,568.8,570.6,569.5,565.5,561.5,554.1,556.7,560.4,564.6,568.7,572.0,574.2,571.9,568.5,564.6,560.6,557.0,563.5,565.2,566.9,567.5,566.7,564.9,563.3,562.7,605.4,606.4,609.6,613.3,615.2,614.2,611.0,607.0,601.9,604.2,607.4,611.2,614.7,617.2,618.8,617.5,615.2,612.1,608.5,604.8,608.8,610.4,611.8,612.2,611.4,609.8,608.4,607.9,229.8,225.7,223.9,225.4,229.3,233.6,235.1,233.6,231.7,229.6,228.0,227.1,227.6,229.2,231.4,232.8,233.4,233.8,233.7,233.1,231.5,232.1,231.3,229.5,227.8,227.2,228.0,229.8,227.6,223.8,222.1,223.4,227.0,230.7,232.5,231.5,230.1,227.7,225.8,224.9,225.4,226.6,228.6,230.0,230.8,231.2,231.3,231.1,229.1,229.7,228.9,227.3,225.7,225.2,225.9,227.6,256.6,258.4,262.7,267.1,268.9,267.5,262.7,258.4,251.9,253.9,257.1,261.4,266.3,270.4,273.7,270.3,265.8,261.3,257.3,254.1,261.1,263.0,264.9,265.7,264.9,263.0,261.1,260.3,324.4,326.1,330.6,335.3,337.4,335.7,331.2,326.2,320.5,322.8,326.4,331.3,336.5,341.0,344.4,341.2,336.9,332.2,327.5,323.4,329.1,331.1,333.1,333.9,332.9,330.9,328.9,328.1,-3.7,-8.0,-10.0,-8.4,-4.2,0.5,2.1,0.5,-1.6,-3.9,-5.6,-6.5,-6.0,-4.3,-1.9,-0.4,0.3,0.7,0.6,-0.0,-1.8,-1.1,-2.0,-3.9,-5.8,-6.4,-5.6,-3.7,-6.4,-10.7,-12.7,-11.3,-7.1,-2.8,-0.8,-1.9,-3.5,-6.3,-8.4,-9.4,-8.9,-7.6,-5.3,-3.6,-2.7,-2.2,-2.2,-2.3,-4.6,-4.0,-4.8,-6.7,-8.5,-9.2,-8.3,-6.4,649.2,650.0,650.7,650.8,650.3,649.8,648.8,648.7,652.6,650.4,648.5,647.9,648.9,650.6,652.5,650.5,648.4,647.6,648.3,650.2,650.1,650.2,650.5,650.8,651.0,651.0,650.7,650.3,688.4,689.7,691.4,692.6,692.5,691.2,689.5,688.4,688.7,688.1,688.0,689.0,691.6,694.9,698.2,694.7,691.3,688.8,687.7,687.9,690.3,690.8,691.5,692.1,692.1,691.6,690.9,690.3,368.1,29.6,825.2,0.001,0.105,-0.084
286,0,1656521716.553,0.98,1,-0.098780,0.071045,-0.992570,-0.245788,0.068870,-0.966874,-0.174,0.071,559.6,561.0,564.8,568.8,570.6,569.5,565.5,561.5,554.1,556.7,560.4,564.6,568.7,572.0,574.2,571.9,568.5,564.6,560.6,557.0,563.5,565.2,566.9,567.5,566.7,564.9,563.3,562.7,605.3,606.3,609.6,613.2,615.1,614.1,610.9,607.0,601.9,604.2,607.3,611.2,614.6,617.1,618.7,617.4,615.1,612.1,608.4,604.7,608.7,610.3,611.7,612.1,611.3,609.7,608.3,607.9,229.7,225.6,223.8,225.3,229.2,233.5,235.0,233.6,231.6,229.5,227.9,227.1,227.6,229.1,231.3,232.7,233.3,233.7,233.6,233.0,231.4,232.0,231.2,229.5,227.8,227.1,227.9,229.7,227.5,223.7,221.9,223.2,226.8,230.6,232.3,231.4,230.0,227.5,225.7,224.8,225.2,226.4,228.4,229.9,230.7,231.1,231.1,231.0,229.0,229.6,228.8,227.1,225.6,225.0,225.8,227.4,256.7,258.5,262.8,267.2,269.0,267.6,262.8,258.5,252.0,254.0,257.2,261.5,266.4,270.5,273.8,270.4,265.9,261.4,257.4,254.2,261.2,263.1,265.0,265.8,265.0,263.1,261.2,260.4,324.3,326.0,330.5,335.3,337.4,335.7,331.1,326.2,320.4,322.8,326.3,331.2,336.4,341.0,344.4,341.2,336.9,332.2,327.5,323.4,329.0,331.1,333.1,333.8,332.9,330.8,328.8,328.1,-3.8,-8.1,-10.1,-8.5,-4.3,0.4,2.0,0.4,-1.7,-4.0,-5.6,-6.6,-6.0,-4.4,-2.0,-0.5,0.2,0.6,0.5,-0.1,-1.9,-1.2,-2.1,-4.0,-5.8,-6.5,-5.7,-3.8,-6.5,-10.9,-12.9,-11.4,-7.3,-3.0,-0.9,-2.0,-3.6,-6.4,-8.5,-9.6,-9.1,-7.7,-5.5,-3.8,-2.9,-2.4,-2.3,-2.5,-4.8,-4.1,-5.0,-6.9,-8.7,-9.4,-8.5,-6.6,649.4,650.2,650.9,651.1,650.6,650.0,649.1,648.9,652.8,650.6,648.7,648.1,649.2,650.9,652.8,650.7,648.7,647.8,648.5,650.4,650.3,650.4,650.7,651.1,651.3,651.2,650.9,650.5,688.5,689.8,691.5,692.7,692.6,691.3,689.6,688.6,688.8,688.2,688.1,689.1,691.7,695.0,698.3,694.8,691.4,688.9,687.8,688.1,690.4,690.9,691.6,692.2,692.2,691.7,691.0,690.4,368.1,29.6,825.4,0.003,0.108,-0.085
287,0,1656521716.587,0.98,1,-0.097543,0.069614,-0.992794,-0.244099,0.067380,-0.967407,-0.173,0.070,559.6,560.9,564.7,568.7,570.5,569.4,565.4,561.4,554.0,556.7,560.3,564.5,568.6,571.8,574.1,571.8,568.4,564.5,560.6,556.9,563.4,565.1,566.8,567.4,566.6,564.8,563.2,562.6,605.2,606.2,609.4,613.0,614.9,614.0,610.7,606.8,601.7,604.0,607.2,611.0,614.5,617.0,618.6,617.2,614.9,611.9,608.3,604.6,608.5,610.1,611.5,612.0,611.1,609.5,608.1,607.7,229.8,225.8,223.9,225.4,229.3,233.6,235.1,233.7,231.8,229.6,228.1,227.2,227.7,229.2,231.4,232.8,233.4,233.8,233.7,233.1,231.5,232.1,231.3,229.5,227.8,227.2,228.0,229.8,227.5,223.8,222.0,223.3,226.9,230.7,232.4,231.4,230.0,227.6,225.8,224.9,225.4,226.6,228.5,229.9,230.7,231.1,231.2,231.0,229.1,229.7,228.9,227.2,225.7,225.1,225.9,227.5,257.5,259.3,263.7,268.1,269.9,268.5,263.7,259.3,252.9,254.9,258.1,262.4,267.2,271.4,274.7,271.3,266.8,262.3,258.3,255.0,262.1,264.0,265.9,266.7,265.9,264.0,262.0,261.3,325.3,327.1,331.6,336.3,338.4,336.7,332.2,327.2,321.5,323.8,327.4,332.3,337.5,342.0,345.4,342.2,337.9,333.2,328.5,324.4,330.0,332.1,334.1,334.8,333.9,331.8,329.9,329.1,-3.7,-8.0,-10.0,-8.4,-4.2,0.5,2.1,0.5,-1.5,-3.9,-5.5,-6.5,-5.9,-4.3,-1.9,-0.4,0.2,0.7,0.6,-0.0,-1.8,-1.1,-2.0,-3.9,-5.8,-6.5,-5.6,-3.7,-6.5,-10.8,-12.8,-11.4,-7.2,-2.9,-0.9,-2.0,-3.6,-6.3,-8.4,-9.5,-9.0,-7.6,-5.4,-3.7,-2.8,-2.3,-2.3,-2.4,-4.7,-4.0,-4.9,-6.8,-8.6,-9.3,-8.4,-6.5,651.8,652.6,653.3,653.5,653.0,652.5,651.5,651.4,655.2,653.0,651.2,650.6,651.6,653.3,655.2,653.1,651.1,650.3,650.9,652.8,652.8,652.8,653.1,653.5,653.7,653.6,653.3,653.0,691.1,692.4,694.1,695.2,695.1,693.8,692.1,691.1,691.3,690.7,690.6,691.7,694.2,697.6,700.8,697.3,693.9,691.5,690.4,690.6,692.9,693.4,694.2,694.7,694.8,694.3,693.5,693.0,368.1,29.6,825.6,-0.002,0.107,-0.086
288,0,1656521716.620,0.98,1,-0.096392,0.066247,-0.993136,-0.244597,0.063540,-0.967541,-0.172,0.066,559.6,561.0,564.8,568.8,570.6,569.5,565.4,561.5,554.1,556.7,560.4,564.6,568.7,571.9,574.2,571.9,568.5,564.6,560.6,556.9,563.4,565.2,566.8,567.5,566.7,564.9,563.2,562.6,605.3,606.3,609.5,613.1,615.0,614.1,610.8,606.9,601.8,604.1,607.3,611.1,614.6,617.1,618.7,617.4,615.1,612.0,608.4,604.7,608.6,610.2,611.7,612.1,611.2,609.7,608.2,607.8,229.6,225.6,223.8,225.2,229.1,233.5,235.0,233.5,231.6,229.4,227.9,227.0,227.5,229.1,231.3,232.7,233.3,233.6,233.6,233.0,231.3,232.0,231.2,229.4,227.7,227.1,227.9,229.6,227.6,223.8,222.0,223.3,226.9,230.7,232.4,231.5,230.1,227.6,225.8,224.9,225.4,226.6,228.6,230.0,230.8,231.2,231.2,231.1,229.1,229.7,228.9,227.3,225.7,225.1,225.9,227.5,256.6,258.4,262.8,267.2,269.0,267.5,262.7,258.4,251.9,253.9,257.1,261.4,266.3,270.5,273.7,270.3,265.8,261.3,257.3,254.1,261.1,263.0,264.9,265.7,264.9,263.0,261.1,260.3,324.6,326.3,330.8,335.6,337.7,335.9,331.4,326.4,320.7,323.1,326.6,331.5,336.7,341.2,344.7,341.4,337.1,332.4,327.7,323.6,329.3,331.3,333.3,334.1,333.2,331.1,329.1,328.4,-3.8,-8.2,-10.2,-8.6,-4.4,0.3,2.0,0.4,-1.7,-4.0,-5.7,-6.6,-6.1,-4.4,-2.0,-0.5,0.1,0.5,0.4,-0.2,-2.0,-1.3,-2.1,-4.1,-5.9,-6.6,-5.7,-3.8,-6.4,-10.7,-12.8,-11.3,-7.2,-2.8,-0.8,-1.9,-3.6,-6.3,-8.4,-9.5,-9.0,-7.6,-5.3,-3.6,-2.7,-2.3,-2.2,-2.4,-4.6,-4.0,-4.9,-6.8,-8.6,-9.2,-8.3,-6.4,649.3,650.2,650.9,651.0,650.5,649.9,649.0,648.8,652.7,650.5,648.7,648.1,649.1,650.8,652.7,650.6,648.6,647.7,648.4,650.3,650.3,650.3,650.6,651.0,651.2,651.1,650.8,650.5,689.2,690.5,692.2,693.4,693.2,691.9,690.2,689.2,689.5,688.9,688.8,689.8,692.4,695.7,698.9,695.4,692.0,689.6,688.5,688.7,691.0,691.5,692.3,692.9,692.9,692.4,691.7,691.1,368.2,29.6,825.8,-0.002,0.106,-0.084
289,0,1656521716.654,0.98,1,-0.099574,0.067052,-0.992768,-0.244874,0.064722,-0.967392,-0.174,0.067,559.5,560.8,564.6,568.6,570.4,569.3,565.3,561.3,553.9,556.6,560.2,564.4,568.5,571.7,574.0,571.7,568.3,564.4,560.5,556.8,563.3,565.0,566.7,567.3,566.5,564.7,563.1,562.5,605.1,606.1,609.3,613.0,614.9,613.9,610.7,606.7,601.6,603.9,607.1,610.9,614.4,616.9,618.5,617.2,614.9,611.8,608.2,604.5,608.5,610.1,611.5,611.9,611.1,609.5,608.0,607.6,229.7,225.6,223.8,225.3,229.2,233.5,235.0,233.5,231.7,229.5,227.9,227.1,227.6,229.1,231.3,232.7,233.3,233.7,233.6,233.0,231.4,232.0,231.2,229.4,227.8,227.1,227.9,229.7,227.5,223.7,222.0,223.2,226.8,230.6,232.4,231.4,230.0,227.6,225.7,224.8,225.3,226.5,228.5,229.9,230.7,231.1,231.1,231.0,229.0,229.6,228.8,227.2,225.6,225.0,225.8,227.5,257.2,259.0,263.4,267.7,269.5,268.1,263.3,259.0,252.5,254.5,257.7,262.0,266.9,271.1,274.3,270.9,266.4,261.9,257.9,254.7,261.7,263.6,265.5,266.3,265.5,263.6,261.7,260.9,324.2,325.9,330.4,335.1,337.3,335.5,331.0,326.0,320.3,322.6,326.2,331.1,336.3,340.8,344.3,341.0,336.7,332.0,327.3,323.2,328.9,330.9,332.9,333.7,332.7,330.7,328.7,327.9,-3.8,-8.1,-10.1,-8.5,-4.3,0.4,2.0,0.4,-1.6,-4.0,-5.6,-6.6,-6.0,-4.4,-2.0,-0.5,0.1,0.5,0.5,-0.1,-1.9,-1.2,-2.1,-4.0,-5.9,-6.6,-5.7,-3.8,-6.5,-10.8,-12.9,-11.4,-7.3,-2.9,-0.9,-2.0,-3.6,-6.4,-8.5,-9.5,-9.0,-7.7,-5.5,-3.8,-2.9,-2.4,-2.4,-2.5,-4.7,-4.1,-5.0,-6.9,-8.7,-9.3,-8.4,-6.5,651.2,652.1,652.8,652.9,652.4,651.8,650.9,650.7,654.7,652.4,650.6,650.0,651.0,652.7,654.6,652.5,650.5,649.7,650.3,652.2,652.2,652.2,652.5,652.9,653.1,653.1,652.8,652.4,688.8,690.1,691.8,693.0,692.8,691.5,689.8,688.8,689.0,688.5,688.4,689.4,692.0,695.3,698.5,695.0,691.6,689.2,688.1,688.3,690.6,691.1,691.9,692.5,692.5,692.0,691.3,690.7,367.6,29.6,824.7,-0.002,0.108,-0.085
290,0,1656521716.687,0.98,1,-0.098066,0.067328,-0.992900,-0.244161,0.064657,-0.967577,-0.173,0.067,559.5,560.9,564.7,568.7,570.6,569.4,565.4,561.4,554.0,556.7,560.3,564.5,568.7,571.9,574.1,571.8,568.4,564.5,560.5,556.9,563.4,565.1,566.8,567.4,566.6,564.8,563.2,562.6,605.3,606.3,609.6,613.2,615.1,614.1,610.9,606.9,601.8,604.1,607.3,611.2,614.6,617.1,618.7,617.4,615.1,612.0,608.4,604.7,608.7,610.3,611.7,612.1,611.3,609.7,608.3,607.8,229.8,225.7,223.9,225.4,229.3,233.6,235.1,233.6,231.7,229.5,228.0,227.1,227.6,229.2,231.4,232.8,233.4,233.8,233.7,233.1,231.5,232.1,231.3,229.5,227.8,227.2,228.0,229.8,227.7,223.9,222.2,223.5,227.1,230.9,232.6,231.6,230.2,227.8,226.0,225.0,225.5,226.7,228.7,230.2,230.9,231.3,231.4,231.2,229.3,229.8,229.1,227.4,225.8,225.3,226.0,227.7,256.5,258.3,262.7,267.0,268.8,267.4,262.6,258.3,251.8,253.8,257.0,261.3,266.2,270.3,273.6,270.2,265.7,261.2,257.2,254.0,261.0,262.9,264.8,265.6,264.8,262.9,261.0,260.2,323.9,325.6,330.1,334.8,336.9,335.2,330.7,325.7,320.0,322.3,325.9,330.8,336.0,340.5,343.9,340.7,336.4,331.7,327.0,322.9,328.5,330.6,332.6,333.3,332.4,330.4,328.4,327.6,-3.7,-8.0,-10.0,-8.4,-4.2,0.5,2.1,0.5,-1.6,-3.9,-5.6,-6.5,-5.9,-4.3,-1.9,-0.4,0.3,0.7,0.6,-0.0,-1.8,-1.1,-2.0,-3.9,-5.7,-6.4,-5.6,-3.7,-6.2,-10.6,-12.6,-11.1,-7.0,-2.6,-0.6,-1.8,-3.4,-6.1,-8.2,-9.3,-8.8,-7.4,-5.2,-3.5,-2.5,-2.1,-2.0,-2.2,-4.5,-3.8,-4.7,-6.6,-8.4,-9.0,-8.2,-6.3,649.2,650.0,650.7,650.8,650.3,649.8,648.8,648.7,652.6,650.4,648.5,647.9,648.9,650.6,652.5,650.5,648.4,647.6,648.3,650.2,650.1,650.2,650.5,650.8,651.0,651.0,650.7,650.3,687.6,688.9,690.6,691.7,691.6,690.3,688.6,687.6,687.8,687.2,687.2,688.2,690.8,694.1,697.3,693.9,690.5,688.0,686.9,687.1,689.4,689.9,690.7,691.2,691.3,690.8,690.1,689.5,368.3,29.6,826.1,-0.003,0.106,-0.082
291,0,1656521716.720,0.98,1,-0.095295,0.069463,-0.993023,-0.243566,0.067499,-0.967533,-0.171,0.070,559.5,560.9,564.7,568.7,570.6,569.4,565.4,561.4,554.0,556.6,560.3,564.5,568.7,571.9,574.1,571.8,568.4,564.5,560.5,556.8,563.4,565.1,566.8,567.4,566.6,564.8,563.2,562.6,605.3,606.3,609.5,613.1,615.0,614.1,610.8,606.9,601.8,604.1,607.3,611.1,614.6,617.1,618.7,617.4,615.1,612.0,608.4,604.7,608.6,610.2,611.6,612.1,611.2,609.6,608.2,607.8,229.8,225.7,223.9,225.4,229.3,233.6,235.1,233.7,231.7,229.6,228.0,227.2,227.7,229.2,231.5,232.8,233.4,233.8,233.7,233.1,231.5,232.1,231.3,229.6,227.9,227.2,228.0,229.8,227.6,223.9,222.1,223.4,227.0,230.8,232.5,231.6,230.1,227.7,225.9,225.0,225.4,226.7,228.6,230.1,230.9,231.3,231.3,231.2,229.2,229.8,229.0,227.3,225.8,225.2,226.0,227.6,256.4,258.3,262.6,267.0,268.8,267.4,262.6,258.2,251.7,253.8,257.0,261.3,266.2,270.3,273.6,270.2,265.7,261.2,257.2,253.9,260.9,262.9,264.8,265.6,264.8,262.9,261.0,260.2,324.2,325.9,330.4,335.2,337.3,335.6,331.0,326.1,320.3,322.7,326.2,331.1,336.4,340.9,344.3,341.1,336.8,332.1,327.4,323.3,328.9,331.0,333.0,333.7,332.8,330.7,328.7,328.0,-3.7,-8.0,-10.0,-8.4,-4.2,0.5,2.1,0.5,-1.5,-3.9,-5.5,-6.4,-5.9,-4.3,-1.9,-0.3,0.3,0.7,0.6,-0.0,-1.8,-1.1,-2.0,-3.9,-5.7,-6.4,-5.6,-3.6,-6.3,-10.6,-12.7,-11.2,-7.1,-2.7,-0.7,-1.8,-3.4,-6.2,-8.3,-9.4,-8.9,-7.5,-5.3,-3.6,-2.6,-2.2,-2.1,-2.3,-4.5,-3.9,-4.8,-6.7,-8.5,-9.1,-8.2,-6.3,649.1,649.9,650.7,650.8,650.4,649.8,648.8,648.6,652.5,650.3,648.5,647.9,648.9,650.7,652.5,650.5,648.4,647.6,648.2,650.1,650.1,650.1,650.5,650.8,651.0,650.9,650.6,650.3,688.4,689.7,691.5,692.6,692.5,691.2,689.5,688.4,688.7,688.1,688.0,689.1,691.6,695.0,698.2,694.7,691.3,688.8,687.7,688.0,690.3,690.8,691.5,692.1,692.2,691.7,690.9,690.3,367.8,29.6,825.3,-0.000,0.104,-0.081
292,0,1656521716.754,0.98,1,-0.095818,0.071337,-0.992839,-0.244130,0.069168,-0.967273,-0.172,0.072,559.5,560.8,564.6,568.6,570.5,569.4,565.3,561.3,553.9,556.6,560.2,564.4,568.6,571.8,574.0,571.7,568.3,564.4,560.5,556.8,563.3,565.0,566.7,567.3,566.5,564.8,563.1,562.5,605.3,606.2,609.5,613.1,615.0,614.0,610.8,606.9,601.8,604.1,607.2,611.1,614.5,617.1,618.7,617.3,615.0,612.0,608.3,604.6,608.6,610.2,611.6,612.0,611.2,609.6,608.2,607.8,229.7,225.7,223.8,225.3,229.2,233.6,235.1,233.6,231.7,229.5,228.0,227.1,227.6,229.1,231.4,232.8,233.3,233.7,233.6,233.0,231.4,232.0,231.3,229.5,227.8,227.1,227.9,229.7,227.6,223.8,222.0,223.3,226.9,230.7,232.5,231.5,230.1,227.7,225.8,224.9,225.4,226.6,228.5,230.0,230.8,231.2,231.2,231.1,229.1,229.7,228.9,227.3,225.7,225.1,225.9,227.6,256.5,258.3,262.7,267.1,268.9,267.4,262.7,258.3,251.8,253.9,257.1,261.4,266.2,270.4,273.6,270.3,265.8,261.3,257.2,254.0,261.0,262.9,264.9,265.7,264.9,263.0,261.0,260.2,324.7,326.5,331.0,335.7,337.8,336.1,331.5,326.6,320.9,323.2,326.8,331.7,336.9,341.4,344.8,341.6,337.3,332.6,327.9,323.8,329.4,331.5,333.5,334.2,333.3,331.2,329.3,328.5,-3.7,-8.1,-10.1,-8.5,-4.3,0.4,2.0,0.5,-1.6,-3.9,-5.6,-6.5,-6.0,-4.3,-1.9,-0.4,0.2,0.6,0.5,-0.1,-1.9,-1.2,-2.1,-4.0,-5.8,-6.5,-5.6,-3.7,-6.4,-10.7,-12.8,-11.3,-7.2,-2.8,-0.8,-1.9,-3.6,-6.3,-8.4,-9.4,-8.9,-7.6,-5.4,-3.7,-2.7,-2.3,-2.2,-2.4,-4.6,-4.0,-4.9,-6.8,-8.6,-9.2,-8.3,-6.4,649.5,650.3,651.1,651.2,650.8,650.2,649.2,649.1,652.9,650.7,648.9,648.3,649.3,651.1,652.9,650.9,648.8,648.0,648.6,650.5,650.5,650.5,650.9,651.2,651.4,651.4,651.0,650.7,689.6,690.9,692.6,693.7,693.6,692.3,690.6,689.6,689.9,689.3,689.2,690.2,692.8,696.1,699.3,695.9,692.5,690.0,688.9,689.2,691.5,692.0,692.7,693.3,693.3,692.8,692.1,691.5,367.5,29.6,824.7,0.002,0.104,-0.082
293,0,1656521716.787,0.98,1,-0.093714,0.073159,-0.992908,-0.243584,0.071319,-0.967254,-0.170,0.074,559.5,560.9,564.7,568.7,570.5,569.4,565.4,561.4,553.9,556.6,560.3,564.5,568.6,571.8,574.1,571.8,568.4,564.5,560.5,556.8,563.3,565.1,566.8,567.4,566.6,564.8,563.1,562.5,605.3,606.3,609.5,613.2,615.1,614.1,610.8,606.9,601.8,604.1,607.3,611.1,614.6,617.1,618.7,617.4,615.1,612.0,608.4,604.7,608.7,610.2,611.7,612.1,611.3,609.7,608.2,607.8,229.7,225.7,223.8,225.3,229.2,233.6,235.1,233.6,231.7,229.5,228.0,227.1,227.6,229.2,231.4,232.8,233.3,233.7,233.6,233.1,231.4,232.1,231.3,229.5,227.8,227.2,227.9,229.7,227.5,223.8,222.0,223.3,226.9,230.7,232.4,231.5,230.0,227.6,225.8,224.9,225.4,226.6,228.5,229.9,230.7,231.2,231.2,231.0,229.1,229.7,228.9,227.2,225.7,225.1,225.9,227.5,256.3,258.2,262.6,266.9,268.7,267.3,262.5,258.1,251.6,253.7,256.9,261.2,266.1,270.3,273.5,270.1,265.6,261.1,257.1,253.8,260.9,262.8,264.7,265.5,264.7,262.8,260.9,260.1,324.8,326.5,331.0,335.7,337.9,336.1,331.6,326.6,320.9,323.3,326.8,331.7,336.9,341.4,344.9,341.6,337.3,332.6,327.9,323.8,329.5,331.5,333.5,334.3,333.3,331.3,329.3,328.6,-3.7,-8.1,-10.1,-8.5,-4.3,0.4,2.1,0.5,-1.6,-3.9,-5.6,-6.5,-6.0,-4.3,-1.9,-0.4,0.2,0.6,0.5,-0.1,-1.9,-1.2,-2.0,-4.0,-5.8,-6.5,-5.6,-3.7,-6.4,-10.8,-12.8,-11.3,-7.2,-2.9,-0.8,-1.9,-3.6,-6.3,-8.4,-9.5,-9.0,-7.6,-5.4,-3.7,-2.8,-2.3,-2.3,-2.4,-4.7,-4.0,-4.9,-6.8,-8.6,-9.3,-8.4,-6.5,648.9,649.8,650.5,650.7,650.2,649.6,648.7,648.5,652.3,650.1,648.3,647.7,648.8,650.5,652.4,650.3,648.3,647.4,648.0,649.9,649.9,650.0,650.3,650.7,650.9,650.8,650.5,650.1,689.6,690.9,692.6,693.7,693.6,692.3,690.6,689.6,689.9,689.3,689.2,690.2,692.7,696.1,699.3,695.8,692.4,690.0,688.9,689.1,691.5,691.9,692.7,693.2,693.3,692.8,692.1,691.5,367.3,29.5,824.2,0.005,0.101,-0.080
294,0,1656521716.820,0.98,1,-0.094755,0.068117,-0.993167,-0.243202,0.066987,-0.967660,-0.171,0.069,559.6,560.9,564.7,568.7,570.6,569.5,565.4,561.4,554.0,556.7,560.3,564.5,568.7,571.9,574.2,571.8,568.4,564.6,560.6,556.9,563.4,565.1,566.8,567.4,566.6,564.9,563.2,562.6,605.4,606.3,609.6,613.2,615.1,614.1,610.9,607.0,601.9,604.2,607.3,611.2,614.6,617.2,618.7,617.4,615.1,612.1,608.5,604.8,608.7,610.3,611.7,612.1,611.3,609.7,608.3,607.9,229.7,225.7,223.9,225.3,229.2,233.6,235.1,233.6,231.7,229.5,227.9,227.1,227.6,229.2,231.4,232.8,233.4,233.8,233.7,233.1,231.4,232.1,231.3,229.5,227.8,227.2,228.0,229.7,227.6,223.9,222.1,223.4,227.0,230.8,232.5,231.5,230.1,227.7,225.8,224.9,225.4,226.6,228.6,230.1,230.9,231.3,231.3,231.2,229.2,229.7,229.0,227.3,225.8,225.2,226.0,227.6,256.0,257.8,262.2,266.5,268.3,266.9,262.1,257.8,251.3,253.3,256.5,260.8,265.7,269.9,273.1,269.7,265.2,260.7,256.7,253.4,260.5,262.4,264.3,265.1,264.3,262.4,260.5,259.7,324.8,326.5,331.0,335.7,337.8,336.1,331.6,326.6,320.9,323.2,326.8,331.7,336.9,341.4,344.8,341.6,337.3,332.6,327.9,323.8,329.5,331.5,333.5,334.3,333.3,331.3,329.3,328.5,-3.7,-8.1,-10.0,-8.4,-4.2,0.5,2.1,0.5,-1.6,-3.9,-5.6,-6.5,-6.0,-4.3,-1.9,-0.4,0.2,0.7,0.6,-0.1,-1.9,-1.2,-2.0,-3.9,-5.8,-6.5,-5.6,-3.7,-6.3,-10.7,-12.7,-11.2,-7.1,-2.8,-0.8,-1.9,-3.5,-6.3,-8.4,-9.4,-8.9,-7.5,-5.3,-3.6,-2.6,-2.2,-2.1,-2.3,-4.6,-3.9,-4.8,-6.7,-8.5,-9.2,-8.3,-6.4,647.9,648.7,649.4,649.6,649.1,648.5,647.6,647.4,651.2,649.0,647.2,646.6,647.7,649.4,651.3,649.2,647.2,646.3,647.0,648.8,648.8,648.9,649.2,649.6,649.8,649.7,649.4,649.0,689.4,690.7,692.4,693.5,693.4,692.2,690.5,689.4,689.7,689.1,689.0,690.0,692.6,695.9,699.1,695.7,692.3,689.8,688.7,688.9,691.3,691.8,692.5,693.1,693.1,692.6,691.9,691.3,368.0,29.6,825.5,0.001,0.100,-0.080
295,0,1656521716.854,0.98,1,-0.096872,0.071457,-0.992728,-0.243576,0.069756,-0.967370,-0.172,0.072,559.5,560.9,564.6,568.6,570.5,569.4,565.3,561.3,554.0,556.6,560.2,564.4,568.6,571.8,574.0,571.7,568.3,564.5,560.5,556.8,563.3,565.1,566.7,567.3,566.5,564.8,563.1,562.5,605.2,606.2,609.4,613.0,614.9,614.0,610.7,606.8,601.7,604.0,607.2,611.0,614.5,617.0,618.6,617.2,614.9,611.9,608.3,604.6,608.5,610.1,611.5,612.0,611.1,609.5,608.1,607.7,229.7,225.7,223.9,225.3,229.2,233.6,235.1,233.6,231.7,229.5,228.0,227.1,227.6,229.2,231.4,232.8,233.3,233.7,233.6,233.1,231.4,232.1,231.3,229.5,227.8,227.2,228.0,229.7,227.6,223.8,222.1,223.4,226.9,230.7,232.5,231.5,230.1,227.7,225.8,224.9,225.4,226.6,228.5,230.0,230.8,231.2,231.2,231.1,229.1,229.7,228.9,227.3,225.7,225.1,225.9,227.6,257.4,259.2,263.6,268.0,269.8,268.3,263.6,259.2,252.7,254.7,257.9,262.2,267.1,271.3,274.5,271.2,266.7,262.1,258.1,254.9,261.9,263.8,265.7,266.5,265.7,263.8,261.9,261.1,325.1,326.8,331.3,336.0,338.1,336.4,331.9,326.9,321.2,323.5,327.1,332.0,337.2,341.7,345.1,341.9,337.6,332.9,328.2,324.1,329.8,331.8,333.8,334.6,333.6,331.6,329.6,328.8,-3.7,-8.1,-10.1,-8.5,-4.3,0.4,2.1,0.5,-1.6,-3.9,-5.6,-6.5,-6.0,-4.3,-1.9,-0.4,0.2,0.6,0.5,-0.1,-1.9,-1.2,-2.0,-4.0,-5.8,-6.5,-5.6,-3.7,-6.4,-10.7,-12.8,-11.3,-7.2,-2.8,-0.8,-1.9,-3.6,-6.3,-8.4,-9.4,-8.9,-7.6,-5.4,-3.7,-2.7,-2.3,-2.2,-2.4,-4.6,-4.0,-4.9,-6.8,-8.6,-9.2,-8.3,-6.4,651.6,652.5,653.2,653.4,652.9,652.3,651.3,651.2,655.0,652.8,651.0,650.4,651.4,653.2,655.1,653.0,651.0,650.1,650.7,652.6,652.6,652.7,653.0,653.4,653.6,653.5,653.2,652.8,690.5,691.8,693.5,694.6,694.5,693.2,691.5,690.5,690.7,690.1,690.0,691.1,693.6,697.0,700.2,696.7,693.3,690.8,689.8,690.0,692.3,692.8,693.6,694.1,694.2,693.7,692.9,692.4,367.1,29.6,823.9,0.002,0.103,-0.080
296,0,1656521716.887,0.98,1,-0.099398,0.068833,-0.992664,-0.246516,0.067346,-0.966796,-0.175,0.069,559.4,560.8,564.6,568.6,570.5,569.4,565.3,561.3,553.9,556.5,560.2,564.4,568.6,571.8,574.1,571.7,568.3,564.4,560.4,556.7,563.3,565.0,566.7,567.3,566.5,564.7,563.1,562.5,605.3,606.2,609.5,613.1,615.0,614.1,610.8,606.9,601.8,604.1,607.2,611.1,614.6,617.1,618.7,617.4,615.1,612.0,608.3,604.6,608.6,610.2,611.6,612.1,611.2,609.6,608.2,607.8,229.8,225.7,223.9,225.3,229.2,233.6,235.1,233.7,231.8,229.6,228.0,227.1,227.6,229.2,231.4,232.8,233.4,233.8,233.8,233.2,231.5,232.1,231.3,229.5,227.8,227.2,228.0,229.8,227.6,223.8,222.0,223.3,226.9,230.7,232.5,231.5,230.1,227.6,225.8,224.9,225.3,226.6,228.5,230.0,230.8,231.2,231.3,231.1,229.1,229.7,228.9,227.3,225.7,225.1,225.9,227.5,255.5,257.3,261.7,266.1,267.9,266.4,261.7,257.3,250.9,252.9,256.1,260.4,265.2,269.4,272.6,269.3,264.8,260.3,256.3,253.0,260.0,261.9,263.9,264.6,263.9,261.9,260.0,259.2,323.0,324.7,329.2,333.9,336.0,334.3,329.8,324.8,319.1,321.4,325.0,329.9,335.1,339.6,343.0,339.8,335.5,330.8,326.1,322.0,327.6,329.7,331.7,332.4,331.5,329.5,327.5,326.7,-3.6,-8.0,-10.0,-8.4,-4.2,0.5,2.1,0.5,-1.5,-3.9,-5.5,-6.5,-6.0,-4.3,-1.9,-0.4,0.3,0.7,0.6,0.0,-1.8,-1.1,-2.0,-3.9,-5.7,-6.4,-5.6,-3.7,-6.4,-10.7,-12.7,-11.3,-7.1,-2.8,-0.8,-1.9,-3.5,-6.3,-8.4,-9.5,-9.0,-7.6,-5.3,-3.6,-2.7,-2.2,-2.2,-2.3,-4.6,-4.0,-4.8,-6.7,-8.5,-9.2,-8.3,-6.4,647.1,647.9,648.6,648.8,648.3,647.7,646.8,646.7,650.6,648.3,646.5,645.9,646.9,648.6,650.5,648.4,646.4,645.6,646.2,648.1,648.1,648.1,648.4,648.8,649.0,648.9,648.6,648.3,685.9,687.2,688.9,690.0,689.9,688.6,686.9,685.9,686.1,685.5,685.4,686.5,689.0,692.4,695.6,692.1,688.7,686.3,685.2,685.4,687.7,688.2,688.9,689.5,689.6,689.1,688.3,687.8,367.9,29.6,825.6,0.002,0.106,-0.081
297,0,1656521716.920,0.98,1,-0.099270,0.070847,-0.992535,-0.245695,0.069442,-0.966857,-0.174,0.071,559.3,560.7,564.5,568.5,570.3,569.2,565.2,561.2,553.8,556.4,560.0,564.3,568.4,571.7,573.9,571.6,568.2,564.3,560.3,556.6,563.2,564.9,566.6,567.2,566.4,564.6,562.9,562.3,605.2,606.1,609.4,613.0,614.9,614.0,610.7,606.8,601.7,604.0,607.1,611.0,614.5,617.0,618.6,617.3,615.0,611.9,608.3,604.5,608.5,610.1,611.5,612.0,611.1,609.5,608.1,607.7,229.7,225.6,223.8,225.2,229.1,233.5,235.0,233.6,231.6,229.5,227.9,227.0,227.5,229.1,231.3,232.7,233.3,233.7,233.6,233.0,231.4,232.0,231.2,229.4,227.7,227.1,227.9,229.7,227.4,223.7,221.9,223.2,226.8,230.6,232.3,231.4,229.9,227.5,225.7,224.8,225.2,226.4,228.4,229.8,230.6,231.1,231.1,231.0,229.0,229.6,228.8,227.1,225.6,225.0,225.8,227.4,255.6,257.4,261.8,266.2,268.0,266.5,261.8,257.4,251.0,253.0,256.1,260.4,265.3,269.5,272.7,269.4,264.9,260.4,256.3,253.1,260.1,262.0,263.9,264.7,263.9,262.0,260.1,259.3,323.6,325.3,329.9,334.6,336.7,335.0,330.4,325.5,319.8,322.1,325.7,330.5,335.8,340.3,343.7,340.5,336.2,331.5,326.8,322.7,328.3,330.4,332.4,333.1,332.2,330.1,328.1,327.4,-3.8,-8.1,-10.1,-8.5,-4.3,0.4,2.0,0.4,-1.6,-4.0,-5.6,-6.6,-6.0,-4.4,-2.0,-0.5,0.1,0.6,0.5,-0.1,-1.9,-1.2,-2.1,-4.0,-5.9,-6.5,-5.7,-3.8,-6.5,-10.9,-12.9,-11.4,-7.3,-3.0,-1.0,-2.1,-3.7,-6.4,-8.5,-9.6,-9.1,-7.8,-5.5,-3.8,-2.9,-2.4,-2.4,-2.5,-4.8,-4.1,-5.0,-6.9,-8.7,-9.4,-8.5,-6.6,647.7,648.5,649.2,649.3,648.8,648.3,647.3,647.2,651.1,648.9,647.0,646.4,647.4,649.1,651.0,648.9,646.9,646.1,646.7,648.6,648.6,648.7,649.0,649.3,649.5,649.5,649.2,648.8,687.5,688.8,690.5,691.6,691.5,690.2,688.5,687.5,687.8,687.2,687.1,688.1,690.7,694.0,697.2,693.7,690.4,687.9,686.8,687.0,689.4,689.8,690.6,691.2,691.2,690.7,690.0,689.4,367.3,29.5,824.3,0.004,0.106,-0.082
298,0,1656521716.954,0.98,1,-0.093406,0.070742,-0.993112,-0.241928,0.069534,-0.967799,-0.169,0.071,559.5,560.8,564.6,568.6,570.5,569.4,565.3,561.3,553.9,556.6,560.2,564.5,568.6,571.8,574.1,571.7,568.4,564.5,560.5,556.8,563.3,565.1,566.7,567.3,566.5,564.8,563.1,562.5,605.3,606.2,609.5,613.1,615.0,614.1,610.8,606.9,601.8,604.1,607.2,611.1,614.6,617.1,618.7,617.3,615.0,612.0,608.4,604.7,608.6,610.2,611.6,612.1,611.2,609.6,608.2,607.8,229.7,225.7,223.9,225.4,229.3,233.6,235.1,233.6,231.7,229.6,228.0,227.2,227.7,229.2,231.4,232.8,233.4,233.8,233.7,233.1,231.5,232.1,231.3,229.5,227.8,227.2,228.0,229.8,227.6,223.8,222.1,223.4,227.0,230.8,232.5,231.5,230.1,227.7,225.9,225.0,225.4,226.6,228.6,230.0,230.8,231.2,231.3,231.1,229.2,229.7,229.0,227.3,225.8,225.2,225.9,227.6,256.2,258.1,262.5,266.8,268.6,267.2,262.4,258.0,251.5,253.6,256.8,261.1,266.0,270.2,273.4,270.0,265.5,261.0,257.0,253.7,260.8,262.7,264.6,265.4,264.6,262.7,260.8,260.0,324.5,326.2,330.7,335.4,337.5,335.8,331.3,326.3,320.6,322.9,326.5,331.4,336.6,341.1,344.5,341.3,337.0,332.3,327.6,323.5,329.1,331.2,333.2,333.9,333.0,331.0,329.0,328.2,-3.7,-8.0,-10.0,-8.4,-4.2,0.5,2.1,0.5,-1.6,-3.9,-5.5,-6.5,-5.9,-4.3,-1.9,-0.4,0.2,0.6,0.6,-0.1,-1.8,-1.1,-2.0,-3.9,-5.7,-6.4,-5.6,-3.7,-6.3,-10.7,-12.7,-11.2,-7.1,-2.8,-0.7,-1.9,-3.5,-6.2,-8.3,-9.4,-8.9,-7.5,-5.3,-3.6,-2.7,-2.2,-2.2,-2.3,-4.6,-3.9,-4.8,-6.7,-8.5,-9.2,-8.3,-6.4,648.8,649.7,650.4,650.6,650.1,649.5,648.5,648.3,652.2,650.0,648.2,647.6,648.7,650.4,652.3,650.2,648.2,647.3,647.9,649.8,649.8,649.9,650.2,650.6,650.8,650.7,650.4,650.0,689.0,690.3,692.0,693.1,693.0,691.7,690.0,689.0,689.2,688.6,688.6,689.6,692.1,695.5,698.7,695.2,691.8,689.4,688.3,688.5,690.8,691.3,692.1,692.6,692.7,692.2,691.4,690.9,367.1,29.5,823.9,0.002,0.100,-0.081
299,0,1656521716.987,0.98,1,-0.094576,0.068477,-0.993160,-0.243550,0.066972,-0.967573,-0.171,0.069,559.5,560.9,564.7,568.7,570.5,569.4,565.3,561.3,553.9,556.6,560.2,564.5,568.6,571.8,574.1,571.7,568.4,564.5,560.5,556.8,563.3,565.1,566.7,567.3,566.5,564.8,563.1,562.5,605.3,606.3,609.5,613.2,615.1,614.1,610.8,606.9,601.8,604.1,607.3,611.1,614.6,617.1,618.7,617.4,615.1,612.0,608.4,604.7,608.6,610.2,611.7,612.1,611.3,609.7,608.2,607.8,229.7,225.7,223.9,225.3,229.2,233.6,235.1,233.6,231.7,229.5,228.0,227.1,227.6,229.2,231.4,232.8,233.4,233.7,233.7,233.1,231.4,232.1,231.3,229.5,227.8,227.2,228.0,229.7,227.6,223.8,222.1,223.4,227.0,230.7,232.5,231.5,230.1,227.7,225.8,224.9,225.4,226.6,228.6,230.0,230.8,231.2,231.3,231.1,229.1,229.7,229.0,227.3,225.7,225.2,225.9,227.6,256.2,258.0,262.4,266.8,268.6,267.1,262.3,258.0,251.5,253.5,256.7,261.1,265.9,270.1,273.3,270.0,265.5,260.9,256.9,253.7,260.7,262.6,264.5,265.3,264.5,262.6,260.7,259.9,324.0,325.7,330.3,335.0,337.1,335.4,330.8,325.9,320.2,322.5,326.1,331.0,336.2,340.7,344.1,340.9,336.6,331.9,327.2,323.1,328.7,330.8,332.8,333.5,332.6,330.5,328.5,327.8,-3.7,-8.1,-10.0,-8.4,-4.2,0.5,2.1,0.5,-1.6,-3.9,-5.6,-6.5,-6.0,-4.3,-1.9,-0.4,0.2,0.6,0.5,-0.1,-1.9,-1.2,-2.0,-3.9,-5.8,-6.5,-5.6,-3.7,-6.4,-10.7,-12.7,-11.3,-7.1,-2.8,-0.8,-1.9,-3.5,-6.3,-8.4,-9.4,-8.9,-7.6,-5.3,-3.6,-2.7,-2.2,-2.2,-2.3,-4.6,-3.9,-4.8,-6.7,-8.5,-9.2,-8.3,-6.4,648.6,649.5,650.2,650.4,649.9,649.3,648.3,648.2,652.0,649.8,648.0,647.5,648.5,650.2,652.1,650.0,648.0,647.1,647.7,649.6,649.6,649.7,650.0,650.4,650.6,650.5,650.2,649.8,688.1,689.3,691.1,692.2,692.1,690.8,689.1,688.0,688.3,687.7,687.6,688.7,691.2,694.6,697.8,694.3,690.9,688.4,687.3,687.6,689.9,690.4,691.1,691.7,691.7,691.3,690.5,689.9,367.4,29.6,824.7,0.003,0.102,-0.080
300,0,1656521717.020,0.98,1,-0.096593,0.072879,-0.992652,-0.243212,0.070751,-0.967389,-0.172,0.073,559.6,561.0,564.8,568.8,570.6,569.5,565.4,561.5,554.1,556.7,560.4,564.6,568.7,571.9,574.2,571.9,568.5,564.6,560.6,556.9,563.4,565.2,566.8,567.4,566.6,564.9,563.3,562.6,605.4,606.4,609.6,613.2,615.1,614.1,610.9,607.0,601.9,604.2,607.3,611.2,614.6,617.2,618.7,617.4,615.1,612.1,608.4,604.7,608.7,610.3,611.7,612.1,611.3,609.7,608.3,607.9,229.6,225.6,223.8,225.3,229.2,233.5,235.0,233.5,231.6,229.5,227.9,227.1,227.6,229.1,231.3,232.7,233.3,233.7,233.6,233.0,231.4,232.0,231.2,229.5,227.8,227.1,227.9,229.7,227.6,223.8,222.1,223.4,227.0,230.8,232.5,231.5,230.1,227.7,225.9,225.0,225.4,226.7,228.6,230.0,230.8,231.2,231.2,231.1,229.1,229.7,229.0,227.3,225.7,225.2,225.9,227.6,257.3,259.2,263.5,267.9,269.7,268.3,263.5,259.1,252.7,254.7,257.9,262.2,267.1,271.2,274.5,271.1,266.6,262.1,258.1,254.8,261.8,263.8,265.7,266.5,265.7,263.8,261.9,261.1,325.3,327.0,331.6,336.3,338.4,336.6,332.1,327.1,321.4,323.8,327.3,332.2,337.4,342.0,345.4,342.1,337.8,333.1,328.4,324.3,330.0,332.0,334.0,334.8,333.9,331.8,329.8,329.1,-3.8,-8.2,-10.1,-8.5,-4.3,0.4,2.0,0.4,-1.7,-4.0,-5.7,-6.6,-6.0,-4.4,-2.0,-0.5,0.1,0.5,0.5,-0.2,-1.9,-1.3,-2.1,-4.0,-5.9,-6.6,-5.7,-3.8,-6.4,-10.7,-12.7,-11.3,-7.1,-2.8,-0.8,-1.9,-3.5,-6.3,-8.4,-9.4,-8.9,-7.5,-5.3,-3.6,-2.7,-2.2,-2.2,-2.4,-4.6,-4.0,-4.8,-6.7,-8.5,-9.2,-8.3,-6.4,651.2,652.0,652.7,652.9,652.4,651.8,650.9,650.7,654.5,652.3,650.5,649.9,650.9,652.7,654.6,652.5,650.5,649.6,650.2,652.1,652.1,652.2,652.5,652.9,653.1,653.0,652.7,652.3,690.5,691.8,693.5,694.6,694.5,693.3,691.6,690.5,690.8,690.2,690.1,691.1,693.7,697.0,700.2,696.8,693.4,690.9,689.8,690.0,692.4,692.9,693.6,694.2,694.2,693.7,693.0,692.4,367.6,29.6,824.8,0.005,0.103,-0.079
301,0,1656521717.054,0.98,1,-0.093429,0.070382,-0.993135,-0.242493,0.068576,-0.967727,-0.170,0.071,559.7,561.1,564.9,568.9,570.7,569.6,565.5,561.5,554.1,556.8,560.4,564.7,568.8,572.0,574.3,571.9,568.6,564.7,560.7,557.0,563.5,565.3,566.9,567.5,566.7,565.0,563.3,562.7,605.4,606.4,609.6,613.3,615.1,614.2,610.9,607.0,601.9,604.2,607.4,611.2,614.7,617.2,618.8,617.5,615.2,612.1,608.5,604.8,608.8,610.3,611.8,612.2,611.4,609.8,608.4,607.9,229.7,225.7,223.9,225.3,229.2,233.6,235.1,233.6,231.7,229.5,228.0,227.1,227.6,229.2,231.4,232.8,233.4,233.7,233.6,233.1,231.4,232.1,231.3,229.5,227.8,227.2,228.0,229.7,227.6,223.8,222.1,223.4,227.0,230.7,232.5,231.5,230.1,227.7,225.9,224.9,225.4,226.6,228.6,230.0,230.8,231.2,231.3,231.1,229.2,229.7,229.0,227.3,225.7,225.2,225.9,227.6,256.7,258.5,262.9,267.3,269.1,267.6,262.9,258.5,252.0,254.0,257.3,261.6,266.5,270.6,273.8,270.5,266.0,261.5,257.4,254.2,261.2,263.1,265.1,265.9,265.1,263.2,261.2,260.4,324.9,326.6,331.2,335.9,338.0,336.3,331.7,326.7,321.0,323.4,326.9,331.8,337.0,341.6,345.0,341.7,337.4,332.7,328.1,324.0,329.6,331.7,333.6,334.4,333.5,331.4,329.4,328.7,-3.7,-8.1,-10.1,-8.5,-4.2,0.4,2.1,0.5,-1.6,-3.9,-5.6,-6.5,-6.0,-4.3,-1.9,-0.4,0.2,0.6,0.5,-0.1,-1.9,-1.2,-2.0,-3.9,-5.8,-6.5,-5.6,-3.7,-6.4,-10.7,-12.7,-11.3,-7.1,-2.8,-0.8,-1.9,-3.5,-6.3,-8.4,-9.4,-8.9,-7.5,-5.3,-3.6,-2.7,-2.2,-2.2,-2.3,-4.6,-3.9,-4.8,-6.7,-8.5,-9.2,-8.3,-6.4,649.4,650.2,651.0,651.2,650.7,650.1,649.1,648.9,652.7,650.5,648.7,648.2,649.2,651.0,652.9,650.8,648.7,647.8,648.4,650.3,650.3,650.4,650.7,651.1,651.3,651.2,650.9,650.5,689.6,690.9,692.6,693.7,693.6,692.3,690.6,689.6,689.8,689.2,689.2,690.2,692.8,696.1,699.3,695.9,692.5,690.0,688.9,689.1,691.5,691.9,692.7,693.3,693.3,692.8,692.1,691.5,367.4,29.6,824.0,0.003,0.102,-0.080
302,0,1656521717.087,0.98,1,-0.095174,0.071296,-0.992904,-0.244326,0.069390,-0.967207,-0.172,0.072,559.6,561.0,564.8,568.8,570.6,569.5,565.4,561.5,554.0,556.7,560.4,564.6,568.7,571.9,574.2,571.9,568.5,564.6,560.6,556.9,563.4,565.2,566.8,567.4,566.6,564.9,563.2,562.6,605.4,606.3,609.6,613.2,615.1,614.1,610.9,607.0,601.9,604.2,607.3,611.2,614.6,617.2,618.8,617.4,615.1,612.0,608.4,604.7,608.7,610.3,611.7,612.1,611.3,609.7,608.3,607.9,229.7,225.7,223.9,225.3,229.2,233.6,235.1,233.6,231.7,229.5,228.0,227.1,227.6,229.2,231.4,232.8,233.4,233.7,233.7,233.1,231.4,232.1,231.3,229.5,227.8,227.2,228.0,229.7,227.6,223.8,222.1,223.4,227.0,230.8,232.5,231.5,230.1,227.7,225.9,225.0,225.4,226.7,228.6,230.1,230.8,231.2,231.3,231.1,229.2,229.7,229.0,227.3,225.8,225.2,226.0,227.6,256.6,258.4,262.8,267.1,268.9,267.5,262.7,258.4,251.9,253.9,257.1,261.4,266.3,270.5,273.7,270.3,265.8,261.3,257.3,254.0,261.1,263.0,264.9,265.7,264.9,263.0,261.1,260.3,324.8,326.5,331.0,335.8,337.9,336.1,331.6,326.6,320.9,323.3,326.8,331.7,336.9,341.4,344.9,341.6,337.3,332.6,327.9,323.8,329.5,331.5,333.5,334.3,333.4,331.3,329.3,328.6,-3.7,-8.1,-10.0,-8.4,-4.2,0.5,2.1,0.5,-1.6,-3.9,-5.6,-6.5,-6.0,-4.3,-1.9,-0.4,0.2,0.6,0.5,-0.1,-1.9,-1.2,-2.0,-3.9,-5.8,-6.5,-5.6,-3.7,-6.3,-10.7,-12.7,-11.2,-7.1,-2.8,-0.7,-1.9,-3.5,-6.2,-8.3,-9.4,-8.9,-7.5,-5.3,-3.6,-2.7,-2.2,-2.2,-2.3,-4.6,-3.9,-4.8,-6.7,-8.5,-9.2,-8.3,-6.4,649.2,650.1,650.8,651.0,650.5,649.9,648.9,648.8,652.6,650.4,648.6,648.0,649.1,650.8,652.7,650.6,648.6,647.7,648.3,650.2,650.2,650.3,650.6,651.0,651.2,651.1,650.8,650.4,689.5,690.8,692.5,693.6,693.5,692.2,690.5,689.5,689.8,689.2,689.1,690.1,692.7,696.0,699.2,695.7,692.3,689.9,688.8,689.0,691.4,691.8,692.6,693.1,693.2,692.7,692.0,691.4,367.2,29.6,823.7,0.003,0.102,-0.079
303,0,1656521717.121,0.98,1,-0.096430,0.071619,-0.992760,-0.244992,0.069588,-0.967025,-0.172,0.072,559.6,561.0,564.8,568.8,570.6,569.5,565.4,561.5,554.1,556.7,560.4,564.6,568.7,571.9,574.2,571.9,568.5,564.6,560.6,556.9,563.4,565.2,566.8,567.4,566.6,564.9,563.2,562.6,605.4,606.4,609.6,613.3,615.2,614.2,611.0,607.0,601.9,604.2,607.4,611.2,614.7,617.2,618.8,617.5,615.2,612.1,608.5,604.8,608.8,610.4,611.8,612.2,611.4,609.8,608.4,607.9,229.8,225.7,223.9,225.4,229.3,233.6,235.1,233.7,231.7,229.6,228.0,227.2,227.7,229.2,231.4,232.8,233.4,233.8,233.7,233.1,231.5,232.1,231.3,229.6,227.9,227.2,228.0,229.8,227.6,223.9,222.1,223.4,227.0,230.8,232.5,231.5,230.1,227.7,225.9,225.0,225.4,226.6,228.6,230.0,230.8,231.2,231.3,231.1,229.2,229.7,229.0,227.3,225.8,225.2,226.0,227.6,256.9,258.8,263.1,267.5,269.3,267.9,263.1,258.7,252.3,254.3,257.5,261.8,266.7,270.9,274.1,270.7,266.2,261.7,257.7,254.4,261.5,263.4,265.3,266.1,265.3,263.4,261.5,260.7,325.3,327.0,331.5,336.2,338.3,336.6,332.1,327.1,321.4,323.7,327.3,332.2,337.4,341.9,345.3,342.1,337.8,333.1,328.4,324.3,329.9,332.0,334.0,334.7,333.8,331.8,329.8,329.0,-3.7,-8.0,-10.0,-8.4,-4.2,0.5,2.1,0.5,-1.5,-3.9,-5.5,-6.5,-5.9,-4.3,-1.9,-0.4,0.3,0.7,0.6,-0.0,-1.8,-1.1,-2.0,-3.9,-5.7,-6.4,-5.6,-3.7,-6.3,-10.7,-12.7,-11.2,-7.1,-2.8,-0.8,-1.9,-3.5,-6.2,-8.3,-9.4,-8.9,-7.5,-5.3,-3.6,-2.7,-2.2,-2.2,-2.3,-4.6,-3.9,-4.8,-6.7,-8.5,-9.2,-8.3,-6.4,650.2,651.1,651.8,651.9,651.5,650.9,649.9,649.7,653.6,651.4,649.6,649.0,650.0,651.8,653.6,651.6,649.5,648.7,649.3,651.2,651.2,651.2,651.6,651.9,652.1,652.1,651.7,651.4,690.3,691.6,693.3,694.4,694.3,693.0,691.3,690.3,690.6,690.0,689.9,690.9,693.5,696.8,700.0,696.5,693.1,690.7,689.6,689.8,692.2,692.6,693.4,694.0,694.0,693.5,692.8,692.2,368.0,29.7,825.4,0.004,0.103,-0.081
304,0,1656521717.154,0.98,1,-0.096027,0.066509,-0.993154,-0.245376,0.064203,-0.967300,-0.172,0.067,559.6,560.9,564.8,568.8,570.6,569.5,565.4,561.4,554.0,556.7,560.3,564.5,568.7,571.9,574.2,571.9,568.4,564.6,560.6,556.9,563.4,565.1,566.8,567.4,566.6,564.9,563.2,562.6,605.3,606.3,609.5,613.2,615.1,614.1,610.9,606.9,601.8,604.1,607.2,611.1,614.6,617.1,618.7,617.4,615.1,612.0,608.4,604.7,608.6,610.2,611.7,612.1,611.3,609.7,608.2,607.8,229.8,225.8,223.9,225.4,229.3,233.7,235.2,233.7,231.8,229.6,228.0,227.2,227.7,229.2,231.5,232.9,233.5,233.8,233.8,233.2,231.5,232.2,231.4,229.6,227.9,227.3,228.0,229.8,227.7,223.9,222.2,223.5,227.1,230.8,232.6,231.6,230.2,227.8,225.9,225.0,225.5,226.7,228.7,230.2,230.9,231.3,231.4,231.2,229.3,229.8,229.1,227.4,225.8,225.3,226.0,227.7,255.7,257.5,261.9,266.3,268.1,266.6,261.8,257.5,251.0,253.1,256.3,260.6,265.4,269.6,272.8,269.5,265.0,260.4,256.4,253.2,260.2,262.1,264.0,264.8,264.1,262.2,260.2,259.4,323.6,325.3,329.8,334.5,336.6,334.9,330.3,325.4,319.7,322.0,325.6,330.5,335.7,340.2,343.6,340.4,336.1,331.4,326.7,322.6,328.2,330.3,332.3,333.0,332.1,330.0,328.1,327.3,-3.6,-8.0,-9.9,-8.3,-4.1,0.6,2.2,0.6,-1.5,-3.8,-5.5,-6.4,-5.9,-4.2,-1.8,-0.3,0.3,0.7,0.7,0.0,-1.8,-1.1,-1.9,-3.8,-5.7,-6.4,-5.5,-3.6,-6.2,-10.5,-12.6,-11.1,-7.0,-2.6,-0.6,-1.7,-3.3,-6.1,-8.2,-9.3,-8.8,-7.4,-5.2,-3.5,-2.5,-2.1,-2.0,-2.2,-4.4,-3.8,-4.7,-6.6,-8.4,-9.0,-8.1,-6.2,647.2,648.1,648.8,648.9,648.5,647.9,646.9,646.7,650.6,648.4,646.6,646.0,647.0,648.8,650.6,648.6,646.5,645.7,646.3,648.2,648.2,648.2,648.6,648.9,649.1,649.1,648.8,648.4,687.0,688.3,690.1,691.2,691.0,689.7,688.0,687.0,687.3,686.7,686.6,687.6,690.2,693.5,696.7,693.2,689.9,687.4,686.3,686.5,688.9,689.3,690.1,690.7,690.7,690.2,689.5,688.9,367.9,29.8,825.5,-0.001,0.104,-0.081
305,0,1656521717.187,0.98,1,-0.095485,0.067173,-0.993162,-0.242911,0.065592,-0.967829,-0.171,0.068,559.6,561.0,564.8,568.8,570.6,569.5,565.4,561.4,554.1,556.7,560.4,564.6,568.7,571.9,574.2,571.9,568.5,564.6,560.6,556.9,563.4,565.2,566.8,567.4,566.6,564.9,563.2,562.6,605.3,606.3,609.6,613.2,615.1,614.1,610.8,606.9,601.8,604.1,607.3,611.1,614.6,617.1,618.7,617.4,615.1,612.0,608.4,604.7,608.7,610.3,611.7,612.1,611.3,609.7,608.3,607.8,229.7,225.6,223.8,225.3,229.2,233.5,235.0,233.5,231.6,229.5,227.9,227.1,227.6,229.1,231.3,232.7,233.3,233.7,233.6,233.0,231.4,232.0,231.2,229.5,227.8,227.1,227.9,229.7,227.6,223.8,222.1,223.4,227.0,230.8,232.5,231.5,230.1,227.7,225.9,225.0,225.5,226.7,228.6,230.1,230.9,231.2,231.3,231.1,229.2,229.8,229.0,227.3,225.8,225.2,226.0,227.6,257.0,258.8,263.2,267.5,269.3,267.9,263.1,258.8,252.3,254.3,257.5,261.8,266.7,270.9,274.1,270.7,266.2,261.7,257.7,254.4,261.5,263.4,265.3,266.1,265.3,263.4,261.5,260.7,324.8,326.5,331.1,335.8,337.9,336.2,331.6,326.6,320.9,323.3,326.9,331.8,337.0,341.5,344.9,341.7,337.4,332.7,328.0,323.9,329.5,331.6,333.6,334.3,333.4,331.3,329.3,328.6,-3.8,-8.1,-10.1,-8.5,-4.3,0.4,2.0,0.4,-1.7,-4.0,-5.7,-6.6,-6.0,-4.4,-2.0,-0.5,0.1,0.5,0.5,-0.2,-1.9,-1.2,-2.1,-4.0,-5.9,-6.5,-5.7,-3.8,-6.4,-10.7,-12.7,-11.2,-7.1,-2.7,-0.7,-1.9,-3.5,-6.3,-8.3,-9.4,-8.9,-7.5,-5.3,-3.6,-2.7,-2.2,-2.2,-2.3,-4.6,-3.9,-4.8,-6.7,-8.5,-9.2,-8.3,-6.4,650.3,651.1,651.8,652.0,651.5,650.9,649.9,649.8,653.6,651.4,649.6,649.0,650.1,651.8,653.7,651.6,649.6,648.7,649.3,651.2,651.2,651.3,651.6,652.0,652.2,652.1,651.8,651.4,689.7,691.0,692.7,693.8,693.7,692.4,690.7,689.6,689.9,689.3,689.2,690.3,692.8,696.2,699.4,695.9,692.5,690.0,688.9,689.2,691.5,692.0,692.7,693.3,693.4,692.9,692.1,691.6,367.2,29.6,823.8,-0.003,0.102,-0.079
306,0,1656521717.220,0.98,1,-0.098871,0.068802,-0.992719,-0.245487,0.066903,-0.967088,-0.174,0.069,559.5,560.9,564.7,568.7,570.5,569.4,565.3,561.4,554.0,556.6,560.3,564.5,568.6,571.8,574.1,571.8,568.4,564.5,560.5,556.8,563.3,565.1,566.8,567.4,566.6,564.8,563.2,562.5,605.3,606.3,609.5,613.1,615.0,614.0,610.8,606.9,601.8,604.1,607.2,611.1,614.5,617.1,618.6,617.3,615.0,612.0,608.3,604.6,608.6,610.2,611.6,612.0,611.2,609.6,608.2,607.8,229.7,225.7,223.9,225.3,229.2,233.6,235.1,233.6,231.7,229.5,228.0,227.1,227.6,229.2,231.4,232.8,233.4,233.7,233.7,233.1,231.4,232.1,231.3,229.5,227.8,227.2,228.0,229.7,227.7,223.9,222.2,223.5,227.1,230.9,232.6,231.6,230.2,227.8,226.0,225.1,225.5,226.8,228.7,230.2,231.0,231.3,231.4,231.2,229.3,229.8,229.1,227.4,225.9,225.3,226.0,227.7,256.9,258.8,263.1,267.5,269.3,267.8,263.1,258.7,252.3,254.3,257.5,261.8,266.6,270.8,274.0,270.7,266.2,261.7,257.7,254.4,261.5,263.4,265.3,266.1,265.3,263.4,261.5,260.7,325.3,327.0,331.5,336.2,338.3,336.6,332.0,327.1,321.4,323.7,327.3,332.2,337.4,341.9,345.3,342.1,337.8,333.1,328.4,324.3,329.9,332.0,334.0,334.7,333.8,331.8,329.8,329.0,-3.7,-8.1,-10.1,-8.5,-4.3,0.4,2.1,0.5,-1.6,-4.0,-5.6,-6.5,-6.0,-4.3,-1.9,-0.4,0.2,0.6,0.5,-0.1,-1.9,-1.2,-2.1,-4.0,-5.8,-6.5,-5.6,-3.7,-6.3,-10.6,-12.6,-11.1,-7.0,-2.6,-0.7,-1.8,-3.4,-6.2,-8.3,-9.3,-8.8,-7.4,-5.2,-3.5,-2.5,-2.1,-2.1,-2.2,-4.5,-3.8,-4.7,-6.6,-8.4,-9.1,-8.2,-6.3,650.5,651.3,651.9,652.1,651.6,651.1,650.1,650.0,653.9,651.7,649.8,649.2,650.2,651.9,653.8,651.7,649.7,648.9,649.6,651.5,651.4,651.5,651.7,652.1,652.3,652.2,651.9,651.6,690.7,692.0,693.7,694.8,694.7,693.4,691.7,690.7,691.0,690.4,690.3,691.3,693.8,697.2,700.4,696.9,693.5,691.1,690.0,690.2,692.5,693.0,693.8,694.3,694.4,693.9,693.2,692.6,368.2,29.7,826.2,-0.001,0.105,-0.079
307,0,1656521717.254,0.98,1,-0.092516,0.065265,-0.993570,-0.242744,0.063633,-0.968001,-0.169,0.066,559.4,560.8,564.6,568.6,570.5,569.4,565.3,561.3,553.9,556.5,560.2,564.4,568.6,571.8,574.1,571.7,568.3,564.5,560.5,556.7,563.3,565.0,566.7,567.3,566.5,564.8,563.1,562.5,605.3,606.3,609.5,613.2,615.1,614.1,610.9,606.9,601.8,604.1,607.3,611.1,614.6,617.1,618.7,617.4,615.1,612.0,608.4,604.7,608.7,610.3,611.7,612.1,611.3,609.7,608.3,607.8,229.7,225.6,223.8,225.3,229.2,233.6,235.1,233.6,231.7,229.5,227.9,227.0,227.6,229.1,231.4,232.8,233.3,233.7,233.6,233.1,231.4,232.0,231.3,229.5,227.8,227.1,227.9,229.7,227.6,223.8,222.1,223.4,227.0,230.8,232.5,231.5,230.1,227.7,225.8,224.9,225.4,226.6,228.6,230.1,230.9,231.3,231.3,231.1,229.2,229.7,229.0,227.3,225.8,225.2,226.0,227.6,255.6,257.4,261.8,266.2,267.9,266.5,261.7,257.3,250.9,252.9,256.1,260.4,265.3,269.5,272.7,269.3,264.8,260.3,256.3,253.0,260.1,262.0,263.9,264.7,263.9,262.0,260.1,259.3,323.8,325.5,330.0,334.7,336.8,335.1,330.6,325.6,319.9,322.2,325.8,330.7,335.9,340.4,343.8,340.6,336.3,331.6,326.9,322.8,328.5,330.5,332.5,333.3,332.3,330.3,328.3,327.5,-3.7,-8.1,-10.1,-8.5,-4.3,0.4,2.0,0.5,-1.6,-4.0,-5.6,-6.6,-6.0,-4.3,-1.9,-0.4,0.2,0.6,0.5,-0.1,-1.9,-1.2,-2.0,-4.0,-5.8,-6.5,-5.6,-3.7,-6.3,-10.7,-12.7,-11.2,-7.1,-2.7,-0.7,-1.9,-3.5,-6.2,-8.3,-9.4,-8.9,-7.5,-5.3,-3.6,-2.6,-2.2,-2.1,-2.3,-4.6,-3.9,-4.8,-6.7,-8.5,-9.1,-8.3,-6.4,647.1,648.0,648.7,648.9,648.4,647.8,646.8,646.7,650.5,648.3,646.5,646.0,647.0,648.7,650.6,648.5,646.5,645.6,646.2,648.1,648.1,648.2,648.5,648.9,649.1,649.0,648.7,648.3,687.5,688.8,690.5,691.6,691.5,690.2,688.5,687.4,687.7,687.1,687.0,688.1,690.6,694.0,697.2,693.7,690.3,687.8,686.7,687.0,689.3,689.8,690.5,691.1,691.2,690.7,689.9,689.3,367.6,29.6,825.1,-0.003,0.099,-0.078
308,0,1656521717.288,0.98,1,-0.092047,0.066595,-0.993525,-0.242732,0.065953,-0.967849,-0.169,0.067,559.5,560.8,564.6,568.6,570.5,569.4,565.3,561.3,553.9,556.6,560.2,564.5,568.6,571.8,574.1,571.8,568.4,564.5,560.5,556.8,563.3,565.1,566.7,567.3,566.5,564.8,563.1,562.5,605.2,606.1,609.4,613.0,614.9,614.0,610.7,606.8,601.7,604.0,607.1,611.0,614.5,617.0,618.6,617.3,615.0,611.9,608.3,604.6,608.5,610.1,611.5,612.0,611.1,609.5,608.1,607.7,229.7,225.6,223.8,225.3,229.2,233.5,235.0,233.6,231.7,229.5,227.9,227.1,227.6,229.1,231.4,232.7,233.3,233.7,233.6,233.1,231.4,232.0,231.2,229.5,227.8,227.1,227.9,229.7,227.5,223.8,222.0,223.3,226.9,230.7,232.4,231.4,230.0,227.6,225.8,224.9,225.3,226.5,228.5,230.0,230.8,231.2,231.2,231.0,229.1,229.7,228.9,227.2,225.7,225.1,225.9,227.5,255.9,257.7,262.1,266.5,268.3,266.8,262.0,257.7,251.1,253.2,256.4,260.8,265.6,269.8,273.0,269.7,265.2,260.6,256.6,253.3,260.4,262.3,264.2,265.0,264.2,262.3,260.4,259.6,324.5,326.2,330.8,335.5,337.6,335.9,331.3,326.4,320.7,323.0,326.6,331.5,336.7,341.2,344.6,341.4,337.1,332.4,327.7,323.6,329.2,331.3,333.3,334.0,333.1,331.0,329.1,328.3,-3.7,-8.1,-10.1,-8.5,-4.3,0.4,2.0,0.5,-1.6,-3.9,-5.6,-6.5,-6.0,-4.4,-2.0,-0.5,0.2,0.6,0.5,-0.1,-1.9,-1.2,-2.1,-4.0,-5.8,-6.5,-5.6,-3.7,-6.4,-10.8,-12.8,-11.3,-7.2,-2.9,-0.9,-2.0,-3.6,-6.3,-8.4,-9.5,-9.0,-7.6,-5.4,-3.7,-2.8,-2.3,-2.3,-2.4,-4.7,-4.0,-4.9,-6.8,-8.6,-9.3,-8.4,-6.5,647.8,648.7,649.5,649.7,649.2,648.6,647.6,647.4,651.2,649.0,647.2,646.7,647.7,649.5,651.4,649.3,647.2,646.3,646.9,648.8,648.8,648.9,649.2,649.6,649.8,649.7,649.4,649.0,689.4,690.7,692.4,693.5,693.4,692.1,690.4,689.4,689.6,689.0,689.0,690.0,692.5,695.9,699.1,695.6,692.2,689.8,688.7,688.9,691.2,691.7,692.5,693.0,693.1,692.6,691.8,691.3,367.4,29.5,824.6,-0.002,0.099,-0.078
309,0,1656521717.321,0.98,1,-0.094100,0.070271,-0.993080,-0.243347,0.068444,-0.967522,-0.170,0.071,559.5,560.9,564.7,568.7,570.5,569.4,565.3,561.3,553.9,556.6,560.2,564.5,568.6,571.8,574.1,571.8,568.4,564.5,560.5,556.8,563.3,565.1,566.7,567.3,566.5,564.8,563.1,562.5,605.2,606.2,609.5,613.1,615.0,614.0,610.8,606.9,601.7,604.1,607.2,611.1,614.5,617.0,618.6,617.3,615.0,611.9,608.3,604.6,608.6,610.2,611.6,612.0,611.2,609.6,608.2,607.8,229.7,225.7,223.9,225.3,229.2,233.6,235.1,233.6,231.7,229.5,228.0,227.1,227.6,229.2,231.4,232.8,233.4,233.7,233.7,233.1,231.4,232.1,231.3,229.5,227.8,227.2,228.0,229.7,227.6,223.8,222.1,223.4,227.0,230.7,232.5,231.5,230.1,227.7,225.9,224.9,225.4,226.6,228.6,230.0,230.8,231.2,231.2,231.1,229.2,229.7,229.0,227.3,225.7,225.2,225.9,227.6,256.2,258.1,262.4,266.8,268.6,267.2,262.4,258.0,251.5,253.6,256.8,261.1,266.0,270.1,273.4,270.0,265.5,261.0,256.9,253.7,260.7,262.7,264.6,265.4,264.6,262.7,260.8,260.0,324.4,326.1,330.6,335.3,337.4,335.7,331.2,326.2,320.5,322.8,326.4,331.3,336.5,341.0,344.4,341.2,336.9,332.2,327.5,323.4,329.0,331.1,333.1,333.8,332.9,330.9,328.9,328.1,-3.7,-8.1,-10.0,-8.4,-4.2,0.5,2.1,0.5,-1.6,-3.9,-5.6,-6.5,-6.0,-4.3,-1.9,-0.4,0.2,0.6,0.5,-0.1,-1.9,-1.2,-2.0,-3.9,-5.8,-6.5,-5.6,-3.7,-6.4,-10.7,-12.7,-11.3,-7.1,-2.8,-0.8,-1.9,-3.5,-6.2,-8.3,-9.4,-8.9,-7.5,-5.3,-3.6,-2.7,-2.2,-2.2,-2.3,-4.6,-3.9,-4.8,-6.7,-8.5,-9.2,-8.3,-6.4,648.7,649.6,650.3,650.5,650.0,649.4,648.4,648.2,652.1,649.9,648.1,647.5,648.5,650.3,652.2,650.1,648.0,647.2,647.8,649.7,649.7,649.8,650.1,650.4,650.7,650.6,650.3,649.9,688.9,690.2,691.9,693.0,692.9,691.6,689.9,688.9,689.1,688.5,688.4,689.5,692.0,695.4,698.6,695.1,691.7,689.2,688.1,688.4,690.7,691.2,691.9,692.5,692.6,692.1,691.3,690.8,367.2,29.6,824.2,0.002,0.102,-0.081
310,0,1656521717.354,0.98,1,-0.096413,0.068224,-0.993001,-0.244765,0.065763,-0.967350,-0.172,0.068,559.4,560.8,564.6,568.6,570.4,569.3,565.2,561.2,553.8,556.5,560.1,564.4,568.5,571.7,574.0,571.7,568.3,564.4,560.4,556.7,563.2,565.0,566.6,567.3,566.4,564.7,563.0,562.4,605.3,606.2,609.5,613.1,615.0,614.1,610.8,606.9,601.8,604.1,607.2,611.1,614.6,617.1,618.7,617.4,615.0,612.0,608.3,604.6,608.6,610.2,611.6,612.0,611.2,609.6,608.2,607.8,229.7,225.7,223.8,225.3,229.2,233.6,235.1,233.6,231.7,229.5,227.9,227.1,227.6,229.1,231.4,232.8,233.3,233.7,233.7,233.1,231.4,232.1,231.3,229.5,227.8,227.1,227.9,229.7,227.6,223.8,222.1,223.4,226.9,230.7,232.5,231.5,230.1,227.7,225.8,224.9,225.4,226.6,228.6,230.0,230.8,231.2,231.2,231.1,229.1,229.7,228.9,227.3,225.7,225.2,225.9,227.6,255.6,257.4,261.8,266.2,268.0,266.5,261.8,257.4,250.9,253.0,256.2,260.5,265.3,269.5,272.7,269.4,264.9,260.3,256.3,253.1,260.1,262.0,263.9,264.7,264.0,262.1,260.1,259.3,323.5,325.2,329.8,334.5,336.6,334.9,330.3,325.4,319.6,322.0,325.5,330.4,335.6,340.2,343.6,340.4,336.0,331.3,326.7,322.6,328.2,330.3,332.3,333.0,332.1,330.0,328.0,327.3,-3.7,-8.1,-10.0,-8.5,-4.2,0.4,2.1,0.5,-1.6,-3.9,-5.6,-6.5,-6.0,-4.3,-1.9,-0.4,0.2,0.6,0.5,-0.1,-1.9,-1.2,-2.0,-3.9,-5.8,-6.5,-5.6,-3.7,-6.4,-10.7,-12.7,-11.3,-7.1,-2.8,-0.8,-1.9,-3.5,-6.3,-8.4,-9.4,-8.9,-7.5,-5.3,-3.6,-2.7,-2.2,-2.2,-2.3,-4.6,-3.9,-4.8,-6.7,-8.5,-9.2,-8.3,-6.4,647.4,648.3,649.0,649.2,648.7,648.1,647.1,646.9,650.8,648.6,646.8,646.2,647.2,649.0,650.8,648.8,646.7,645.9,646.5,648.4,648.4,648.4,648.8,649.1,649.3,649.3,649.0,648.6,687.1,688.4,690.1,691.2,691.1,689.8,688.1,687.0,687.3,686.7,686.6,687.7,690.2,693.6,696.8,693.3,689.9,687.4,686.3,686.6,688.9,689.4,690.1,690.7,690.8,690.3,689.5,689.0,367.4,29.6,824.5,0.001,0.104,-0.081
311,0,1656521717.388,0.98,1,-0.096270,0.065939,-0.993169,-0.244087,0.064267,-0.967621,-0.172,0.066,559.4,560.7,564.5,568.5,570.4,569.3,565.2,561.2,553.8,556.5,560.1,564.3,568.5,571.7,574.0,571.6,568.2,564.4,560.4,556.7,563.2,564.9,566.6,567.2,566.4,564.7,563.0,562.4,605.2,606.2,609.4,613.1,615.0,614.0,610.7,606.8,601.7,604.0,607.2,611.0,614.5,617.0,618.6,617.3,615.0,611.9,608.3,604.6,608.5,610.1,611.6,612.0,611.2,609.6,608.1,607.7,229.8,225.7,223.9,225.4,229.3,233.6,235.1,233.7,231.8,229.6,228.0,227.2,227.7,229.2,231.4,232.8,233.4,233.8,233.7,233.2,231.5,232.1,231.3,229.6,227.9,227.2,228.0,229.8,227.7,223.9,222.2,223.5,227.1,230.9,232.6,231.6,230.2,227.8,226.0,225.1,225.5,226.8,228.7,230.2,231.0,231.4,231.4,231.2,229.3,229.9,229.1,227.4,225.9,225.3,226.1,227.7,255.9,257.7,262.1,266.5,268.3,266.8,262.1,257.7,251.2,253.2,256.4,260.8,265.6,269.8,273.0,269.7,265.2,260.6,256.6,253.4,260.4,262.3,264.2,265.0,264.3,262.3,260.4,259.6,323.7,325.4,329.9,334.6,336.7,335.0,330.4,325.5,319.8,322.1,325.7,330.6,335.8,340.3,343.7,340.5,336.2,331.5,326.8,322.7,328.3,330.4,332.4,333.1,332.2,330.2,328.2,327.4,-3.6,-8.0,-10.0,-8.4,-4.2,0.5,2.1,0.6,-1.5,-3.9,-5.5,-6.5,-5.9,-4.3,-1.9,-0.3,0.3,0.7,0.6,-0.0,-1.8,-1.1,-2.0,-3.9,-5.7,-6.4,-5.6,-3.6,-6.2,-10.5,-12.6,-11.1,-6.9,-2.6,-0.6,-1.7,-3.4,-6.1,-8.2,-9.3,-8.7,-7.4,-5.1,-3.4,-2.5,-2.1,-2.0,-2.2,-4.4,-3.8,-4.7,-6.6,-8.4,-9.0,-8.1,-6.2,648.3,649.1,649.8,650.0,649.5,648.9,647.9,647.8,651.6,649.5,647.6,647.0,648.1,649.8,651.7,649.6,647.6,646.7,647.3,649.2,649.2,649.3,649.6,650.0,650.2,650.1,649.8,649.4,687.5,688.8,690.5,691.6,691.5,690.2,688.5,687.5,687.7,687.1,687.1,688.1,690.7,694.0,697.2,693.7,690.3,687.9,686.8,687.0,689.3,689.8,690.6,691.1,691.2,690.7,690.0,689.4,367.2,29.7,824.4,-0.004,0.103,-0.077
312,0,1656521717.421,0.98,1,-0.096458,0.069393,-0.992915,-0.246644,0.067793,-0.966732,-0.173,0.070,559.4,560.8,564.6,568.6,570.4,569.3,565.2,561.2,553.8,556.5,560.1,564.4,568.5,571.7,574.0,571.7,568.3,564.4,560.4,556.7,563.2,565.0,566.6,567.3,566.4,564.7,563.0,562.4,605.2,606.2,609.4,613.1,615.0,614.0,610.7,606.8,601.7,604.0,607.1,611.0,614.5,617.0,618.6,617.3,615.0,611.9,608.3,604.6,608.5,610.1,611.6,612.0,611.2,609.6,608.1,607.7,229.8,225.8,224.0,225.5,229.4,233.7,235.2,233.8,231.8,229.6,228.1,227.2,227.7,229.3,231.6,232.9,233.5,233.9,233.8,233.2,231.6,232.2,231.4,229.6,227.9,227.3,228.1,229.9,227.8,224.0,222.2,223.5,227.1,230.9,232.6,231.7,230.3,227.8,226.0,225.1,225.5,226.8,228.7,230.2,231.0,231.4,231.4,231.3,229.3,229.9,229.1,227.5,225.9,225.3,226.1,227.7,255.3,257.2,261.5,265.9,267.7,266.2,261.5,257.1,250.7,252.7,255.9,260.2,265.1,269.2,272.5,269.1,264.6,260.1,256.1,252.8,259.8,261.8,263.7,264.5,263.7,261.8,259.9,259.1,324.0,325.7,330.2,334.9,337.1,335.3,330.8,325.8,320.1,322.5,326.0,330.9,336.1,340.6,344.1,340.8,336.5,331.8,327.2,323.1,328.7,330.7,332.7,333.5,332.6,330.5,328.5,327.8,-3.6,-7.9,-9.9,-8.3,-4.1,0.6,2.2,0.6,-1.5,-3.8,-5.4,-6.4,-5.8,-4.2,-1.7,-0.2,0.4,0.8,0.7,0.1,-1.7,-1.0,-1.9,-3.8,-5.6,-6.3,-5.5,-3.6,-6.2,-10.5,-12.5,-11.1,-7.0,-2.6,-0.6,-1.7,-3.3,-6.1,-8.2,-9.3,-8.8,-7.4,-5.1,-3.4,-2.5,-2.0,-2.0,-2.1,-4.4,-3.8,-4.7,-6.6,-8.4,-9.0,-8.1,-6.2,646.8,647.6,648.3,648.4,648.0,647.4,646.4,646.3,650.1,647.9,646.1,645.5,646.5,648.3,650.1,648.1,646.1,645.2,645.8,647.7,647.7,647.8,648.1,648.4,648.6,648.6,648.3,647.9,688.2,689.5,691.2,692.3,692.2,690.9,689.2,688.2,688.5,687.9,687.8,688.8,691.3,694.7,697.9,694.4,691.0,688.6,687.5,687.8,690.1,690.5,691.3,691.8,691.9,691.4,690.7,690.1,368.0,29.8,826.0,0.003,0.103,-0.080
313,0,1656521717.454,0.98,1,-0.097538,0.070574,-0.992726,-0.244261,0.068156,-0.967311,-0.173,0.071,559.4,560.8,564.6,568.5,570.4,569.3,565.2,561.2,553.9,556.5,560.1,564.3,568.5,571.7,573.9,571.6,568.2,564.4,560.4,556.7,563.2,565.0,566.6,567.2,566.4,564.7,563.0,562.4,605.2,606.2,609.4,613.1,614.9,614.0,610.7,606.8,601.7,604.0,607.2,611.0,614.5,617.0,618.6,617.3,615.0,611.9,608.3,604.6,608.5,610.1,611.6,612.0,611.1,609.6,608.1,607.7,229.7,225.7,223.9,225.4,229.2,233.6,235.1,233.6,231.7,229.6,228.0,227.2,227.7,229.2,231.4,232.8,233.3,233.7,233.6,233.1,231.4,232.1,231.3,229.5,227.8,227.2,228.0,229.7,227.6,223.9,222.1,223.4,227.0,230.8,232.5,231.5,230.1,227.7,225.9,225.0,225.5,226.7,228.6,230.0,230.8,231.2,231.2,231.1,229.2,229.8,229.0,227.3,225.8,225.2,226.0,227.6,257.5,259.3,263.7,268.0,269.8,268.4,263.6,259.3,252.8,254.8,258.0,262.3,267.2,271.4,274.6,271.2,266.7,262.2,258.2,254.9,262.0,263.9,265.8,266.6,265.8,263.9,262.0,261.2,324.9,326.6,331.1,335.9,338.0,336.2,331.7,326.7,321.0,323.4,326.9,331.8,337.0,341.6,345.0,341.7,337.4,332.7,328.0,323.9,329.6,331.6,333.6,334.4,333.5,331.4,329.4,328.7,-3.7,-8.1,-10.0,-8.5,-4.2,0.4,2.1,0.5,-1.6,-3.9,-5.6,-6.5,-5.9,-4.3,-1.9,-0.4,0.2,0.6,0.5,-0.1,-1.9,-1.2,-2.0,-3.9,-5.8,-6.5,-5.6,-3.7,-6.3,-10.7,-12.7,-11.2,-7.1,-2.7,-0.7,-1.9,-3.5,-6.2,-8.3,-9.3,-8.8,-7.5,-5.3,-3.6,-2.7,-2.2,-2.2,-2.4,-4.6,-3.9,-4.8,-6.7,-8.5,-9.2,-8.3,-6.4,652.1,653.0,653.7,653.8,653.3,652.8,651.8,651.6,655.5,653.3,651.5,650.9,651.9,653.6,655.5,653.4,651.4,650.5,651.2,653.1,653.1,653.1,653.4,653.8,654.0,654.0,653.6,653.3,690.1,691.4,693.1,694.2,694.1,692.8,691.1,690.1,690.3,689.7,689.7,690.7,693.3,696.6,699.8,696.3,692.9,690.5,689.4,689.6,691.9,692.4,693.2,693.7,693.8,693.3,692.6,692.0,366.8,29.7,823.3,0.000,0.105,-0.081
314,0,1656521717.488,0.98,1,-0.097527,0.071440,-0.992665,-0.243224,0.069397,-0.967484,-0.172,0.072,559.4,560.8,564.6,568.6,570.5,569.3,565.3,561.3,553.9,556.6,560.2,564.4,568.6,571.8,574.0,571.7,568.3,564.4,560.4,556.8,563.3,565.0,566.7,567.3,566.5,564.7,563.1,562.5,605.3,606.2,609.5,613.1,615.0,614.1,610.8,606.9,601.8,604.1,607.2,611.1,614.6,617.1,618.7,617.3,615.0,612.0,608.3,604.6,608.6,610.2,611.6,612.0,611.2,609.6,608.2,607.8,229.8,225.7,223.9,225.4,229.3,233.7,235.2,233.7,231.7,229.6,228.0,227.2,227.7,229.2,231.5,232.9,233.4,233.8,233.7,233.1,231.5,232.1,231.4,229.6,227.9,227.2,228.0,229.8,227.7,223.9,222.2,223.5,227.1,230.9,232.6,231.6,230.2,227.8,226.0,225.1,225.5,226.8,228.7,230.2,231.0,231.4,231.4,231.2,229.3,229.9,229.1,227.4,225.9,225.3,226.1,227.7,256.4,258.3,262.6,267.0,268.8,267.3,262.6,258.2,251.8,253.8,257.0,261.3,266.2,270.3,273.6,270.2,265.7,261.2,257.1,253.9,260.9,262.8,264.8,265.6,264.8,262.9,261.0,260.2,323.9,325.6,330.2,334.9,337.0,335.2,330.7,325.7,320.0,322.4,325.9,330.8,336.0,340.6,344.0,340.7,336.4,331.7,327.0,322.9,328.6,330.6,332.6,333.4,332.5,330.4,328.4,327.7,-3.6,-8.0,-10.0,-8.4,-4.2,0.5,2.1,0.6,-1.5,-3.9,-5.5,-6.4,-5.9,-4.2,-1.8,-0.3,0.3,0.7,0.6,-0.0,-1.8,-1.1,-2.0,-3.9,-5.7,-6.4,-5.5,-3.6,-6.2,-10.5,-12.6,-11.1,-7.0,-2.6,-0.6,-1.7,-3.4,-6.1,-8.2,-9.2,-8.7,-7.4,-5.1,-3.4,-2.5,-2.1,-2.0,-2.2,-4.4,-3.8,-4.7,-6.6,-8.4,-9.0,-8.1,-6.2,649.4,650.2,650.9,651.1,650.6,650.0,649.0,648.9,652.7,650.5,648.7,648.1,649.1,650.9,652.7,650.7,648.6,647.8,648.4,650.3,650.3,650.4,650.7,651.0,651.3,651.2,650.9,650.5,687.8,689.1,690.8,692.0,691.9,690.6,688.9,687.8,688.1,687.5,687.4,688.5,691.0,694.4,697.6,694.1,690.7,688.2,687.1,687.3,689.7,690.2,690.9,691.5,691.5,691.0,690.3,689.7,366.4,29.7,822.3,0.004,0.103,-0.079
315,0,1656521717.521,0.98,1,-0.093604,0.069951,-0.993149,-0.241986,0.068534,-0.967856,-0.169,0.071,559.5,560.9,564.7,568.7,570.5,569.4,565.4,561.4,554.0,556.6,560.3,564.5,568.6,571.8,574.1,571.8,568.4,564.5,560.5,556.8,563.4,565.1,566.8,567.4,566.5,564.8,563.2,562.5,605.2,606.2,609.4,613.1,614.9,614.0,610.7,606.8,601.7,604.1,607.2,611.0,614.5,617.0,618.6,617.2,615.0,611.9,608.3,604.6,608.6,610.1,611.6,612.0,611.2,609.6,608.2,607.7,229.9,225.9,224.1,225.6,229.5,233.8,235.3,233.8,231.9,229.8,228.2,227.4,227.9,229.4,231.6,233.0,233.5,233.9,233.9,233.3,231.7,232.3,231.5,229.7,228.0,227.4,228.2,229.9,227.9,224.1,222.4,223.7,227.2,231.0,232.7,231.8,230.3,228.0,226.1,225.2,225.7,226.9,228.8,230.3,231.1,231.5,231.5,231.3,229.4,230.0,229.2,227.6,226.0,225.4,226.2,227.8,257.1,258.9,263.3,267.7,269.5,268.0,263.2,258.9,252.3,254.4,257.6,261.9,266.8,271.0,274.2,270.9,266.4,261.8,257.8,254.5,261.6,263.5,265.4,266.2,265.4,263.5,261.6,260.8,325.5,327.2,331.7,336.4,338.5,336.8,332.3,327.3,321.6,323.9,327.5,332.4,337.6,342.1,345.5,342.3,338.0,333.3,328.6,324.5,330.1,332.2,334.2,335.0,334.0,332.0,330.0,329.2,-3.5,-7.8,-9.8,-8.2,-4.0,0.7,2.3,0.7,-1.4,-3.7,-5.3,-6.2,-5.7,-4.1,-1.7,-0.2,0.4,0.8,0.7,0.1,-1.6,-0.9,-1.8,-3.7,-5.5,-6.2,-5.4,-3.5,-6.1,-10.4,-12.5,-11.0,-6.8,-2.5,-0.5,-1.6,-3.2,-6.0,-8.0,-9.1,-8.6,-7.2,-5.0,-3.3,-2.4,-1.9,-1.9,-2.1,-4.3,-3.7,-4.5,-6.4,-8.3,-8.9,-8.0,-6.1,650.7,651.6,652.3,652.5,652.0,651.4,650.4,650.2,654.1,651.9,650.1,649.5,650.6,652.3,654.2,652.1,650.1,649.2,649.8,651.7,651.7,651.8,652.1,652.5,652.7,652.6,652.3,651.9,691.2,692.5,694.2,695.4,695.3,694.0,692.3,691.2,691.5,690.9,690.8,691.8,694.4,697.8,701.0,697.5,694.1,691.6,690.5,690.7,693.1,693.6,694.3,694.9,694.9,694.4,693.7,693.1,366.8,30.0,823.2,-0.002,0.102,-0.078
316,0,1656521717.554,0.98,1,-0.096958,0.072216,-0.992665,-0.244730,0.070776,-0.967005,-0.173,0.073,559.5,560.9,564.7,568.7,570.5,569.4,565.3,561.4,554.0,556.6,560.2,564.5,568.6,571.8,574.1,571.8,568.4,564.5,560.5,556.8,563.3,565.1,566.7,567.3,566.5,564.8,563.1,562.5,605.2,606.2,609.4,613.1,615.0,614.0,610.8,606.9,601.8,604.1,607.2,611.0,614.5,617.0,618.6,617.3,615.0,611.9,608.3,604.6,608.6,610.2,611.6,612.0,611.2,609.6,608.2,607.8,230.0,226.0,224.1,225.6,229.5,233.8,235.3,233.9,232.0,229.8,228.3,227.4,227.9,229.4,231.6,233.0,233.6,234.0,233.9,233.3,231.7,232.3,231.5,229.8,228.1,227.4,228.2,230.0,227.8,224.0,222.3,223.6,227.1,230.9,232.7,231.7,230.3,227.9,226.1,225.1,225.6,226.8,228.7,230.2,231.0,231.4,231.4,231.3,229.3,229.9,229.1,227.5,225.9,225.4,226.1,227.8,257.1,258.9,263.3,267.6,269.4,268.0,263.3,258.9,252.4,254.4,257.6,261.9,266.8,271.0,274.2,270.9,266.4,261.8,257.8,254.6,261.6,263.5,265.4,266.2,265.4,263.5,261.6,260.8,325.0,326.7,331.2,336.0,338.1,336.4,331.8,326.8,321.1,323.5,327.0,331.9,337.1,341.7,345.1,341.9,337.5,332.8,328.2,324.1,329.7,331.8,333.7,334.5,333.6,331.5,329.5,328.8,-3.4,-7.8,-9.8,-8.2,-4.0,0.7,2.3,0.8,-1.3,-3.6,-5.3,-6.2,-5.7,-4.1,-1.7,-0.2,0.5,0.9,0.8,0.2,-1.6,-0.9,-1.8,-3.7,-5.5,-6.2,-5.3,-3.4,-6.2,-10.5,-12.5,-11.1,-6.9,-2.6,-0.6,-1.7,-3.3,-6.0,-8.1,-9.2,-8.7,-7.4,-5.2,-3.4,-2.5,-2.0,-2.0,-2.1,-4.4,-3.7,-4.6,-6.5,-8.3,-9.0,-8.1,-6.2,650.8,651.7,652.4,652.5,652.1,651.5,650.5,650.4,654.2,652.0,650.2,649.6,650.6,652.4,654.2,652.2,650.1,649.3,649.9,651.8,651.8,651.9,652.2,652.5,652.7,652.7,652.4,652.0,690.3,691.5,693.2,694.3,694.2,692.9,691.2,690.2,690.5,689.9,689.8,690.8,693.4,696.7,699.9,696.4,693.1,690.6,689.5,689.8,692.1,692.6,693.3,693.9,693.9,693.4,692.7,692.1,367.3,29.9,824.2,0.004,0.102,-0.081
317,0,1656521717.588,0.98,1,-0.091700,0.071490,-0.993217,-0.242166,0.070423,-0.967676,-0.169,0.072,559.5,560.8,564.6,568.6,570.5,569.4,565.3,561.3,553.9,556.6,560.2,564.4,568.6,571.8,574.0,571.7,568.3,564.5,560.5,556.8,563.3,565.0,566.7,567.3,566.5,564.7,563.1,562.5,605.3,606.2,609.5,613.1,615.0,614.1,610.8,606.9,601.8,604.1,607.3,611.1,614.6,617.1,618.7,617.3,615.0,612.0,608.4,604.7,608.6,610.2,611.6,612.1,611.2,609.6,608.2,607.8,230.0,226.0,224.2,225.6,229.5,233.8,235.3,233.9,232.0,229.8,228.3,227.4,227.9,229.4,231.7,233.0,233.6,234.0,233.9,233.3,231.7,232.3,231.6,229.8,228.1,227.5,228.2,230.0,227.8,224.0,222.3,223.5,227.1,230.9,232.6,231.7,230.3,227.9,226.1,225.1,225.6,226.8,228.7,230.1,230.9,231.3,231.4,231.3,229.3,229.9,229.1,227.5,225.9,225.3,226.1,227.8,257.0,258.8,263.2,267.6,269.4,268.0,263.2,258.8,252.3,254.3,257.6,261.9,266.8,271.0,274.2,270.8,266.3,261.8,257.7,254.5,261.5,263.5,265.4,266.2,265.4,263.5,261.6,260.8,325.3,327.0,331.5,336.2,338.4,336.6,332.1,327.1,321.4,323.7,327.3,332.2,337.4,341.9,345.4,342.1,337.8,333.1,328.4,324.3,330.0,332.0,334.0,334.8,333.8,331.8,329.8,329.0,-3.4,-7.8,-9.8,-8.2,-4.0,0.7,2.4,0.8,-1.3,-3.6,-5.3,-6.2,-5.7,-4.0,-1.6,-0.1,0.5,0.9,0.8,0.2,-1.6,-0.9,-1.7,-3.7,-5.5,-6.2,-5.3,-3.4,-6.2,-10.5,-12.6,-11.1,-7.0,-2.6,-0.6,-1.7,-3.3,-6.1,-8.1,-9.2,-8.7,-7.4,-5.2,-3.5,-2.6,-2.1,-2.0,-2.2,-4.4,-3.8,-4.7,-6.6,-8.4,-9.0,-8.1,-6.2,650.8,651.6,652.4,652.6,652.1,651.5,650.5,650.3,654.1,651.9,650.1,649.6,650.7,652.4,654.3,652.2,650.1,649.2,649.8,651.7,651.7,651.8,652.2,652.6,652.8,652.7,652.3,652.0,690.7,692.0,693.7,694.8,694.7,693.4,691.7,690.7,691.0,690.3,690.3,691.3,693.8,697.2,700.4,696.9,693.5,691.1,690.0,690.2,692.5,693.0,693.8,694.3,694.4,693.9,693.2,692.6,366.4,29.9,822.4,0.002,0.099,-0.080
318,0,1656521717.621,0.98,1,-0.096517,0.068635,-0.992962,-0.244019,0.066725,-0.967472,-0.172,0.069,559.5,560.9,564.7,568.6,570.5,569.4,565.3,561.3,553.9,556.6,560.2,564.4,568.6,571.8,574.1,571.7,568.4,564.5,560.5,556.8,563.3,565.1,566.7,567.3,566.5,564.8,563.1,562.5,605.3,606.3,609.5,613.1,615.0,614.1,610.8,606.9,601.8,604.1,607.3,611.1,614.6,617.1,618.7,617.4,615.1,612.0,608.4,604.7,608.6,610.2,611.6,612.1,611.2,609.7,608.2,607.8,230.0,226.0,224.2,225.6,229.5,233.8,235.4,233.9,232.0,229.8,228.3,227.4,227.9,229.4,231.7,233.0,233.6,234.0,233.9,233.4,231.7,232.4,231.6,229.8,228.1,227.5,228.2,230.0,227.9,224.1,222.3,223.6,227.2,231.0,232.7,231.8,230.3,228.0,226.1,225.2,225.7,226.9,228.8,230.3,231.1,231.5,231.5,231.3,229.4,230.0,229.2,227.6,226.0,225.4,226.2,227.8,256.9,258.7,263.1,267.4,269.2,267.8,263.0,258.7,252.2,254.2,257.4,261.7,266.6,270.8,274.0,270.6,266.1,261.6,257.6,254.3,261.4,263.3,265.2,266.0,265.2,263.3,261.4,260.6,324.9,326.6,331.1,335.8,337.9,336.2,331.7,326.7,321.0,323.3,326.9,331.8,337.0,341.5,344.9,341.7,337.4,332.7,328.0,323.9,329.5,331.6,333.6,334.3,333.4,331.4,329.4,328.6,-3.4,-7.8,-9.7,-8.2,-4.0,0.7,2.4,0.8,-1.3,-3.6,-5.3,-6.2,-5.7,-4.0,-1.6,-0.1,0.5,0.9,0.8,0.2,-1.6,-0.9,-1.7,-3.6,-5.5,-6.2,-5.3,-3.4,-6.1,-10.4,-12.4,-11.0,-6.8,-2.5,-0.5,-1.6,-3.2,-6.0,-8.0,-9.1,-8.6,-7.2,-5.0,-3.3,-2.4,-1.9,-1.9,-2.1,-4.3,-3.7,-4.5,-6.4,-8.2,-8.9,-8.0,-6.1,650.3,651.2,651.9,652.1,651.6,651.0,650.0,649.9,653.7,651.5,649.7,649.1,650.1,651.9,653.7,651.7,649.6,648.8,649.4,651.3,651.3,651.4,651.7,652.0,652.2,652.2,651.9,651.5,689.8,691.1,692.8,693.9,693.8,692.5,690.8,689.8,690.0,689.4,689.4,690.4,692.9,696.3,699.5,696.0,692.6,690.2,689.1,689.3,691.6,692.1,692.9,693.4,693.5,693.0,692.3,691.7,367.2,30.0,823.7,-0.002,0.104,-0.082
319,0,1656521717.654,0.98,1,-0.093588,0.068296,-0.993266,-0.241512,0.067233,-0.968066,-0.169,0.069,559.6,560.9,564.7,568.7,570.6,569.4,565.4,561.4,554.0,556.7,560.3,564.5,568.7,571.9,574.1,571.8,568.4,564.6,560.6,556.9,563.4,565.1,566.8,567.4,566.6,564.8,563.2,562.6,605.4,606.4,609.6,613.3,615.1,614.2,610.9,607.0,601.9,604.2,607.4,611.2,614.7,617.2,618.8,617.5,615.2,612.1,608.5,604.8,608.7,610.3,611.8,612.2,611.4,609.8,608.3,607.9,230.0,225.9,224.1,225.6,229.5,233.8,235.3,233.9,232.0,229.8,228.3,227.4,227.9,229.4,231.6,233.0,233.6,234.0,233.9,233.3,231.7,232.3,231.5,229.8,228.1,227.4,228.2,230.0,227.9,224.1,222.4,223.7,227.2,231.0,232.7,231.8,230.3,227.9,226.1,225.2,225.7,226.9,228.8,230.3,231.1,231.5,231.5,231.3,229.4,230.0,229.2,227.6,226.0,225.4,226.2,227.8,256.8,258.7,263.0,267.4,269.2,267.8,263.0,258.7,252.1,254.2,257.4,261.7,266.6,270.8,274.0,270.6,266.1,261.6,257.6,254.3,261.4,263.3,265.2,266.0,265.2,263.3,261.4,260.6,325.2,326.9,331.5,336.2,338.3,336.6,332.0,327.0,321.3,323.7,327.3,332.2,337.4,341.9,345.3,342.1,337.8,333.1,328.4,324.3,329.9,332.0,334.0,334.7,333.8,331.7,329.7,329.0,-3.4,-7.8,-9.8,-8.2,-4.0,0.7,2.3,0.8,-1.3,-3.6,-5.3,-6.2,-5.7,-4.1,-1.7,-0.2,0.5,0.9,0.8,0.2,-1.6,-0.9,-1.8,-3.7,-5.5,-6.2,-5.3,-3.4,-6.1,-10.4,-12.4,-11.0,-6.8,-2.5,-0.5,-1.6,-3.2,-6.0,-8.1,-9.1,-8.6,-7.2,-5.0,-3.3,-2.4,-1.9,-1.9,-2.1,-4.3,-3.6,-4.5,-6.4,-8.2,-8.9,-8.0,-6.1,650.1,650.9,651.7,651.8,651.4,650.8,649.8,649.6,653.4,651.3,649.4,648.9,649.9,651.7,653.6,651.5,649.4,648.6,649.2,651.0,651.1,651.1,651.5,651.8,652.0,651.9,651.6,651.3,690.3,691.6,693.3,694.4,694.3,693.0,691.3,690.3,690.5,689.9,689.8,690.9,693.4,696.8,700.0,696.5,693.1,690.7,689.6,689.8,692.1,692.6,693.4,693.9,694.0,693.5,692.7,692.2,366.9,30.0,822.9,-0.003,0.100,-0.079
320,0,1656521717.688,0.98,1,-0.096770,0.070436,-0.992811,-0.244671,0.067715,-0.967239,-0.172,0.070,559.6,560.9,564.7,568.7,570.6,569.4,565.4,561.4,554.0,556.7,560.3,564.5,568.7,571.9,574.1,571.8,568.4,564.5,560.5,556.9,563.4,565.1,566.8,567.4,566.6,564.9,563.2,562.6,605.4,606.4,609.6,613.3,615.2,614.2,610.9,607.0,601.9,604.2,607.4,611.2,614.7,617.2,618.8,617.5,615.2,612.1,608.5,604.8,608.7,610.3,611.8,612.2,611.4,609.8,608.3,607.9,230.0,226.0,224.2,225.7,229.6,233.9,235.4,233.9,232.0,229.9,228.3,227.5,228.0,229.5,231.7,233.1,233.7,234.0,234.0,233.4,231.8,232.4,231.6,229.8,228.1,227.5,228.3,230.0,228.0,224.2,222.4,223.7,227.3,231.1,232.9,231.9,230.4,228.0,226.2,225.3,225.8,227.0,228.9,230.4,231.2,231.6,231.6,231.4,229.5,230.1,229.3,227.7,226.1,225.5,226.3,227.9,256.5,258.3,262.7,267.1,268.9,267.4,262.7,258.3,251.8,253.9,257.0,261.4,266.2,270.4,273.6,270.3,265.8,261.2,257.2,254.0,261.0,262.9,264.9,265.7,264.9,263.0,261.0,260.2,324.4,326.1,330.6,335.3,337.5,335.7,331.2,326.2,320.5,322.8,326.4,331.3,336.5,341.0,344.5,341.2,336.9,332.2,327.5,323.4,329.1,331.1,333.1,333.9,332.9,330.9,328.9,328.1,-3.4,-7.7,-9.7,-8.1,-3.9,0.8,2.4,0.8,-1.3,-3.6,-5.2,-6.1,-5.6,-4.0,-1.6,-0.1,0.5,0.9,0.9,0.2,-1.5,-0.8,-1.7,-3.6,-5.4,-6.1,-5.3,-3.4,-6.0,-10.3,-12.3,-10.8,-6.7,-2.4,-0.3,-1.5,-3.1,-5.8,-7.9,-9.0,-8.5,-7.1,-4.9,-3.2,-2.3,-1.8,-1.8,-2.0,-4.2,-3.5,-4.4,-6.3,-8.1,-8.8,-7.9,-6.0,649.3,650.1,650.8,651.0,650.5,649.9,649.0,648.8,652.7,650.4,648.6,648.0,649.0,650.8,652.7,650.6,648.6,647.7,648.4,650.2,650.2,650.3,650.6,651.0,651.2,651.1,650.8,650.4,688.5,689.8,691.5,692.6,692.5,691.2,689.5,688.5,688.8,688.2,688.1,689.1,691.7,695.0,698.2,694.7,691.4,688.9,687.8,688.0,690.4,690.9,691.6,692.2,692.2,691.7,691.0,690.4,367.2,30.0,823.7,-0.001,0.106,-0.081
321,0,1656521717.721,0.98,1,-0.098109,0.068672,-0.992804,-0.244548,0.066881,-0.967328,-0.173,0.069,559.6,561.0,564.8,568.8,570.6,569.5,565.4,561.4,554.1,556.7,560.3,564.6,568.7,571.9,574.2,571.9,568.5,564.6,560.6,556.9,563.4,565.2,566.8,567.4,566.6,564.9,563.2,562.6,605.4,606.4,609.6,613.3,615.2,614.2,611.0,607.0,601.9,604.2,607.4,611.2,614.7,617.2,618.8,617.5,615.2,612.1,608.5,604.8,608.8,610.4,611.8,612.2,611.4,609.8,608.4,607.9,230.0,226.0,224.2,225.6,229.5,233.9,235.4,233.9,232.0,229.8,228.3,227.4,227.9,229.4,231.7,233.1,233.7,234.1,234.0,233.4,231.7,232.4,231.6,229.8,228.1,227.5,228.3,230.0,227.8,224.1,222.3,223.6,227.2,231.0,232.7,231.7,230.3,227.9,226.1,225.2,225.6,226.8,228.8,230.3,231.1,231.5,231.5,231.4,229.4,230.0,229.2,227.5,226.0,225.4,226.2,227.8,256.4,258.2,262.6,266.9,268.7,267.3,262.5,258.2,251.7,253.7,256.9,261.2,266.1,270.3,273.5,270.1,265.6,261.1,257.1,253.9,260.9,262.8,264.7,265.5,264.7,262.8,260.9,260.1,324.4,326.1,330.6,335.3,337.4,335.7,331.2,326.2,320.5,322.8,326.4,331.3,336.5,341.0,344.4,341.2,336.9,332.2,327.5,323.4,329.1,331.1,333.1,333.9,332.9,330.9,328.9,328.1,-3.4,-7.7,-9.7,-8.1,-3.9,0.8,2.4,0.8,-1.2,-3.6,-5.3,-6.2,-5.7,-4.0,-1.6,-0.1,0.5,1.0,0.9,0.3,-1.5,-0.8,-1.7,-3.6,-5.5,-6.2,-5.3,-3.4,-6.1,-10.4,-12.5,-11.0,-6.9,-2.5,-0.5,-1.6,-3.2,-6.0,-8.1,-9.2,-8.7,-7.3,-5.1,-3.3,-2.4,-1.9,-1.9,-2.1,-4.3,-3.7,-4.6,-6.5,-8.3,-8.9,-8.0,-6.1,648.8,649.6,650.3,650.5,650.0,649.4,648.5,648.3,652.2,650.0,648.2,647.6,648.6,650.3,652.2,650.1,648.1,647.2,647.9,649.8,649.7,649.8,650.1,650.5,650.7,650.6,650.3,650.0,688.5,689.8,691.5,692.6,692.5,691.2,689.5,688.5,688.7,688.1,688.0,689.1,691.6,695.0,698.2,694.7,691.3,688.9,687.8,688.0,690.3,690.8,691.6,692.1,692.2,691.7,690.9,690.4,367.9,30.1,824.9,0.002,0.105,-0.083
322,0,1656521717.754,0.98,1,-0.097989,0.071842,-0.992591,-0.244409,0.069857,-0.967153,-0.173,0.072,559.6,561.0,564.8,568.8,570.6,569.5,565.4,561.4,554.0,556.7,560.3,564.6,568.7,571.9,574.2,571.9,568.5,564.6,560.6,556.9,563.4,565.2,566.8,567.4,566.6,564.9,563.2,562.6,605.4,606.4,609.6,613.3,615.2,614.2,610.9,607.0,601.9,604.2,607.4,611.2,614.7,617.2,618.8,617.5,615.2,612.1,608.5,604.8,608.7,610.3,611.8,612.2,611.4,609.8,608.3,607.9,230.0,225.9,224.1,225.6,229.5,233.8,235.3,233.9,231.9,229.8,228.2,227.4,227.9,229.4,231.6,233.0,233.6,234.0,233.9,233.3,231.7,232.3,231.5,229.8,228.1,227.4,228.2,230.0,227.9,224.1,222.3,223.7,227.2,231.0,232.8,231.8,230.4,228.0,226.1,225.2,225.7,226.9,228.8,230.3,231.1,231.5,231.5,231.4,229.4,230.0,229.2,227.6,226.0,225.4,226.2,227.9,256.5,258.3,262.7,267.1,268.9,267.4,262.6,258.3,251.8,253.8,257.0,261.3,266.2,270.4,273.6,270.3,265.8,261.2,257.2,254.0,261.0,262.9,264.8,265.6,264.8,262.9,261.0,260.2,324.1,325.8,330.4,335.1,337.2,335.5,330.9,326.0,320.2,322.6,326.2,331.1,336.3,340.8,344.2,341.0,336.7,332.0,327.3,323.2,328.8,330.9,332.9,333.6,332.7,330.6,328.6,327.9,-3.4,-7.8,-9.8,-8.2,-4.0,0.7,2.3,0.8,-1.3,-3.6,-5.3,-6.2,-5.7,-4.0,-1.6,-0.1,0.5,0.9,0.8,0.2,-1.6,-0.9,-1.8,-3.7,-5.5,-6.2,-5.3,-3.4,-6.0,-10.4,-12.4,-10.9,-6.8,-2.4,-0.4,-1.6,-3.2,-5.9,-8.0,-9.1,-8.6,-7.2,-5.0,-3.3,-2.4,-1.9,-1.9,-2.0,-4.3,-3.6,-4.5,-6.4,-8.2,-8.9,-8.0,-6.1,649.1,649.9,650.6,650.8,650.3,649.7,648.8,648.6,652.5,650.3,648.5,647.9,648.9,650.6,652.5,650.4,648.4,647.5,648.2,650.1,650.1,650.1,650.4,650.8,651.0,650.9,650.6,650.3,688.0,689.3,691.0,692.1,692.0,690.7,689.0,688.0,688.3,687.6,687.6,688.6,691.2,694.5,697.7,694.2,690.9,688.4,687.3,687.5,689.8,690.3,691.1,691.6,691.7,691.2,690.5,689.9,367.3,30.0,823.7,0.003,0.104,-0.080
323,0,1656521717.788,0.98,1,-0.094173,0.071531,-0.992983,-0.241777,0.070291,-0.967783,-0.170,0.072,559.6,561.0,564.8,568.8,570.6,569.5,565.4,561.4,554.0,556.7,560.3,564.6,568.7,571.9,574.2,571.9,568.5,564.6,560.6,556.9,563.4,565.2,566.8,567.4,566.6,564.9,563.2,562.6,605.5,606.5,609.7,613.3,615.2,614.3,611.0,607.1,602.0,604.3,607.5,611.3,614.8,617.3,618.9,617.6,615.3,612.2,608.6,604.9,608.8,610.4,611.9,612.3,611.4,609.9,608.4,608.0,230.0,226.0,224.2,225.6,229.5,233.9,235.4,233.9,232.0,229.9,228.3,227.5,227.9,229.5,231.7,233.1,233.6,234.0,233.9,233.4,231.7,232.4,231.6,229.8,228.1,227.5,228.3,230.0,227.8,224.0,222.3,223.6,227.2,230.9,232.7,231.7,230.3,227.9,226.1,225.2,225.6,226.8,228.8,230.2,231.0,231.4,231.4,231.3,229.4,229.9,229.2,227.5,225.9,225.4,226.1,227.8,256.6,258.4,262.8,267.2,269.0,267.6,262.8,258.4,251.9,253.9,257.1,261.5,266.3,270.5,273.7,270.4,265.9,261.4,257.3,254.1,261.1,263.0,265.0,265.8,265.0,263.0,261.1,260.3,325.0,326.7,331.2,335.9,338.1,336.3,331.8,326.8,321.1,323.4,327.0,331.9,337.1,341.6,345.1,341.8,337.5,332.8,328.1,324.0,329.7,331.7,333.7,334.5,333.5,331.5,329.5,328.7,-3.4,-7.7,-9.7,-8.1,-3.9,0.8,2.4,0.8,-1.3,-3.6,-5.2,-6.1,-5.6,-4.0,-1.6,-0.1,0.5,0.9,0.8,0.2,-1.5,-0.8,-1.7,-3.6,-5.5,-6.2,-5.3,-3.4,-6.1,-10.5,-12.5,-11.0,-6.9,-2.5,-0.5,-1.6,-3.3,-6.0,-8.1,-9.1,-8.6,-7.3,-5.1,-3.4,-2.5,-2.0,-2.0,-2.1,-4.4,-3.7,-4.6,-6.5,-8.3,-9.0,-8.1,-6.2,649.4,650.2,650.9,651.1,650.6,650.1,649.1,648.9,652.7,650.5,648.7,648.2,649.2,650.9,652.8,650.8,648.7,647.8,648.5,650.3,650.3,650.4,650.7,651.1,651.3,651.2,650.9,650.5,689.6,690.8,692.5,693.7,693.6,692.3,690.6,689.6,689.8,689.2,689.1,690.2,692.7,696.1,699.3,695.8,692.4,689.9,688.9,689.1,691.4,691.9,692.6,693.2,693.2,692.8,692.0,691.4,366.6,30.0,822.0,0.001,0.101,-0.081
324,0,1656521717.821,0.98,1,-0.095379,0.072612,-0.992789,-0.241831,0.070422,-0.967760,-0.170,0.073,559.8,561.1,564.9,568.9,570.8,569.6,565.6,561.6,554.2,556.9,560.5,564.7,568.9,572.1,574.3,572.0,568.6,564.7,560.8,557.1,563.6,565.3,567.0,567.6,566.8,565.1,563.4,562.8,605.6,606.5,609.8,613.4,615.3,614.3,611.1,607.2,602.1,604.4,607.5,611.4,614.8,617.3,618.9,617.6,615.3,612.2,608.6,604.9,608.9,610.5,611.9,612.3,611.5,609.9,608.5,608.1,230.0,225.9,224.1,225.6,229.5,233.8,235.3,233.9,231.9,229.8,228.3,227.4,227.9,229.4,231.6,233.0,233.6,234.0,233.9,233.3,231.7,232.3,231.5,229.8,228.1,227.4,228.2,230.0,227.8,224.0,222.3,223.6,227.2,231.0,232.7,231.7,230.3,227.9,226.1,225.2,225.7,226.9,228.8,230.2,231.0,231.4,231.5,231.3,229.4,229.9,229.2,227.5,226.0,225.4,226.2,227.8,257.5,259.3,263.7,268.1,269.9,268.5,263.7,259.3,252.8,254.9,258.1,262.4,267.2,271.4,274.7,271.3,266.8,262.3,258.2,255.0,262.0,264.0,265.9,266.7,265.9,264.0,262.0,261.2,325.7,327.5,332.0,336.7,338.8,337.1,332.5,327.6,321.9,324.2,327.8,332.7,337.9,342.4,345.8,342.6,338.3,333.6,328.9,324.8,330.4,332.5,334.5,335.2,334.3,332.3,330.3,329.5,-3.4,-7.8,-9.8,-8.2,-4.0,0.7,2.3,0.8,-1.3,-3.6,-5.3,-6.2,-5.7,-4.1,-1.7,-0.2,0.5,0.9,0.8,0.2,-1.6,-0.9,-1.8,-3.7,-5.5,-6.2,-5.4,-3.4,-6.1,-10.5,-12.5,-11.0,-6.9,-2.5,-0.5,-1.7,-3.3,-6.0,-8.1,-9.1,-8.6,-7.3,-5.1,-3.4,-2.4,-2.0,-2.0,-2.1,-4.4,-3.7,-4.6,-6.5,-8.3,-9.0,-8.1,-6.2,651.2,652.0,652.7,652.9,652.4,651.9,650.9,650.8,654.6,652.4,650.6,650.0,651.0,652.7,654.6,652.6,650.5,649.7,650.3,652.2,652.2,652.3,652.6,652.9,653.1,653.0,652.7,652.4,691.0,692.3,694.0,695.1,695.0,693.8,692.1,691.0,691.3,690.7,690.6,691.6,694.2,697.5,700.8,697.3,693.9,691.4,690.3,690.5,692.9,693.4,694.1,694.7,694.7,694.2,693.5,692.9,367.5,30.1,823.7,0.001,0.102,-0.080
325,0,1656521717.855,0.98,1,-0.094401,0.071519,-0.992962,-0.243277,0.069807,-0.967442,-0.171,0.072,559.9,561.3,565.0,569.0,570.9,569.8,565.7,561.7,554.3,557.0,560.6,564.9,569.0,572.2,574.4,572.1,568.8,564.9,560.9,557.2,563.7,565.5,567.1,567.7,566.9,565.2,563.5,562.9,605.7,606.7,609.9,613.6,615.4,614.5,611.2,607.3,602.2,604.5,607.7,611.5,615.0,617.5,619.1,617.8,615.5,612.4,608.8,605.1,609.1,610.6,612.1,612.5,611.7,610.1,608.6,608.2,230.1,226.1,224.2,225.7,229.6,233.9,235.4,234.0,232.1,229.9,228.4,227.5,228.0,229.5,231.8,233.1,233.7,234.1,234.0,233.4,231.8,232.4,231.6,229.9,228.2,227.5,228.3,230.1,227.9,224.2,222.4,223.7,227.3,231.1,232.8,231.8,230.4,228.0,226.2,225.3,225.8,227.0,228.9,230.4,231.2,231.6,231.6,231.4,229.5,230.1,229.3,227.6,226.1,225.5,226.3,227.9,257.1,259.0,263.3,267.7,269.5,268.1,263.3,258.9,252.4,254.5,257.7,262.0,266.9,271.1,274.3,270.9,266.4,261.9,257.9,254.6,261.7,263.6,265.5,266.3,265.5,263.6,261.7,260.9,325.4,327.1,331.6,336.3,338.5,336.7,332.2,327.2,321.5,323.8,327.4,332.3,337.5,342.0,345.5,342.2,337.9,333.2,328.5,324.4,330.1,332.1,334.1,334.9,333.9,331.9,329.9,329.1,-3.3,-7.7,-9.6,-8.1,-3.9,0.8,2.5,0.9,-1.2,-3.5,-5.2,-6.1,-5.6,-3.9,-1.5,-0.0,0.6,1.0,0.9,0.3,-1.5,-0.8,-1.6,-3.5,-5.4,-6.1,-5.2,-3.3,-6.0,-10.3,-12.4,-10.9,-6.7,-2.4,-0.4,-1.5,-3.1,-5.9,-8.0,-9.0,-8.5,-7.2,-4.9,-3.2,-2.3,-1.8,-1.8,-2.0,-4.2,-3.6,-4.4,-6.3,-8.2,-8.8,-7.9,-6.0,650.0,650.8,651.5,651.7,651.2,650.7,649.7,649.5,653.3,651.1,649.3,648.8,649.8,651.5,653.4,651.4,649.3,648.4,649.0,650.9,650.9,651.0,651.3,651.7,651.9,651.8,651.5,651.1,689.9,691.2,692.9,694.0,693.9,692.6,690.9,689.9,690.2,689.5,689.5,690.5,693.0,696.4,699.6,696.1,692.7,690.3,689.2,689.4,691.7,692.2,693.0,693.5,693.6,693.1,692.3,691.8,368.0,30.1,824.6,0.004,0.100,-0.080
326,0,1656521717.888,0.98,1,-0.094130,0.071846,-0.992964,-0.240985,0.070109,-0.967993,-0.169,0.072,560.1,561.4,565.2,569.2,571.1,569.9,565.9,561.9,554.5,557.2,560.8,565.0,569.2,572.4,574.6,572.3,568.9,565.0,561.1,557.4,563.9,565.6,567.3,567.9,567.1,565.3,563.7,563.1,605.7,606.7,610.0,613.6,615.5,614.5,611.3,607.3,602.2,604.6,607.7,611.6,615.0,617.5,619.1,617.8,615.5,612.4,608.8,605.1,609.1,610.7,612.1,612.5,611.7,610.1,608.7,608.2,230.1,226.1,224.3,225.7,229.6,234.0,235.5,234.0,232.1,229.9,228.4,227.5,228.0,229.6,231.8,233.2,233.7,234.1,234.0,233.4,231.8,232.5,231.7,229.9,228.2,227.6,228.4,230.1,228.1,224.3,222.6,223.9,227.5,231.2,233.0,232.0,230.5,228.2,226.3,225.4,225.9,227.1,229.1,230.5,231.3,231.7,231.7,231.6,229.6,230.2,229.4,227.8,226.2,225.6,226.4,228.1,257.3,259.1,263.5,267.9,269.7,268.2,263.4,259.1,252.6,254.6,257.8,262.2,267.0,271.2,274.4,271.1,266.6,262.0,258.0,254.8,261.8,263.7,265.6,266.4,265.6,263.7,261.8,261.0,324.9,326.6,331.2,335.9,338.0,336.3,331.7,326.7,321.0,323.4,327.0,331.9,337.1,341.6,345.0,341.8,337.5,332.8,328.1,324.0,329.6,331.7,333.7,334.4,333.5,331.4,329.4,328.7,-3.3,-7.7,-9.6,-8.0,-3.8,0.9,2.5,0.9,-1.2,-3.5,-5.2,-6.1,-5.5,-3.9,-1.5,0.0,0.6,1.0,0.9,0.3,-1.4,-0.7,-1.6,-3.5,-5.4,-6.1,-5.2,-3.3,-5.8,-10.2,-12.2,-10.7,-6.6,-2.2,-0.2,-1.3,-3.0,-5.7,-7.8,-8.8,-8.3,-7.0,-4.8,-3.1,-2.1,-1.7,-1.6,-1.8,-4.0,-3.4,-4.3,-6.2,-8.0,-8.6,-7.7,-5.8,649.9,650.7,651.4,651.6,651.1,650.6,649.6,649.4,653.2,651.0,649.2,648.6,649.7,651.4,653.3,651.3,649.2,648.3,648.9,650.8,650.8,650.9,651.2,651.6,651.8,651.7,651.4,651.0,688.8,690.1,691.8,693.0,692.9,691.6,689.9,688.9,689.1,688.5,688.4,689.5,692.0,695.4,698.6,695.1,691.7,689.3,688.1,688.3,690.7,691.2,692.0,692.5,692.6,692.1,691.3,690.7,367.2,30.0,822.7,0.001,0.100,-0.078
327,0,1656521717.921,0.98,1,-0.090897,0.071151,-0.993315,-0.240079,0.069124,-0.968289,-0.167,0.071,560.0,561.4,565.2,569.2,571.0,569.9,565.8,561.8,554.4,557.1,560.7,565.0,569.1,572.3,574.5,572.2,568.9,565.0,561.0,557.3,563.8,565.6,567.2,567.8,567.0,565.3,563.6,563.0,605.8,606.8,610.0,613.7,615.6,614.6,611.4,607.4,602.3,604.7,607.8,611.6,615.1,617.6,619.2,617.9,615.6,612.5,608.9,605.2,609.2,610.8,612.2,612.6,611.8,610.2,608.8,608.3,230.1,226.1,224.3,225.7,229.6,234.0,235.5,234.0,232.1,229.9,228.4,227.6,228.1,229.6,231.8,233.2,233.7,234.1,234.0,233.4,231.8,232.5,231.7,229.9,228.2,227.6,228.4,230.1,228.0,224.2,222.5,223.8,227.3,231.1,232.9,231.9,230.5,228.1,226.3,225.4,225.8,227.0,228.9,230.4,231.2,231.6,231.6,231.5,229.5,230.1,229.3,227.7,226.1,225.6,226.3,228.0,257.0,258.8,263.2,267.6,269.4,268.0,263.2,258.8,252.3,254.3,257.6,261.9,266.8,271.0,274.2,270.8,266.3,261.8,257.7,254.5,261.5,263.5,265.4,266.2,265.4,263.5,261.6,260.7,325.5,327.2,331.7,336.5,338.6,336.9,332.3,327.3,321.6,324.0,327.5,332.4,337.6,342.2,345.6,342.3,338.0,333.3,328.7,324.5,330.2,332.2,334.2,335.0,334.1,332.0,330.0,329.3,-3.3,-7.6,-9.6,-8.0,-3.8,0.9,2.5,0.9,-1.2,-3.5,-5.1,-6.0,-5.5,-3.9,-1.5,0.0,0.6,1.0,0.9,0.3,-1.4,-0.7,-1.6,-3.5,-5.3,-6.0,-5.2,-3.3,-5.9,-10.3,-12.3,-10.8,-6.7,-2.3,-0.3,-1.4,-3.1,-5.8,-7.9,-8.9,-8.5,-7.1,-4.9,-3.2,-2.3,-1.8,-1.8,-1.9,-4.2,-3.5,-4.4,-6.3,-8.1,-8.8,-7.9,-6.0,649.4,650.2,651.0,651.2,650.7,650.1,649.1,648.9,652.7,650.5,648.7,648.2,649.3,651.0,652.9,650.8,648.8,647.9,648.5,650.3,650.4,650.5,650.8,651.2,651.4,651.3,650.9,650.6,689.8,691.1,692.9,694.0,693.9,692.6,690.9,689.8,690.1,689.5,689.4,690.5,693.0,696.4,699.6,696.1,692.7,690.3,689.1,689.3,691.7,692.2,693.0,693.5,693.6,693.1,692.3,691.7,367.0,30.1,822.0,-0.000,0.098,-0.079
328,0,1656521717.955,0.98,1,-0.096883,0.067855,-0.992980,-0.246530,0.066099,-0.966879,-0.173,0.068,559.9,561.3,565.1,569.1,571.0,569.8,565.8,561.7,554.3,557.0,560.6,564.9,569.0,572.3,574.5,572.2,568.8,564.9,560.9,557.2,563.7,565.5,567.2,567.8,567.0,565.2,563.5,562.9,605.8,606.8,610.1,613.7,615.6,614.6,611.4,607.4,602.3,604.6,607.8,611.6,615.1,617.7,619.3,617.9,615.6,612.5,608.9,605.2,609.2,610.8,612.2,612.6,611.8,610.2,608.8,608.3,230.1,226.0,224.2,225.7,229.6,234.0,235.5,234.0,232.1,229.9,228.3,227.5,228.0,229.5,231.8,233.1,233.7,234.1,234.0,233.4,231.8,232.4,231.7,229.9,228.2,227.5,228.3,230.1,228.0,224.2,222.4,223.8,227.3,231.1,232.9,231.9,230.5,228.1,226.2,225.3,225.8,227.0,229.0,230.4,231.2,231.6,231.6,231.5,229.5,230.1,229.3,227.7,226.1,225.5,226.3,228.0,255.8,257.7,262.1,266.4,268.2,266.8,262.0,257.6,251.2,253.2,256.4,260.7,265.6,269.8,273.0,269.6,265.1,260.6,256.6,253.3,260.4,262.3,264.2,265.0,264.2,262.3,260.4,259.6,324.2,325.9,330.4,335.1,337.3,335.5,331.0,326.0,320.3,322.6,326.2,331.1,336.3,340.8,344.3,341.0,336.7,332.0,327.3,323.2,328.9,330.9,332.9,333.7,332.7,330.7,328.7,327.9,-3.3,-7.7,-9.6,-8.1,-3.8,0.9,2.5,0.9,-1.2,-3.5,-5.2,-6.1,-5.6,-3.9,-1.5,-0.0,0.6,1.0,0.9,0.3,-1.5,-0.8,-1.6,-3.5,-5.4,-6.1,-5.2,-3.3,-5.9,-10.2,-12.3,-10.8,-6.7,-2.3,-0.3,-1.4,-3.1,-5.8,-7.9,-9.0,-8.5,-7.1,-4.8,-3.2,-2.2,-1.8,-1.7,-1.9,-4.1,-3.5,-4.4,-6.3,-8.1,-8.7,-7.8,-5.9,646.7,647.5,648.2,648.4,647.9,647.3,646.3,646.2,650.0,647.8,646.0,645.5,646.5,648.2,650.1,648.0,646.0,645.1,645.7,647.6,647.6,647.7,648.0,648.4,648.6,648.5,648.2,647.8,687.1,688.4,690.1,691.2,691.0,689.8,688.1,687.1,687.4,686.8,686.7,687.7,690.2,693.5,696.7,693.2,689.9,687.4,686.4,686.6,688.9,689.4,690.1,690.7,690.8,690.3,689.5,689.0,367.7,30.1,823.7,0.000,0.104,-0.079
329,0,1656521717.988,0.98,1,-0.090394,0.065995,-0.993717,-0.240842,0.064475,-0.968420,-0.167,0.066,560.1,561.5,565.2,569.2,571.1,570.0,565.9,561.9,554.5,557.2,560.8,565.1,569.2,572.4,574.6,572.3,568.9,565.1,561.1,557.4,563.9,565.6,567.3,567.9,567.1,565.4,563.7,563.1,605.9,606.9,610.1,613.8,615.6,614.7,611.4,607.5,602.4,604.7,607.9,611.7,615.2,617.7,619.3,618.0,615.7,612.6,609.0,605.3,609.2,610.8,612.3,612.7,611.8,610.3,608.8,608.4,230.1,226.1,224.3,225.8,229.7,234.0,235.5,234.0,232.1,229.9,228.4,227.5,228.1,229.6,231.9,233.2,233.8,234.1,234.1,233.5,231.9,232.5,231.7,230.0,228.2,227.6,228.4,230.1,228.1,224.4,222.6,223.9,227.5,231.3,233.0,232.0,230.6,228.2,226.4,225.5,226.0,227.2,229.1,230.6,231.4,231.7,231.8,231.6,229.7,230.3,229.5,227.9,226.3,225.7,226.5,228.1,257.0,258.8,263.2,267.6,269.4,267.9,263.2,258.8,252.2,254.3,257.6,261.9,266.8,270.9,274.2,270.8,266.3,261.8,257.7,254.4,261.5,263.4,265.4,266.2,265.4,263.5,261.5,260.7,325.4,327.1,331.7,336.4,338.5,336.7,332.2,327.2,321.5,323.9,327.4,332.3,337.5,342.1,345.5,342.2,337.9,333.2,328.6,324.4,330.1,332.1,334.1,334.9,334.0,331.9,329.9,329.2,-3.3,-7.6,-9.6,-8.0,-3.8,0.9,2.5,0.9,-1.1,-3.5,-5.1,-6.0,-5.5,-3.8,-1.4,0.1,0.6,1.0,1.0,0.3,-1.4,-0.7,-1.6,-3.5,-5.3,-6.0,-5.2,-3.3,-5.8,-10.1,-12.1,-10.6,-6.5,-2.2,-0.2,-1.3,-2.9,-5.7,-7.7,-8.8,-8.3,-6.9,-4.7,-3.0,-2.1,-1.6,-1.6,-1.8,-4.0,-3.3,-4.2,-6.1,-7.9,-8.6,-7.7,-5.8,649.1,650.0,650.7,650.9,650.5,649.8,648.8,648.6,652.4,650.2,648.5,647.9,649.0,650.8,652.7,650.6,648.5,647.6,648.1,650.0,650.1,650.2,650.5,650.9,651.1,651.0,650.7,650.3,689.5,690.8,692.5,693.6,693.5,692.2,690.5,689.4,689.7,689.1,689.0,690.1,692.6,696.0,699.2,695.7,692.3,689.8,688.7,688.9,691.3,691.8,692.5,693.1,693.2,692.7,691.9,691.3,367.5,30.2,823.1,-0.004,0.097,-0.076
330,0,1656521718.021,0.98,1,-0.089351,0.072041,-0.993391,-0.241518,0.070429,-0.967837,-0.167,0.073,560.1,561.4,565.2,569.2,571.0,569.9,565.9,561.9,554.5,557.1,560.8,565.0,569.1,572.3,574.6,572.3,568.9,565.0,561.1,557.4,563.9,565.6,567.3,567.9,567.1,565.3,563.7,563.1,605.9,606.9,610.1,613.7,615.6,614.6,611.4,607.5,602.4,604.7,607.9,611.7,615.1,617.7,619.2,617.9,615.6,612.6,609.0,605.3,609.2,610.8,612.2,612.6,611.8,610.2,608.8,608.4,230.0,226.0,224.2,225.6,229.5,233.9,235.4,233.9,232.0,229.9,228.3,227.5,228.0,229.5,231.7,233.1,233.6,234.0,233.9,233.4,231.7,232.4,231.6,229.8,228.1,227.5,228.3,230.0,227.9,224.1,222.4,223.7,227.3,231.0,232.8,231.8,230.4,228.0,226.2,225.3,225.7,226.9,228.9,230.3,231.1,231.5,231.5,231.4,229.4,230.0,229.3,227.6,226.0,225.5,226.2,227.9,257.5,259.3,263.7,268.1,269.9,268.4,263.7,259.3,252.7,254.8,258.0,262.4,267.2,271.4,274.6,271.3,266.8,262.3,258.2,254.9,262.0,263.9,265.8,266.6,265.8,263.9,262.0,261.2,326.9,328.6,333.2,337.9,340.0,338.3,333.7,328.7,323.0,325.4,329.0,333.8,339.1,343.6,347.0,343.8,339.5,334.8,330.1,326.0,331.6,333.7,335.7,336.4,335.5,333.4,331.4,330.7,-3.4,-7.7,-9.7,-8.1,-3.9,0.8,2.4,0.8,-1.3,-3.6,-5.2,-6.1,-5.6,-4.0,-1.6,-0.1,0.5,0.9,0.8,0.2,-1.5,-0.8,-1.7,-3.6,-5.5,-6.1,-5.3,-3.4,-6.1,-10.4,-12.4,-10.9,-6.8,-2.5,-0.5,-1.6,-3.2,-5.9,-8.0,-9.1,-8.6,-7.2,-5.0,-3.3,-2.4,-1.9,-1.9,-2.0,-4.3,-3.6,-4.5,-6.4,-8.2,-8.9,-8.0,-6.1,650.3,651.2,651.9,652.2,651.7,651.1,650.1,649.9,653.6,651.5,649.7,649.2,650.2,652.0,653.9,651.8,649.7,648.8,649.4,651.2,651.3,651.4,651.8,652.1,652.3,652.2,651.9,651.5,692.7,694.0,695.7,696.8,696.7,695.4,693.7,692.7,693.0,692.4,692.3,693.3,695.8,699.2,702.4,698.9,695.5,693.1,692.0,692.2,694.6,695.0,695.8,696.3,696.4,695.9,695.2,694.6,367.7,30.1,823.7,0.001,0.095,-0.076
331,0,1656521718.054,0.98,1,-0.089649,0.068970,-0.993583,-0.241104,0.067781,-0.968129,-0.167,0.070,560.0,561.4,565.2,569.2,571.0,569.9,565.8,561.8,554.4,557.1,560.7,565.0,569.1,572.3,574.6,572.3,568.9,565.0,561.0,557.3,563.8,565.6,567.2,567.9,567.0,565.3,563.6,563.0,605.9,606.8,610.1,613.7,615.6,614.7,611.4,607.5,602.4,604.7,607.9,611.7,615.2,617.7,619.3,618.0,615.7,612.6,609.0,605.3,609.2,610.8,612.2,612.7,611.8,610.2,608.8,608.4,230.1,226.1,224.3,225.7,229.6,234.0,235.5,234.0,232.1,229.9,228.4,227.5,228.1,229.6,231.8,233.2,233.7,234.1,234.1,233.5,231.9,232.5,231.7,229.9,228.2,227.6,228.4,230.1,228.0,224.2,222.5,223.8,227.4,231.2,232.9,231.9,230.5,228.1,226.3,225.4,225.8,227.1,229.0,230.4,231.2,231.6,231.7,231.5,229.6,230.1,229.4,227.7,226.2,225.6,226.4,228.0,256.0,257.8,262.2,266.6,268.4,266.9,262.1,257.8,251.2,253.3,256.5,260.9,265.7,269.9,273.1,269.8,265.3,260.7,256.7,253.4,260.5,262.4,264.3,265.1,264.3,262.4,260.5,259.7,325.1,326.8,331.4,336.1,338.2,336.5,331.9,327.0,321.2,323.6,327.2,332.1,337.3,341.8,345.2,342.0,337.7,333.0,328.3,324.2,329.8,331.9,333.9,334.6,333.7,331.6,329.6,328.9,-3.3,-7.6,-9.6,-8.0,-3.8,0.9,2.5,0.9,-1.2,-3.5,-5.1,-6.0,-5.5,-3.8,-1.5,0.0,0.6,1.0,1.0,0.3,-1.4,-0.7,-1.6,-3.5,-5.3,-6.0,-5.2,-3.3,-5.9,-10.2,-12.2,-10.8,-6.6,-2.3,-0.3,-1.4,-3.0,-5.8,-7.9,-8.9,-8.4,-7.0,-4.8,-3.1,-2.2,-1.7,-1.7,-1.9,-4.1,-3.5,-4.3,-6.2,-8.0,-8.7,-7.8,-5.9,646.7,647.6,648.3,648.5,648.1,647.5,646.4,646.2,650.0,647.8,646.1,645.5,646.6,648.4,650.3,648.2,646.1,645.2,645.8,647.6,647.7,647.8,648.1,648.5,648.7,648.6,648.3,647.9,689.0,690.2,692.0,693.1,693.0,691.7,690.0,688.9,689.2,688.6,688.5,689.6,692.1,695.5,698.7,695.2,691.8,689.3,688.2,688.5,690.8,691.3,692.0,692.6,692.7,692.2,691.4,690.8,367.2,30.1,822.6,-0.002,0.096,-0.076
332,0,1656521718.088,0.98,1,-0.093984,0.069792,-0.993124,-0.242422,0.068151,-0.967774,-0.170,0.070,560.0,561.4,565.2,569.2,571.0,569.9,565.9,561.9,554.5,557.1,560.8,565.0,569.1,572.3,574.6,572.3,568.9,565.0,561.0,557.4,563.9,565.6,567.3,567.9,567.1,565.3,563.7,563.1,605.8,606.8,610.0,613.6,615.5,614.6,611.3,607.4,602.3,604.6,607.8,611.6,615.1,617.6,619.2,617.8,615.5,612.5,608.9,605.2,609.1,610.7,612.1,612.6,611.7,610.2,608.7,608.3,230.2,226.1,224.3,225.8,229.7,234.0,235.5,234.0,232.1,230.0,228.4,227.6,228.1,229.6,231.8,233.2,233.8,234.1,234.1,233.5,231.9,232.5,231.7,229.9,228.2,227.6,228.4,230.2,228.0,224.3,222.5,223.8,227.4,231.2,232.9,231.9,230.5,228.1,226.3,225.4,225.9,227.1,229.0,230.5,231.3,231.7,231.7,231.5,229.6,230.2,229.4,227.8,226.2,225.6,226.4,228.0,257.4,259.2,263.6,268.0,269.8,268.3,263.5,259.2,252.7,254.7,257.9,262.2,267.1,271.3,274.5,271.2,266.7,262.1,258.1,254.8,261.9,263.8,265.7,266.5,265.7,263.8,261.9,261.1,325.7,327.4,332.0,336.7,338.8,337.1,332.5,327.5,321.8,324.2,327.8,332.7,337.9,342.4,345.8,342.6,338.3,333.6,328.9,324.8,330.4,332.5,334.5,335.2,334.3,332.2,330.2,329.5,-3.2,-7.6,-9.6,-8.0,-3.8,0.9,2.5,1.0,-1.1,-3.4,-5.1,-6.0,-5.5,-3.9,-1.5,0.0,0.6,1.1,1.0,0.4,-1.4,-0.7,-1.6,-3.5,-5.3,-6.0,-5.2,-3.2,-5.9,-10.2,-12.2,-10.7,-6.6,-2.3,-0.3,-1.4,-3.0,-5.8,-7.8,-8.9,-8.4,-7.0,-4.8,-3.1,-2.2,-1.7,-1.7,-1.9,-4.1,-3.4,-4.3,-6.2,-8.0,-8.7,-7.8,-5.9,650.1,650.9,651.7,651.9,651.4,650.8,649.8,649.6,653.4,651.3,649.5,648.9,649.9,651.7,653.6,651.5,649.4,648.6,649.2,651.0,651.1,651.1,651.5,651.8,652.0,652.0,651.6,651.3,690.4,691.7,693.4,694.5,694.4,693.1,691.4,690.4,690.6,690.0,690.0,691.0,693.6,696.9,700.1,696.6,693.3,690.8,689.7,689.9,692.2,692.7,693.5,694.1,694.1,693.6,692.9,692.3,367.7,30.1,823.7,-0.001,0.099,-0.077
333,0,1656521718.121,0.98,1,-0.095540,0.071559,-0.992850,-0.242186,0.069409,-0.967744,-0.171,0.072,560.1,561.5,565.3,569.2,571.1,570.0,565.9,562.0,554.6,557.2,560.9,565.1,569.2,572.4,574.6,572.3,569.0,565.1,561.1,557.5,563.9,565.7,567.3,567.9,567.1,565.4,563.7,563.1,605.8,606.7,610.0,613.6,615.5,614.5,611.2,607.3,602.3,604.6,607.7,611.6,615.0,617.5,619.1,617.8,615.5,612.4,608.8,605.1,609.1,610.7,612.1,612.5,611.7,610.1,608.7,608.3,230.1,226.1,224.2,225.7,229.6,233.9,235.4,234.0,232.0,229.9,228.4,227.5,228.0,229.5,231.7,233.1,233.7,234.1,234.0,233.4,231.8,232.4,231.6,229.9,228.2,227.5,228.3,230.1,228.0,224.2,222.5,223.8,227.4,231.1,232.9,231.9,230.5,228.1,226.3,225.4,225.8,227.1,229.0,230.4,231.2,231.6,231.6,231.5,229.5,230.1,229.4,227.7,226.1,225.6,226.3,228.0,258.4,260.2,264.6,269.0,270.8,269.4,264.6,260.2,253.7,255.8,259.0,263.3,268.1,272.3,275.6,272.2,267.7,263.2,259.1,255.9,262.9,264.9,266.8,267.6,266.8,264.9,262.9,262.1,326.3,328.0,332.6,337.3,339.4,337.7,333.1,328.1,322.4,324.8,328.4,333.3,338.5,343.0,346.4,343.2,338.9,334.2,329.5,325.4,331.0,333.1,335.1,335.8,334.9,332.8,330.8,330.1,-3.3,-7.7,-9.7,-8.1,-3.9,0.8,2.4,0.9,-1.2,-3.5,-5.2,-6.1,-5.6,-4.0,-1.6,-0.1,0.6,1.0,0.9,0.3,-1.5,-0.8,-1.7,-3.6,-5.4,-6.1,-5.3,-3.3,-5.9,-10.3,-12.3,-10.8,-6.7,-2.3,-0.3,-1.5,-3.1,-5.8,-7.9,-9.0,-8.4,-7.1,-4.9,-3.2,-2.3,-1.8,-1.8,-1.9,-4.2,-3.5,-4.4,-6.3,-8.1,-8.8,-7.9,-6.0,652.5,653.3,654.1,654.2,653.8,653.2,652.2,652.1,655.9,653.7,651.9,651.3,652.3,654.1,656.0,653.9,651.9,651.0,651.6,653.5,653.5,653.6,653.9,654.2,654.4,654.4,654.0,653.7,691.8,693.1,694.8,695.9,695.8,694.6,692.9,691.8,692.1,691.5,691.4,692.4,695.0,698.3,701.6,698.1,694.7,692.2,691.1,691.3,693.7,694.2,694.9,695.5,695.5,695.0,694.3,693.7,367.7,30.1,823.5,-0.000,0.102,-0.080
334,0,1656521718.155,0.98,1,-0.094250,0.067627,-0.993249,-0.243293,0.066444,-0.967674,-0.170,0.068,560.1,561.4,565.2,569.2,571.1,570.0,565.9,561.9,554.5,557.2,560.8,565.0,569.2,572.4,574.6,572.3,568.9,565.1,561.1,557.4,563.9,565.6,567.3,567.9,567.1,565.3,563.7,563.1,605.9,606.8,610.1,613.7,615.6,614.6,611.4,607.5,602.4,604.7,607.8,611.7,615.1,617.7,619.3,617.9,615.6,612.6,608.9,605.2,609.2,610.8,612.2,612.6,611.8,610.2,608.8,608.4,230.1,226.1,224.3,225.7,229.6,234.0,235.5,234.0,232.1,230.0,228.4,227.5,228.0,229.6,231.8,233.2,233.7,234.1,234.1,233.5,231.8,232.5,231.7,229.9,228.2,227.6,228.4,230.1,228.0,224.2,222.5,223.8,227.4,231.2,232.9,231.9,230.5,228.1,226.3,225.4,225.8,227.1,229.0,230.5,231.2,231.6,231.7,231.5,229.6,230.2,229.4,227.7,226.2,225.6,226.4,228.0,257.0,258.8,263.2,267.6,269.4,267.9,263.1,258.8,252.3,254.3,257.5,261.8,266.7,270.9,274.1,270.8,266.3,261.7,257.7,254.4,261.5,263.4,265.3,266.1,265.3,263.4,261.5,260.7,325.3,327.0,331.5,336.2,338.3,336.6,332.0,327.1,321.4,323.7,327.3,332.2,337.4,341.9,345.4,342.1,337.8,333.1,328.4,324.3,329.9,332.0,334.0,334.7,333.8,331.8,329.8,329.0,-3.3,-7.6,-9.6,-8.0,-3.8,0.9,2.5,0.9,-1.1,-3.5,-5.1,-6.1,-5.5,-3.9,-1.5,0.0,0.6,1.0,1.0,0.3,-1.4,-0.7,-1.6,-3.5,-5.3,-6.0,-5.2,-3.3,-5.9,-10.2,-12.2,-10.8,-6.6,-2.3,-0.3,-1.4,-3.0,-5.8,-7.9,-8.9,-8.4,-7.0,-4.8,-3.1,-2.2,-1.8,-1.7,-1.9,-4.1,-3.5,-4.3,-6.2,-8.0,-8.7,-7.8,-5.9,649.1,649.9,650.7,650.9,650.4,649.8,648.8,648.6,652.4,650.2,648.4,647.9,648.9,650.7,652.6,650.5,648.4,647.5,648.1,650.0,650.0,650.1,650.4,650.8,651.0,651.0,650.6,650.3,689.3,690.6,692.3,693.4,693.3,692.0,690.3,689.3,689.5,688.9,688.8,689.9,692.4,695.8,699.0,695.5,692.1,689.6,688.5,688.8,691.1,691.6,692.3,692.9,693.0,692.5,691.7,691.2,367.5,30.1,823.0,-0.002,0.100,-0.078
335,0,1656521718.188,0.98,1,-0.096571,0.070068,-0.992857,-0.243448,0.067291,-0.967577,-0.172,0.070,559.9,561.3,565.1,569.1,570.9,569.8,565.8,561.8,554.4,557.0,560.7,564.9,569.0,572.2,574.5,572.2,568.8,564.9,560.9,557.3,563.8,565.5,567.2,567.8,567.0,565.2,563.6,563.0,605.8,606.7,610.0,613.6,615.5,614.5,611.3,607.3,602.2,604.6,607.7,611.6,615.1,617.6,619.1,617.8,615.5,612.4,608.8,605.1,609.1,610.7,612.1,612.5,611.7,610.1,608.7,608.3,230.2,226.2,224.4,225.8,229.7,234.1,235.6,234.1,232.2,230.0,228.5,227.6,228.1,229.7,231.9,233.2,233.8,234.2,234.1,233.5,231.9,232.6,231.8,230.0,228.3,227.7,228.5,230.2,228.2,224.4,222.7,224.0,227.6,231.3,233.1,232.1,230.6,228.2,226.4,225.6,226.0,227.3,229.2,230.6,231.4,231.8,231.8,231.6,229.7,230.3,229.5,227.9,226.3,225.7,226.5,228.2,257.5,259.3,263.7,268.1,269.9,268.4,263.7,259.3,252.8,254.8,258.0,262.4,267.2,271.4,274.6,271.3,266.8,262.2,258.2,255.0,262.0,263.9,265.8,266.6,265.9,263.9,262.0,261.2,325.1,326.8,331.4,336.1,338.2,336.4,331.9,326.9,321.2,323.6,327.1,332.0,337.2,341.8,345.2,341.9,337.6,332.9,328.2,324.1,329.8,331.8,333.8,334.6,333.7,331.6,329.6,328.9,-3.2,-7.6,-9.5,-7.9,-3.7,1.0,2.6,1.0,-1.1,-3.4,-5.0,-6.0,-5.4,-3.8,-1.4,0.1,0.7,1.1,1.0,0.4,-1.3,-0.6,-1.5,-3.4,-5.3,-6.0,-5.1,-3.2,-5.7,-10.1,-12.1,-10.6,-6.4,-2.1,-0.1,-1.2,-2.9,-5.6,-7.7,-8.7,-8.2,-6.8,-4.6,-2.9,-2.0,-1.6,-1.6,-1.7,-3.9,-3.3,-4.2,-6.1,-7.9,-8.5,-7.6,-5.7,650.7,651.6,652.3,652.4,652.0,651.4,650.4,650.3,654.1,651.9,650.1,649.5,650.5,652.3,654.1,652.1,650.0,649.2,649.8,651.7,651.7,651.8,652.1,652.4,652.6,652.6,652.2,651.9,689.2,690.5,692.2,693.3,693.2,691.9,690.2,689.2,689.4,688.8,688.7,689.8,692.3,695.7,698.9,695.4,692.0,689.5,688.4,688.7,691.0,691.5,692.3,692.8,692.9,692.4,691.6,691.1,367.5,30.3,823.3,-0.002,0.103,-0.080
336,0,1656521718.221,0.98,1,-0.097059,0.071319,-0.992720,-0.243619,0.068489,-0.967450,-0.172,0.071,559.9,561.2,565.0,569.0,570.9,569.7,565.7,561.7,554.3,557.0,560.6,564.8,569.0,572.2,574.4,572.1,568.7,564.8,560.9,557.2,563.7,565.4,567.1,567.7,566.9,565.2,563.5,562.9,605.8,606.8,610.1,613.7,615.6,614.6,611.3,607.4,602.3,604.6,607.8,611.6,615.1,617.6,619.2,617.9,615.6,612.5,608.9,605.2,609.1,610.7,612.2,612.6,611.8,610.2,608.7,608.3,230.1,226.1,224.3,225.8,229.7,234.0,235.5,234.0,232.1,230.0,228.4,227.6,228.1,229.6,231.8,233.2,233.8,234.1,234.1,233.5,231.9,232.5,231.7,229.9,228.2,227.6,228.4,230.2,228.1,224.3,222.6,223.9,227.5,231.3,233.1,232.1,230.6,228.2,226.4,225.5,226.0,227.2,229.2,230.6,231.4,231.8,231.8,231.6,229.7,230.3,229.5,227.9,226.3,225.7,226.5,228.1,257.1,258.9,263.3,267.7,269.5,268.0,263.3,258.9,252.4,254.5,257.7,262.0,266.8,271.0,274.2,270.9,266.4,261.9,257.8,254.6,261.6,263.5,265.5,266.3,265.5,263.6,261.6,260.8,324.6,326.3,330.9,335.6,337.7,335.9,331.4,326.4,320.7,323.0,326.6,331.5,336.7,341.3,344.7,341.4,337.1,332.4,327.7,323.6,329.3,331.3,333.3,334.1,333.2,331.1,329.1,328.3,-3.3,-7.6,-9.6,-8.0,-3.8,0.9,2.5,0.9,-1.2,-3.5,-5.1,-6.0,-5.5,-3.8,-1.5,0.0,0.6,1.1,1.0,0.3,-1.4,-0.7,-1.6,-3.5,-5.3,-6.0,-5.2,-3.3,-5.8,-10.1,-12.1,-10.6,-6.5,-2.1,-0.1,-1.3,-2.9,-5.6,-7.7,-8.7,-8.2,-6.8,-4.6,-3.0,-2.1,-1.6,-1.6,-1.8,-4.0,-3.3,-4.2,-6.1,-7.9,-8.5,-7.7,-5.8,649.9,650.8,651.5,651.6,651.2,650.6,649.6,649.5,653.3,651.1,649.3,648.7,649.7,651.5,653.3,651.3,649.2,648.4,649.0,650.9,650.9,651.0,651.3,651.6,651.9,651.8,651.5,651.1,688.0,689.3,691.0,692.1,692.0,690.7,689.0,688.0,688.2,687.6,687.5,688.6,691.1,694.5,697.7,694.2,690.8,688.4,687.3,687.5,689.8,690.3,691.1,691.6,691.7,691.2,690.4,689.9,367.3,30.2,822.9,0.000,0.104,-0.079
337,0,1656521718.255,0.98,1,-0.096559,0.071746,-0.992738,-0.240740,0.070322,-0.968039,-0.170,0.072,559.9,561.2,565.0,569.0,570.8,569.7,565.7,561.7,554.3,557.0,560.6,564.8,568.9,572.1,574.4,572.1,568.7,564.8,560.9,557.2,563.7,565.4,567.1,567.7,566.9,565.1,563.5,562.9,605.6,606.6,609.9,613.5,615.4,614.4,611.1,607.2,602.1,604.5,607.6,611.5,614.9,617.4,619.0,617.6,615.4,612.3,608.7,605.0,609.0,610.5,612.0,612.4,611.6,610.0,608.6,608.1,230.2,226.1,224.3,225.8,229.7,234.0,235.5,234.1,232.1,230.0,228.5,227.6,228.1,229.6,231.8,233.2,233.8,234.2,234.1,233.5,231.9,232.5,231.7,230.0,228.3,227.6,228.4,230.2,228.1,224.3,222.6,223.9,227.5,231.2,233.0,232.0,230.5,228.2,226.4,225.5,225.9,227.1,229.0,230.5,231.3,231.7,231.7,231.5,229.6,230.2,229.4,227.8,226.2,225.6,226.4,228.1,258.0,259.8,264.2,268.6,270.4,268.9,264.2,259.8,253.3,255.3,258.5,262.8,267.7,271.9,275.1,271.8,267.3,262.7,258.7,255.5,262.5,264.4,266.3,267.1,266.3,264.4,262.5,261.7,325.1,326.8,331.4,336.1,338.2,336.5,331.9,327.0,321.2,323.6,327.2,332.1,337.3,341.8,345.2,342.0,337.7,333.0,328.3,324.2,329.8,331.9,333.9,334.6,333.7,331.6,329.6,328.9,-3.2,-7.6,-9.6,-8.0,-3.8,0.9,2.5,1.0,-1.1,-3.4,-5.1,-6.0,-5.5,-3.8,-1.5,0.1,0.7,1.1,1.0,0.4,-1.4,-0.7,-1.6,-3.5,-5.3,-6.0,-5.1,-3.2,-5.8,-10.2,-12.2,-10.7,-6.6,-2.2,-0.2,-1.3,-3.0,-5.7,-7.8,-8.8,-8.3,-7.0,-4.8,-3.1,-2.2,-1.7,-1.7,-1.8,-4.1,-3.4,-4.3,-6.2,-8.0,-8.6,-7.8,-5.9,652.2,653.0,653.7,653.9,653.4,652.8,651.9,651.7,655.5,653.3,651.5,650.9,652.0,653.7,655.6,653.5,651.5,650.6,651.2,653.1,653.1,653.2,653.5,653.9,654.1,654.0,653.7,653.3,689.6,690.8,692.6,693.7,693.6,692.4,690.6,689.6,689.8,689.2,689.1,690.2,692.8,696.1,699.4,695.9,692.5,690.0,688.9,689.1,691.4,691.9,692.7,693.3,693.3,692.8,692.0,691.5,366.6,30.2,821.6,0.000,0.103,-0.080
338,0,1656521718.288,0.98,1,-0.097800,0.071574,-0.992629,-0.244014,0.069814,-0.967256,-0.173,0.072,559.8,561.2,565.0,569.0,570.8,569.7,565.6,561.7,554.3,556.9,560.6,564.8,568.9,572.1,574.4,572.1,568.7,564.8,560.8,557.2,563.7,565.4,567.1,567.7,566.8,565.1,563.5,562.9,605.6,606.6,609.8,613.5,615.3,614.4,611.1,607.2,602.1,604.4,607.6,611.4,614.9,617.4,619.0,617.7,615.4,612.3,608.7,605.0,608.9,610.5,612.0,612.4,611.5,610.0,608.5,608.1,230.2,226.1,224.3,225.8,229.7,234.0,235.5,234.1,232.1,230.0,228.4,227.6,228.1,229.6,231.8,233.2,233.8,234.2,234.1,233.5,231.9,232.5,231.7,230.0,228.3,227.6,228.4,230.2,228.1,224.3,222.6,223.9,227.5,231.2,233.0,232.0,230.6,228.2,226.4,225.5,225.9,227.1,229.1,230.5,231.3,231.7,231.7,231.6,229.6,230.2,229.5,227.8,226.2,225.7,226.4,228.1,257.7,259.5,263.9,268.3,270.1,268.6,263.8,259.5,253.0,255.0,258.2,262.5,267.4,271.6,274.8,271.5,267.0,262.4,258.4,255.2,262.2,264.1,266.0,266.8,266.0,264.1,262.2,261.4,325.1,326.8,331.4,336.1,338.2,336.4,331.9,326.9,321.2,323.6,327.1,332.0,337.2,341.8,345.2,341.9,337.6,332.9,328.3,324.1,329.8,331.8,333.8,334.6,333.7,331.6,329.6,328.9,-3.2,-7.6,-9.6,-8.0,-3.8,0.9,2.5,1.0,-1.1,-3.4,-5.1,-6.0,-5.5,-3.8,-1.4,0.1,0.7,1.1,1.0,0.4,-1.4,-0.7,-1.6,-3.5,-5.3,-6.0,-5.1,-3.2,-5.8,-10.1,-12.2,-10.7,-6.6,-2.2,-0.2,-1.3,-3.0,-5.7,-7.8,-8.8,-8.3,-6.9,-4.7,-3.1,-2.1,-1.7,-1.6,-1.8,-4.0,-3.4,-4.3,-6.2,-8.0,-8.6,-7.7,-5.8,651.5,652.3,653.0,653.2,652.7,652.1,651.2,651.0,654.9,652.7,650.8,650.3,651.3,653.0,654.9,652.8,650.8,649.9,650.6,652.5,652.4,652.5,652.8,653.2,653.4,653.3,653.0,652.6,689.6,690.9,692.6,693.7,693.6,692.3,690.6,689.6,689.8,689.2,689.1,690.2,692.7,696.1,699.3,695.8,692.4,689.9,688.8,689.1,691.4,691.9,692.7,693.2,693.3,692.8,692.0,691.5,367.5,30.3,823.6,0.002,0.103,-0.078
339,0,1656521718.322,0.98,1,-0.095228,0.070735,-0.992939,-0.244438,0.069107,-0.967199,-0.172,0.071,559.8,561.2,565.0,569.0,570.8,569.7,565.7,561.7,554.3,556.9,560.6,564.8,568.9,572.1,574.4,572.1,568.7,564.8,560.8,557.1,563.7,565.4,567.1,567.7,566.8,565.1,563.4,562.8,605.6,606.5,609.8,613.4,615.3,614.4,611.1,607.2,602.1,604.4,607.5,611.4,614.9,617.4,619.0,617.6,615.3,612.3,608.6,605.0,608.9,610.5,611.9,612.4,611.5,609.9,608.5,608.1,230.2,226.2,224.4,225.9,229.7,234.1,235.6,234.1,232.2,230.1,228.5,227.7,228.2,229.7,231.9,233.3,233.8,234.2,234.2,233.6,231.9,232.6,231.8,230.0,228.3,227.7,228.5,230.2,228.1,224.3,222.6,223.9,227.5,231.2,233.0,232.0,230.6,228.2,226.4,225.5,225.9,227.2,229.1,230.5,231.3,231.7,231.7,231.6,229.7,230.2,229.5,227.8,226.3,225.7,226.4,228.1,257.3,259.1,263.5,267.9,269.7,268.3,263.5,259.1,252.6,254.6,257.9,262.2,267.1,271.2,274.5,271.1,266.6,262.1,258.0,254.8,261.8,263.7,265.7,266.5,265.7,263.8,261.8,261.0,325.5,327.2,331.8,336.5,338.6,336.8,332.3,327.3,321.6,324.0,327.5,332.4,337.6,342.2,345.6,342.3,338.0,333.3,328.7,324.5,330.2,332.2,334.2,335.0,334.1,332.0,330.0,329.3,-3.2,-7.5,-9.5,-7.9,-3.7,1.0,2.6,1.0,-1.0,-3.3,-5.0,-5.9,-5.4,-3.8,-1.4,0.1,0.7,1.2,1.1,0.5,-1.3,-0.6,-1.5,-3.4,-5.2,-5.9,-5.1,-3.1,-5.8,-10.1,-12.2,-10.7,-6.5,-2.2,-0.2,-1.3,-2.9,-5.7,-7.8,-8.8,-8.3,-7.0,-4.7,-3.0,-2.1,-1.7,-1.6,-1.8,-4.0,-3.4,-4.3,-6.2,-8.0,-8.6,-7.7,-5.8,650.5,651.4,652.1,652.3,651.8,651.2,650.3,650.1,653.9,651.7,649.9,649.3,650.4,652.1,654.0,651.9,649.9,649.0,649.6,651.5,651.5,651.6,651.9,652.3,652.5,652.4,652.1,651.7,690.5,691.8,693.5,694.6,694.4,693.2,691.5,690.5,690.7,690.1,690.0,691.1,693.6,696.9,700.1,696.7,693.3,690.8,689.7,690.0,692.3,692.8,693.5,694.1,694.1,693.7,692.9,692.4,367.7,30.3,824.3,0.002,0.102,-0.080
340,0,1656521718.355,0.98,1,-0.094716,0.071856,-0.992908,-0.241941,0.070067,-0.967758,-0.170,0.072,559.7,561.1,564.9,568.9,570.7,569.6,565.5,561.6,554.2,556.8,560.5,564.7,568.8,572.0,574.3,571.9,568.6,564.7,560.7,557.0,563.5,565.3,566.9,567.5,566.7,565.0,563.3,562.7,605.5,606.5,609.7,613.3,615.2,614.3,611.0,607.1,602.0,604.3,607.5,611.3,614.8,617.3,618.8,617.5,615.2,612.2,608.6,604.9,608.8,610.4,611.8,612.3,611.4,609.8,608.4,608.0,230.3,226.3,224.5,225.9,229.8,234.2,235.7,234.2,232.3,230.1,228.6,227.7,228.2,229.8,232.0,233.4,233.9,234.3,234.2,233.7,232.0,232.7,231.9,230.1,228.4,227.8,228.6,230.3,228.2,224.4,222.6,223.9,227.5,231.3,233.0,232.1,230.6,228.3,226.4,225.5,226.0,227.2,229.1,230.6,231.4,231.8,231.8,231.6,229.7,230.3,229.5,227.9,226.3,225.7,226.5,228.1,257.3,259.1,263.5,267.9,269.7,268.3,263.5,259.1,252.6,254.6,257.9,262.2,267.0,271.2,274.4,271.1,266.6,262.1,258.0,254.8,261.8,263.7,265.7,266.5,265.7,263.7,261.8,261.0,325.6,327.3,331.9,336.6,338.7,337.0,332.4,327.5,321.7,324.1,327.7,332.6,337.8,342.3,345.7,342.5,338.2,333.5,328.8,324.7,330.3,332.4,334.4,335.1,334.2,332.1,330.1,329.4,-3.1,-7.4,-9.4,-7.8,-3.6,1.1,2.7,1.1,-1.0,-3.3,-4.9,-5.8,-5.3,-3.7,-1.3,0.2,0.8,1.3,1.2,0.5,-1.2,-0.5,-1.4,-3.3,-5.2,-5.8,-5.0,-3.1,-5.7,-10.1,-12.1,-10.6,-6.5,-2.2,-0.1,-1.3,-2.9,-5.6,-7.7,-8.8,-8.3,-6.9,-4.7,-3.0,-2.1,-1.6,-1.6,-1.7,-4.0,-3.3,-4.2,-6.1,-7.9,-8.6,-7.7,-5.8,650.9,651.7,652.4,652.6,652.1,651.6,650.6,650.4,654.2,652.0,650.2,649.6,650.7,652.4,654.3,652.2,650.2,649.3,650.0,651.8,651.8,651.9,652.2,652.6,652.8,652.7,652.4,652.0,690.9,692.2,693.9,695.0,695.0,693.7,692.0,691.0,691.2,690.6,690.5,691.5,694.1,697.4,700.7,697.2,693.8,691.3,690.2,690.5,692.8,693.3,694.0,694.6,694.6,694.1,693.4,692.8,367.2,30.3,823.0,0.002,0.102,-0.083
341,0,1656521718.388,0.98,1,-0.093157,0.072375,-0.993017,-0.241698,0.071235,-0.967733,-0.169,0.073,559.7,561.1,564.9,568.8,570.7,569.6,565.6,561.6,554.2,556.8,560.5,564.7,568.8,572.0,574.3,572.0,568.6,564.7,560.7,557.0,563.5,565.3,566.9,567.5,566.7,565.0,563.3,562.7,605.5,606.4,609.7,613.3,615.2,614.2,611.0,607.1,602.0,604.3,607.4,611.3,614.7,617.2,618.8,617.5,615.2,612.2,608.5,604.9,608.8,610.4,611.8,612.2,611.4,609.8,608.4,608.0,230.3,226.3,224.4,225.9,229.8,234.1,235.6,234.2,232.3,230.1,228.6,227.7,228.2,229.7,231.9,233.3,233.9,234.3,234.2,233.7,232.0,232.6,231.8,230.1,228.4,227.7,228.5,230.3,228.0,224.3,222.5,223.8,227.4,231.2,232.9,231.9,230.5,228.1,226.3,225.4,225.9,227.1,229.0,230.4,231.2,231.6,231.7,231.5,229.6,230.2,229.4,227.7,226.2,225.6,226.4,228.0,257.3,259.1,263.5,267.9,269.7,268.3,263.5,259.1,252.6,254.6,257.9,262.2,267.0,271.2,274.5,271.1,266.6,262.1,258.1,254.8,261.8,263.8,265.7,266.5,265.7,263.7,261.8,261.0,325.8,327.5,332.1,336.8,338.9,337.2,332.7,327.7,322.0,324.3,327.9,332.8,338.0,342.5,345.9,342.7,338.4,333.7,329.0,324.9,330.5,332.6,334.6,335.3,334.4,332.3,330.4,329.6,-3.1,-7.5,-9.4,-7.9,-3.7,1.0,2.7,1.1,-1.0,-3.3,-4.9,-5.9,-5.4,-3.7,-1.3,0.2,0.8,1.2,1.2,0.5,-1.3,-0.6,-1.4,-3.3,-5.2,-5.9,-5.0,-3.1,-5.9,-10.2,-12.3,-10.8,-6.7,-2.3,-0.3,-1.4,-3.0,-5.8,-7.8,-8.9,-8.4,-7.1,-4.9,-3.2,-2.2,-1.7,-1.7,-1.9,-4.1,-3.5,-4.4,-6.3,-8.1,-8.7,-7.8,-5.9,650.9,651.7,652.4,652.6,652.1,651.6,650.6,650.4,654.2,652.0,650.2,649.6,650.7,652.4,654.3,652.3,650.2,649.3,650.0,651.8,651.8,651.9,652.2,652.6,652.8,652.7,652.4,652.0,691.5,692.7,694.4,695.6,695.5,694.2,692.5,691.5,691.7,691.1,691.0,692.0,694.6,697.9,701.2,697.7,694.3,691.9,690.8,691.0,693.3,693.8,694.5,695.1,695.1,694.6,693.9,693.4,367.6,30.2,824.0,0.003,0.099,-0.083
342,0,1656521718.422,0.98,1,-0.093659,0.075178,-0.992762,-0.242090,0.073422,-0.967472,-0.170,0.076,559.9,561.2,565.0,569.0,570.8,569.7,565.7,561.7,554.3,557.0,560.6,564.8,568.9,572.1,574.4,572.1,568.7,564.8,560.9,557.2,563.7,565.4,567.1,567.7,566.9,565.1,563.5,562.9,605.6,606.5,609.8,613.4,615.3,614.3,611.1,607.2,602.1,604.4,607.5,611.4,614.8,617.3,618.9,617.6,615.3,612.2,608.6,604.9,608.9,610.5,611.9,612.3,611.5,609.9,608.5,608.1,230.3,226.3,224.5,225.9,229.8,234.1,235.6,234.2,232.3,230.1,228.6,227.7,228.2,229.7,231.9,233.3,233.9,234.3,234.2,233.6,232.0,232.6,231.9,230.1,228.4,227.8,228.6,230.3,228.1,224.4,222.6,223.9,227.5,231.3,233.0,232.0,230.6,228.2,226.4,225.5,226.0,227.2,229.1,230.5,231.3,231.7,231.8,231.6,229.7,230.3,229.5,227.9,226.3,225.7,226.5,228.1,258.2,260.0,264.4,268.8,270.6,269.2,264.4,260.1,253.5,255.6,258.8,263.1,268.0,272.2,275.4,272.0,267.5,263.0,259.0,255.7,262.8,264.7,266.6,267.4,266.6,264.7,262.8,262.0,326.4,328.1,332.7,337.4,339.5,337.8,333.2,328.3,322.5,324.9,328.5,333.4,338.6,343.1,346.5,343.3,339.0,334.3,329.6,325.5,331.1,333.2,335.2,335.9,335.0,332.9,330.9,330.2,-3.1,-7.5,-9.4,-7.9,-3.6,1.1,2.7,1.1,-1.0,-3.3,-4.9,-5.9,-5.3,-3.7,-1.3,0.2,0.8,1.2,1.1,0.5,-1.3,-0.6,-1.4,-3.3,-5.2,-5.9,-5.0,-3.1,-5.8,-10.1,-12.1,-10.7,-6.5,-2.2,-0.2,-1.3,-2.9,-5.7,-7.7,-8.8,-8.3,-6.9,-4.7,-3.0,-2.1,-1.6,-1.6,-1.8,-4.0,-3.3,-4.2,-6.1,-7.9,-8.6,-7.7,-5.8,652.8,653.6,654.3,654.5,654.1,653.5,652.5,652.3,656.1,653.9,652.1,651.6,652.6,654.4,656.3,654.2,652.1,651.3,651.9,653.7,653.8,653.8,654.2,654.5,654.7,654.6,654.3,653.9,692.5,693.7,695.4,696.5,696.5,695.2,693.5,692.5,692.7,692.1,692.0,693.0,695.6,698.9,702.2,698.7,695.3,692.9,691.8,692.0,694.3,694.8,695.5,696.1,696.1,695.6,694.9,694.3,367.9,30.3,824.7,0.005,0.101,-0.081
343,0,1656521718.455,0.98,1,-0.094316,0.070940,-0.993012,-0.240408,0.069741,-0.968163,-0.169,0.072,559.8,561.1,564.9,568.9,570.8,569.7,565.6,561.6,554.2,556.9,560.5,564.7,568.9,572.1,574.3,572.0,568.6,564.8,560.8,557.1,563.6,565.3,567.0,567.6,566.8,565.0,563.4,562.8,605.5,606.5,609.8,613.4,615.3,614.3,611.1,607.1,602.0,604.4,607.5,611.4,614.8,617.3,618.9,617.6,615.3,612.2,608.6,604.9,608.9,610.5,611.9,612.3,611.5,609.9,608.5,608.1,230.3,226.2,224.4,225.9,229.8,234.1,235.6,234.2,232.2,230.1,228.6,227.7,228.2,229.7,231.9,233.3,233.9,234.2,234.2,233.6,232.0,232.6,231.8,230.1,228.4,227.7,228.5,230.3,228.1,224.3,222.6,223.9,227.5,231.3,233.0,232.0,230.6,228.2,226.4,225.5,226.0,227.2,229.1,230.5,231.3,231.7,231.7,231.6,229.7,230.2,229.5,227.8,226.2,225.7,226.4,228.1,257.2,259.0,263.4,267.8,269.6,268.1,263.4,259.0,252.5,254.5,257.7,262.0,266.9,271.1,274.3,271.0,266.5,261.9,257.9,254.6,261.7,263.6,265.5,266.3,265.5,263.6,261.7,260.9,324.3,326.0,330.6,335.3,337.4,335.7,331.1,326.2,320.4,322.8,326.4,331.3,336.5,341.0,344.4,341.2,336.9,332.2,327.5,323.4,329.0,331.1,333.1,333.8,332.9,330.8,328.8,328.1,-3.1,-7.5,-9.5,-7.9,-3.7,1.0,2.7,1.1,-1.0,-3.3,-5.0,-5.9,-5.4,-3.7,-1.3,0.2,0.8,1.2,1.1,0.5,-1.3,-0.6,-1.4,-3.4,-5.2,-5.9,-5.0,-3.1,-5.8,-10.1,-12.1,-10.7,-6.5,-2.2,-0.2,-1.3,-2.9,-5.7,-7.7,-8.8,-8.3,-6.9,-4.7,-3.0,-2.1,-1.7,-1.6,-1.8,-4.0,-3.3,-4.2,-6.1,-7.9,-8.6,-7.7,-5.8,650.4,651.2,651.9,652.1,651.6,651.1,650.1,649.9,653.7,651.5,649.7,649.2,650.2,652.0,653.8,651.8,649.7,648.8,649.4,651.3,651.3,651.4,651.7,652.1,652.3,652.2,651.9,651.5,688.1,689.4,691.1,692.3,692.2,690.9,689.1,688.1,688.3,687.7,687.7,688.7,691.3,694.7,697.9,694.4,691.0,688.5,687.4,687.6,690.0,690.5,691.2,691.8,691.8,691.3,690.6,690.0,366.6,30.3,822.0,0.001,0.101,-0.081
344,0,1656521718.488,0.98,1,-0.096219,0.072920,-0.992685,-0.242919,0.071229,-0.967428,-0.171,0.073,559.7,561.1,564.9,568.9,570.7,569.6,565.5,561.6,554.2,556.8,560.5,564.7,568.8,572.0,574.2,571.9,568.5,564.7,560.7,557.0,563.5,565.3,566.9,567.5,566.7,565.0,563.3,562.7,605.5,606.4,609.7,613.3,615.2,614.2,611.0,607.0,602.0,604.3,607.4,611.3,614.7,617.2,618.8,617.5,615.2,612.1,608.5,604.8,608.8,610.4,611.8,612.2,611.4,609.8,608.4,608.0,230.2,226.2,224.4,225.9,229.7,234.1,235.6,234.1,232.2,230.0,228.5,227.7,228.2,229.7,231.9,233.3,233.8,234.2,234.1,233.6,231.9,232.6,231.8,230.0,228.3,227.7,228.5,230.2,228.2,224.4,222.7,224.0,227.6,231.3,233.1,232.1,230.6,228.3,226.5,225.6,226.0,227.3,229.2,230.6,231.4,231.8,231.8,231.6,229.7,230.3,229.5,227.9,226.3,225.8,226.5,228.2,258.1,259.9,264.3,268.7,270.5,269.0,264.2,259.9,253.4,255.4,258.6,262.9,267.8,272.0,275.2,271.9,267.4,262.8,258.8,255.6,262.6,264.5,266.4,267.2,266.4,264.5,262.6,261.8,325.7,327.4,331.9,336.6,338.7,337.0,332.4,327.5,321.8,324.1,327.7,332.6,337.8,342.3,345.8,342.5,338.2,333.5,328.8,324.7,330.3,332.4,334.4,335.2,334.2,332.2,330.2,329.4,-3.2,-7.6,-9.5,-7.9,-3.7,1.0,2.6,1.0,-1.1,-3.4,-5.0,-6.0,-5.4,-3.8,-1.4,0.1,0.7,1.1,1.1,0.4,-1.3,-0.6,-1.5,-3.4,-5.3,-6.0,-5.1,-3.2,-5.7,-10.1,-12.1,-10.6,-6.5,-2.1,-0.1,-1.2,-2.9,-5.6,-7.7,-8.7,-8.2,-6.8,-4.6,-3.0,-2.0,-1.6,-1.6,-1.7,-3.9,-3.3,-4.2,-6.1,-7.9,-8.5,-7.7,-5.8,652.8,653.6,654.3,654.5,654.0,653.5,652.5,652.3,656.1,653.9,652.1,651.5,652.6,654.3,656.2,654.1,652.1,651.2,651.9,653.7,653.7,653.8,654.1,654.5,654.7,654.6,654.3,653.9,691.1,692.4,694.1,695.2,695.1,693.8,692.1,691.1,691.4,690.8,690.7,691.7,694.3,697.6,700.8,697.4,694.0,691.5,690.4,690.6,693.0,693.5,694.2,694.8,694.8,694.3,693.6,693.0,367.4,30.3,824.1,0.003,0.103,-0.079
345,0,1656521718.521,0.98,1,-0.090257,0.070617,-0.993412,-0.239016,0.069645,-0.968515,-0.166,0.071,559.8,561.2,564.9,568.9,570.8,569.7,565.6,561.7,554.2,556.9,560.5,564.8,568.9,572.0,574.3,572.0,568.7,564.8,560.8,557.1,563.6,565.4,567.0,567.6,566.8,565.1,563.4,562.8,605.5,606.4,609.7,613.3,615.2,614.2,611.0,607.1,602.0,604.3,607.5,611.3,614.7,617.2,618.8,617.5,615.2,612.2,608.5,604.9,608.8,610.4,611.8,612.2,611.4,609.8,608.4,608.0,230.3,226.3,224.5,226.0,229.8,234.2,235.7,234.2,232.3,230.2,228.7,227.8,228.3,229.8,231.9,233.3,233.9,234.3,234.2,233.7,232.0,232.7,231.9,230.1,228.4,227.8,228.6,230.3,228.1,224.4,222.7,224.0,227.5,231.3,233.0,232.0,230.6,228.2,226.5,225.6,226.0,227.2,229.1,230.5,231.3,231.7,231.7,231.6,229.7,230.3,229.5,227.9,226.3,225.7,226.5,228.1,258.3,260.1,264.5,268.9,270.8,269.3,264.5,260.2,253.6,255.6,258.9,263.2,268.1,272.3,275.5,272.2,267.7,263.1,259.1,255.8,262.9,264.8,266.7,267.5,266.7,264.8,262.9,262.1,326.7,328.4,332.9,337.7,339.8,338.0,333.5,328.5,322.8,325.2,328.7,333.6,338.8,343.4,346.8,343.5,339.2,334.5,329.8,325.7,331.4,333.4,335.4,336.2,335.3,333.2,331.2,330.4,-3.1,-7.4,-9.4,-7.8,-3.6,1.1,2.7,1.1,-0.9,-3.2,-4.9,-5.8,-5.3,-3.7,-1.3,0.2,0.8,1.2,1.2,0.5,-1.2,-0.5,-1.4,-3.3,-5.2,-5.8,-5.0,-3.1,-5.8,-10.1,-12.1,-10.7,-6.5,-2.2,-0.2,-1.3,-2.9,-5.6,-7.7,-8.7,-8.3,-6.9,-4.7,-3.0,-2.1,-1.7,-1.6,-1.8,-4.0,-3.3,-4.2,-6.1,-7.9,-8.6,-7.7,-5.8,653.2,654.0,654.8,655.0,654.5,653.9,652.9,652.7,656.5,654.3,652.5,652.0,653.1,654.8,656.7,654.7,652.6,651.7,652.3,654.1,654.2,654.3,654.6,655.0,655.2,655.1,654.7,654.4,693.2,694.5,696.2,697.3,697.2,696.0,694.2,693.2,693.4,692.8,692.8,693.8,696.4,699.7,703.0,699.5,696.1,693.6,692.5,692.7,695.1,695.6,696.3,696.9,696.9,696.4,695.7,695.1,366.5,30.3,821.6,-0.004,0.097,-0.080
346,0,1656521718.555,0.98,1,-0.092831,0.070546,-0.993180,-0.241825,0.068935,-0.967868,-0.169,0.071,559.7,561.0,564.8,568.8,570.6,569.5,565.5,561.5,554.1,556.8,560.4,564.6,568.7,571.9,574.2,571.9,568.5,564.7,560.7,557.0,563.5,565.2,566.9,567.5,566.7,564.9,563.3,562.7,605.5,606.5,609.8,613.4,615.3,614.3,611.1,607.1,602.1,604.4,607.5,611.4,614.8,617.3,618.9,617.6,615.3,612.2,608.6,604.9,608.9,610.5,611.9,612.3,611.5,609.9,608.5,608.1,230.3,226.2,224.4,225.9,229.7,234.1,235.6,234.1,232.2,230.1,228.6,227.7,228.2,229.7,231.9,233.2,233.8,234.2,234.1,233.6,232.0,232.6,231.8,230.0,228.3,227.7,228.5,230.3,228.1,224.3,222.6,223.9,227.5,231.2,233.0,232.0,230.5,228.2,226.4,225.5,226.0,227.2,229.1,230.5,231.3,231.7,231.7,231.5,229.6,230.2,229.5,227.8,226.2,225.7,226.4,228.1,257.7,259.5,263.9,268.3,270.1,268.7,263.9,259.5,253.0,255.0,258.3,262.6,267.5,271.6,274.9,271.5,267.0,262.5,258.4,255.2,262.2,264.2,266.1,266.9,266.1,264.2,262.2,261.4,326.1,327.8,332.4,337.1,339.2,337.5,332.9,327.9,322.2,324.6,328.2,333.1,338.3,342.8,346.2,343.0,338.7,333.9,329.3,325.2,330.8,332.9,334.9,335.6,334.7,332.6,330.6,329.9,-3.1,-7.5,-9.5,-7.9,-3.7,1.0,2.6,1.1,-1.0,-3.3,-5.0,-5.9,-5.4,-3.8,-1.4,0.1,0.7,1.1,1.1,0.5,-1.3,-0.6,-1.5,-3.4,-5.2,-5.9,-5.1,-3.1,-5.8,-10.2,-12.2,-10.7,-6.6,-2.2,-0.2,-1.3,-3.0,-5.7,-7.8,-8.8,-8.3,-6.9,-4.8,-3.1,-2.2,-1.7,-1.7,-1.9,-4.0,-3.4,-4.3,-6.2,-8.0,-8.6,-7.7,-5.8,652.0,652.8,653.6,653.8,653.3,652.7,651.7,651.5,655.3,653.1,651.3,650.8,651.8,653.6,655.5,653.4,651.3,650.4,651.0,652.9,652.9,653.0,653.4,653.7,653.9,653.9,653.5,653.2,691.9,693.2,694.9,696.0,695.9,694.6,692.9,691.9,692.1,691.5,691.4,692.5,695.0,698.4,701.6,698.1,694.7,692.2,691.1,691.4,693.7,694.2,694.9,695.5,695.6,695.1,694.3,693.8,366.4,30.3,821.6,-0.002,0.100,-0.079
347,0,1656521718.588,0.98,1,-0.091805,0.070244,-0.993296,-0.242813,0.069257,-0.967598,-0.169,0.071,559.8,561.2,565.0,569.0,570.9,569.8,565.7,561.7,554.3,556.9,560.6,564.8,569.0,572.2,574.4,572.1,568.7,564.9,560.9,557.1,563.7,565.4,567.1,567.7,566.9,565.1,563.5,562.9,605.7,606.6,609.9,613.5,615.4,614.4,611.2,607.3,602.2,604.5,607.6,611.5,614.9,617.5,619.1,617.7,615.4,612.4,608.7,605.0,609.0,610.6,612.0,612.4,611.6,610.0,608.6,608.2,230.5,226.4,224.6,226.1,230.0,234.3,235.8,234.4,232.4,230.3,228.7,227.9,228.4,229.9,232.1,233.5,234.1,234.5,234.4,233.8,232.2,232.8,232.0,230.3,228.5,227.9,228.7,230.5,228.3,224.5,222.8,224.1,227.7,231.4,233.2,232.2,230.8,228.4,226.6,225.6,226.1,227.3,229.2,230.7,231.5,231.9,232.0,231.8,229.8,230.4,229.6,228.0,226.4,225.9,226.6,228.3,256.2,258.0,262.4,266.8,268.6,267.1,262.3,258.0,251.4,253.5,256.7,261.0,265.9,270.1,273.3,270.0,265.5,260.9,256.9,253.6,260.7,262.6,264.5,265.3,264.5,262.6,260.7,259.9,325.2,326.9,331.5,336.2,338.3,336.6,332.0,327.1,321.4,323.7,327.2,332.1,337.4,341.9,345.3,342.1,337.8,333.1,328.4,324.3,329.9,332.0,334.0,334.7,333.8,331.7,329.7,329.0,-2.9,-7.3,-9.2,-7.7,-3.4,1.3,2.9,1.3,-0.8,-3.1,-4.8,-5.7,-5.2,-3.5,-1.1,0.4,1.0,1.4,1.3,0.7,-1.1,-0.4,-1.2,-3.1,-5.0,-5.7,-4.8,-2.9,-5.6,-9.9,-11.9,-10.5,-6.3,-2.0,0.0,-1.1,-2.7,-5.5,-7.6,-8.6,-8.1,-6.8,-4.6,-2.8,-1.9,-1.4,-1.4,-1.5,-3.8,-3.2,-4.0,-5.9,-7.7,-8.4,-7.5,-5.6,647.6,648.4,649.2,649.4,648.9,648.3,647.3,647.1,650.9,648.7,646.9,646.4,647.4,649.2,651.1,649.0,647.0,646.1,646.7,648.5,648.6,648.7,649.0,649.3,649.5,649.5,649.1,648.8,689.7,691.0,692.6,693.8,693.7,692.4,690.7,689.7,690.0,689.3,689.2,690.3,692.8,696.1,699.4,695.9,692.5,690.1,689.0,689.2,691.5,692.0,692.8,693.3,693.4,692.9,692.1,691.6,368.3,30.4,825.3,0.001,0.099,-0.080
348,0,1656521718.621,0.98,1,-0.094834,0.071446,-0.992926,-0.242521,0.069807,-0.967632,-0.170,0.072,559.9,561.3,565.1,569.0,570.9,569.8,565.7,561.7,554.3,557.0,560.6,564.9,569.0,572.2,574.4,572.1,568.8,564.9,560.9,557.2,563.7,565.5,567.1,567.7,566.9,565.2,563.5,562.9,605.6,606.6,609.8,613.5,615.3,614.4,611.1,607.2,602.1,604.4,607.6,611.4,614.9,617.4,619.0,617.7,615.4,612.3,608.7,605.0,609.0,610.5,612.0,612.4,611.6,610.0,608.6,608.1,230.3,226.3,224.5,225.9,229.8,234.2,235.7,234.2,232.3,230.1,228.6,227.7,228.2,229.8,232.0,233.4,233.9,234.3,234.2,233.7,232.0,232.7,231.9,230.1,228.4,227.8,228.6,230.3,228.2,224.4,222.6,223.9,227.5,231.3,233.0,232.0,230.6,228.2,226.4,225.5,226.0,227.2,229.1,230.6,231.3,231.8,231.8,231.6,229.7,230.3,229.5,227.9,226.3,225.7,226.5,228.1,257.5,259.3,263.7,268.1,269.9,268.4,263.6,259.3,252.8,254.8,258.0,262.3,267.2,271.4,274.6,271.3,266.8,262.2,258.2,255.0,262.0,263.9,265.8,266.6,265.8,263.9,262.0,261.2,325.9,327.6,332.2,336.9,339.0,337.3,332.8,327.8,322.1,324.4,328.0,332.9,338.1,342.6,346.0,342.8,338.5,333.8,329.1,325.0,330.6,332.7,334.7,335.4,334.5,332.4,330.5,329.7,-3.1,-7.4,-9.4,-7.8,-3.6,1.1,2.7,1.1,-1.0,-3.3,-4.9,-5.8,-5.3,-3.7,-1.3,0.2,0.8,1.2,1.2,0.6,-1.2,-0.5,-1.4,-3.3,-5.1,-5.8,-5.0,-3.1,-5.7,-10.1,-12.1,-10.7,-6.5,-2.2,-0.2,-1.3,-2.9,-5.6,-7.7,-8.8,-8.3,-6.9,-4.7,-3.0,-2.1,-1.6,-1.6,-1.7,-4.0,-3.3,-4.2,-6.1,-7.9,-8.6,-7.7,-5.8,650.8,651.6,652.3,652.5,652.0,651.4,650.5,650.3,654.1,651.9,650.1,649.5,650.6,652.3,654.2,652.1,650.1,649.2,649.8,651.7,651.7,651.8,652.1,652.5,652.7,652.6,652.3,651.9,691.3,692.6,694.3,695.4,695.3,694.0,692.3,691.3,691.5,690.9,690.9,691.9,694.5,697.8,701.0,697.5,694.2,691.7,690.6,690.8,693.1,693.6,694.4,694.9,695.0,694.5,693.7,693.2,367.7,30.3,823.8,0.002,0.101,-0.081
349,0,1656521718.655,0.98,1,-0.093785,0.074043,-0.992835,-0.241986,0.072655,-0.967556,-0.170,0.075,560.0,561.4,565.1,569.1,571.0,569.9,565.8,561.9,554.4,557.1,560.7,565.0,569.1,572.3,574.5,572.2,568.9,565.0,561.0,557.3,563.8,565.6,567.2,567.8,567.0,565.3,563.6,563.0,605.8,606.8,610.0,613.7,615.5,614.6,611.3,607.4,602.3,604.6,607.8,611.6,615.1,617.6,619.2,617.8,615.5,612.5,608.9,605.2,609.2,610.7,612.2,612.6,611.8,610.2,608.8,608.3,230.2,226.2,224.4,225.8,229.7,234.0,235.6,234.1,232.2,230.1,228.5,227.7,228.2,229.7,231.8,233.2,233.8,234.2,234.1,233.5,231.9,232.6,231.8,230.0,228.3,227.7,228.5,230.2,228.0,224.3,222.5,223.8,227.4,231.2,232.9,231.9,230.5,228.1,226.3,225.5,225.9,227.1,229.0,230.5,231.2,231.6,231.7,231.5,229.6,230.2,229.4,227.8,226.2,225.6,226.4,228.0,258.3,260.1,264.5,268.9,270.7,269.3,264.5,260.1,253.6,255.6,258.9,263.2,268.1,272.2,275.5,272.1,267.6,263.1,259.0,255.8,262.8,264.8,266.7,267.5,266.7,264.8,262.8,262.0,326.6,328.3,332.9,337.6,339.7,338.0,333.4,328.4,322.7,325.1,328.7,333.6,338.8,343.3,346.7,343.5,339.2,334.4,329.8,325.7,331.3,333.4,335.4,336.1,335.2,333.1,331.1,330.4,-3.2,-7.6,-9.5,-8.0,-3.7,1.0,2.6,1.0,-1.1,-3.4,-5.0,-5.9,-5.4,-3.8,-1.4,0.1,0.7,1.1,1.0,0.4,-1.4,-0.7,-1.5,-3.4,-5.3,-6.0,-5.1,-3.2,-5.9,-10.2,-12.3,-10.8,-6.6,-2.3,-0.3,-1.4,-3.1,-5.8,-7.8,-8.9,-8.4,-7.0,-4.8,-3.1,-2.2,-1.8,-1.7,-1.9,-4.1,-3.4,-4.3,-6.2,-8.0,-8.7,-7.8,-5.9,652.6,653.4,654.2,654.4,653.9,653.3,652.3,652.1,655.9,653.7,651.9,651.4,652.4,654.2,656.1,654.0,651.9,651.0,651.7,653.5,653.6,653.6,654.0,654.3,654.5,654.5,654.1,653.8,692.2,693.5,695.2,696.4,696.2,695.0,693.3,692.3,692.5,691.9,691.8,692.8,695.4,698.7,702.0,698.5,695.1,692.6,691.5,691.8,694.1,694.6,695.3,695.9,695.9,695.4,694.7,694.1,367.0,30.2,822.1,0.003,0.101,-0.080
350,0,1656521718.688,0.98,1,-0.091290,0.074134,-0.993061,-0.240617,0.072877,-0.967880,-0.168,0.075,560.1,561.5,565.3,569.2,571.1,570.0,565.9,561.9,554.5,557.2,560.8,565.1,569.2,572.4,574.6,572.3,569.0,565.1,561.1,557.4,563.9,565.7,567.3,567.9,567.1,565.4,563.7,563.1,605.9,606.9,610.1,613.7,615.6,614.6,611.4,607.5,602.4,604.7,607.9,611.7,615.1,617.6,619.2,617.9,615.6,612.6,608.9,605.3,609.2,610.8,612.2,612.6,611.8,610.2,608.8,608.4,230.3,226.2,224.4,225.9,229.8,234.1,235.6,234.2,232.2,230.1,228.6,227.7,228.2,229.7,231.9,233.3,233.9,234.2,234.2,233.6,232.0,232.6,231.8,230.1,228.4,227.7,228.5,230.3,228.1,224.3,222.6,223.9,227.5,231.2,233.0,232.0,230.6,228.2,226.4,225.5,226.0,227.1,229.0,230.5,231.3,231.7,231.7,231.6,229.7,230.2,229.5,227.8,226.2,225.7,226.4,228.1,257.7,259.5,263.9,268.3,270.1,268.7,263.9,259.5,253.0,255.0,258.3,262.6,267.5,271.7,274.9,271.5,267.0,262.5,258.4,255.2,262.2,264.2,266.1,266.9,266.1,264.2,262.2,261.4,326.3,328.0,332.6,337.3,339.4,337.7,333.2,328.2,322.4,324.8,328.4,333.3,338.5,343.0,346.4,343.2,338.9,334.2,329.5,325.4,331.0,333.1,335.1,335.8,334.9,332.8,330.9,330.1,-3.1,-7.5,-9.5,-7.9,-3.7,1.0,2.7,1.1,-1.0,-3.3,-4.9,-5.9,-5.3,-3.7,-1.4,0.1,0.8,1.2,1.1,0.5,-1.3,-0.6,-1.4,-3.4,-5.2,-5.9,-5.0,-3.1,-5.8,-10.2,-12.2,-10.7,-6.6,-2.2,-0.2,-1.3,-3.0,-5.7,-7.8,-8.8,-8.3,-7.0,-4.8,-3.1,-2.2,-1.7,-1.6,-1.8,-4.0,-3.4,-4.3,-6.2,-8.0,-8.6,-7.7,-5.8,650.8,651.6,652.4,652.6,652.2,651.6,650.6,650.3,654.1,651.9,650.2,649.6,650.7,652.5,654.4,652.3,650.2,649.3,649.9,651.7,651.8,651.9,652.2,652.6,652.8,652.7,652.4,652.0,691.5,692.8,694.5,695.6,695.5,694.3,692.6,691.5,691.8,691.1,691.1,692.1,694.7,698.0,701.3,697.8,694.4,691.9,690.8,691.0,693.4,693.9,694.6,695.2,695.2,694.7,693.9,693.4,367.2,30.3,822.3,0.003,0.099,-0.081
351,0,1656521718.722,0.98,1,-0.090814,0.071763,-0.993279,-0.240864,0.070022,-0.968030,-0.168,0.072,560.2,561.6,565.4,569.4,571.2,570.1,566.0,562.0,554.6,557.3,560.9,565.2,569.3,572.5,574.7,572.4,569.1,565.2,561.2,557.5,564.0,565.8,567.4,568.0,567.2,565.5,563.8,563.2,606.0,606.9,610.2,613.8,615.7,614.7,611.5,607.6,602.5,604.8,607.9,611.8,615.2,617.7,619.3,618.0,615.7,612.6,609.0,605.3,609.3,610.9,612.3,612.7,611.9,610.3,608.9,608.5,230.2,226.2,224.3,225.8,229.7,234.1,235.6,234.1,232.1,230.0,228.5,227.6,228.1,229.7,231.9,233.3,233.8,234.2,234.1,233.5,231.9,232.6,231.8,230.0,228.3,227.7,228.4,230.2,228.2,224.4,222.7,224.0,227.6,231.3,233.1,232.1,230.6,228.3,226.4,225.6,226.0,227.2,229.2,230.6,231.4,231.8,231.8,231.6,229.7,230.3,229.5,227.9,226.3,225.7,226.5,228.2,257.0,258.9,263.3,267.7,269.4,268.0,263.2,258.8,252.2,254.3,257.6,261.9,266.8,271.0,274.2,270.8,266.3,261.8,257.7,254.4,261.5,263.4,265.4,266.2,265.4,263.5,261.6,260.7,325.7,327.4,332.0,336.7,338.8,337.1,332.5,327.5,321.8,324.2,327.8,332.7,337.9,342.4,345.8,342.5,338.2,333.5,328.9,324.7,330.4,332.5,334.4,335.2,334.3,332.2,330.2,329.5,-3.2,-7.6,-9.5,-7.9,-3.7,1.0,2.6,1.0,-1.1,-3.4,-5.0,-5.9,-5.4,-3.8,-1.4,0.1,0.7,1.1,1.0,0.4,-1.3,-0.6,-1.5,-3.4,-5.2,-5.9,-5.1,-3.2,-5.7,-10.1,-12.1,-10.6,-6.5,-2.1,-0.1,-1.2,-2.9,-5.6,-7.7,-8.7,-8.2,-6.8,-4.6,-3.0,-2.0,-1.6,-1.6,-1.7,-3.9,-3.3,-4.2,-6.1,-7.9,-8.5,-7.7,-5.8,648.8,649.7,650.4,650.7,650.2,649.6,648.6,648.3,652.1,649.9,648.2,647.7,648.7,650.5,652.4,650.3,648.2,647.3,647.9,649.7,649.8,649.9,650.2,650.6,650.8,650.7,650.4,650.0,690.0,691.3,693.0,694.1,694.0,692.7,691.0,690.0,690.2,689.6,689.5,690.6,693.2,696.5,699.7,696.3,692.9,690.4,689.3,689.5,691.8,692.3,693.1,693.6,693.7,693.2,692.4,691.9,367.2,30.3,822.1,0.002,0.098,-0.077
352,0,1656521718.755,0.98,1,-0.094132,0.073630,-0.992833,-0.243770,0.072473,-0.967121,-0.171,0.074,560.2,561.6,565.4,569.4,571.2,570.1,566.1,562.1,554.7,557.3,561.0,565.2,569.3,572.5,574.8,572.5,569.1,565.2,561.2,557.5,564.1,565.8,567.5,568.1,567.2,565.5,563.8,563.3,606.0,607.0,610.2,613.8,615.7,614.7,611.5,607.6,602.5,604.8,607.9,611.8,615.2,617.8,619.3,618.0,615.7,612.6,609.0,605.3,609.3,610.9,612.3,612.7,611.9,610.3,608.9,608.5,230.4,226.4,224.6,226.0,229.9,234.3,235.8,234.3,232.4,230.3,228.7,227.8,228.3,229.9,232.1,233.5,234.0,234.4,234.4,233.8,232.1,232.8,232.0,230.2,228.5,227.9,228.7,230.4,228.3,224.5,222.8,224.1,227.7,231.4,233.2,232.2,230.7,228.4,226.5,225.6,226.1,227.3,229.2,230.7,231.5,231.9,231.9,231.8,229.8,230.4,229.6,228.0,226.4,225.8,226.6,228.3,257.6,259.4,263.8,268.2,270.0,268.5,263.8,259.4,252.9,254.9,258.1,262.4,267.3,271.5,274.7,271.4,266.9,262.4,258.3,255.1,262.1,264.0,265.9,266.7,265.9,264.0,262.1,261.3,326.6,328.3,332.8,337.5,339.7,337.9,333.4,328.4,322.7,325.0,328.6,333.5,338.7,343.2,346.7,343.4,339.1,334.4,329.7,325.6,331.3,333.3,335.3,336.1,335.1,333.1,331.1,330.3,-2.9,-7.3,-9.3,-7.7,-3.5,1.2,2.8,1.3,-0.8,-3.1,-4.8,-5.7,-5.2,-3.6,-1.2,0.3,1.0,1.4,1.3,0.7,-1.1,-0.4,-1.3,-3.2,-5.0,-5.7,-4.9,-2.9,-5.6,-10.0,-12.0,-10.5,-6.4,-2.0,-0.0,-1.1,-2.8,-5.5,-7.6,-8.6,-8.1,-6.8,-4.6,-2.9,-1.9,-1.4,-1.4,-1.6,-3.8,-3.2,-4.1,-6.0,-7.8,-8.4,-7.6,-5.7,650.1,650.9,651.7,651.9,651.4,650.9,649.9,649.7,653.5,651.3,649.5,648.9,650.0,651.7,653.6,651.6,649.5,648.6,649.2,651.1,651.1,651.2,651.5,651.9,652.1,652.0,651.6,651.3,691.8,693.0,694.7,695.8,695.7,694.5,692.8,691.8,692.1,691.4,691.3,692.3,694.9,698.2,701.4,698.0,694.6,692.2,691.1,691.3,693.6,694.1,694.8,695.4,695.4,694.9,694.2,693.7,368.8,30.4,825.5,0.005,0.100,-0.080
353,0,1656521718.788,0.98,1,-0.092449,0.072943,-0.993042,-0.241989,0.071228,-0.967661,-0.169,0.073,560.2,561.6,565.4,569.4,571.2,570.1,566.1,562.1,554.7,557.3,561.0,565.2,569.3,572.5,574.8,572.5,569.1,565.2,561.2,557.5,564.1,565.8,567.5,568.1,567.2,565.5,563.8,563.2,606.1,607.1,610.3,614.0,615.8,614.9,611.6,607.7,602.6,604.9,608.1,611.9,615.4,617.9,619.5,618.1,615.8,612.8,609.2,605.5,609.4,611.0,612.5,612.9,612.1,610.5,609.1,608.6,230.3,226.3,224.4,225.9,229.8,234.1,235.7,234.2,232.2,230.1,228.6,227.7,228.2,229.7,231.9,233.3,233.9,234.3,234.2,233.6,232.0,232.6,231.8,230.1,228.4,227.7,228.5,230.3,228.1,224.4,222.6,223.9,227.5,231.3,233.0,232.0,230.6,228.2,226.4,225.5,226.0,227.2,229.1,230.6,231.3,231.7,231.8,231.6,229.7,230.3,229.5,227.9,226.3,225.7,226.5,228.1,257.7,259.5,263.9,268.3,270.1,268.7,263.9,259.5,253.0,255.0,258.3,262.6,267.5,271.7,274.9,271.5,267.0,262.5,258.4,255.2,262.2,264.2,266.1,266.9,266.1,264.2,262.2,261.5,327.1,328.8,333.4,338.1,340.2,338.5,333.9,329.0,323.2,325.6,329.2,334.1,339.3,343.8,347.2,344.0,339.7,335.0,330.3,326.2,331.8,333.9,335.9,336.6,335.7,333.6,331.6,330.9,-3.1,-7.5,-9.4,-7.9,-3.6,1.1,2.7,1.1,-1.0,-3.3,-4.9,-5.8,-5.3,-3.7,-1.3,0.2,0.8,1.2,1.1,0.5,-1.3,-0.6,-1.4,-3.3,-5.2,-5.9,-5.0,-3.1,-5.8,-10.1,-12.1,-10.7,-6.5,-2.2,-0.2,-1.3,-2.9,-5.7,-7.7,-8.8,-8.3,-6.9,-4.7,-3.0,-2.1,-1.6,-1.6,-1.8,-4.0,-3.3,-4.2,-6.1,-7.9,-8.6,-7.7,-5.8,650.5,651.3,652.1,652.3,651.8,651.2,650.2,650.0,653.8,651.6,649.8,649.3,650.3,652.1,654.0,651.9,649.9,649.0,649.6,651.4,651.5,651.6,651.9,652.2,652.4,652.4,652.0,651.7,692.6,693.9,695.6,696.7,696.6,695.3,693.6,692.6,692.9,692.2,692.1,693.2,695.7,699.1,702.3,698.8,695.4,693.0,691.9,692.1,694.4,694.9,695.7,696.2,696.3,695.8,695.0,694.5,368.0,30.4,823.5,0.002,0.100,-0.080
354,0,1656521718.822,0.98,1,-0.098302,0.073398,-0.992446,-0.244875,0.070704,-0.966973,-0.173,0.073,560.2,561.6,565.4,569.4,571.3,570.1,566.1,562.1,554.7,557.4,561.0,565.2,569.4,572.6,574.8,572.5,569.1,565.2,561.2,557.6,564.1,565.8,567.5,568.1,567.3,565.5,563.9,563.3,606.0,607.0,610.3,613.9,615.8,614.8,611.5,607.6,602.5,604.8,608.0,611.8,615.3,617.8,619.4,618.1,615.8,612.7,609.1,605.4,609.4,610.9,612.4,612.8,612.0,610.4,609.0,608.5,230.4,226.3,224.5,226.0,229.9,234.2,235.8,234.3,232.3,230.2,228.6,227.8,228.3,229.8,232.1,233.5,234.0,234.4,234.3,233.7,232.1,232.7,231.9,230.2,228.5,227.8,228.6,230.4,228.4,224.6,222.8,224.2,227.8,231.5,233.3,232.3,230.8,228.5,226.6,225.7,226.2,227.4,229.4,230.8,231.6,232.0,232.0,231.9,229.9,230.5,229.7,228.1,226.5,225.9,226.7,228.4,257.5,259.3,263.7,268.1,269.9,268.4,263.7,259.3,252.8,254.9,258.1,262.4,267.2,271.4,274.6,271.3,266.8,262.3,258.2,255.0,262.0,263.9,265.8,266.7,265.9,264.0,262.0,261.2,324.9,326.6,331.2,335.9,338.0,336.2,331.7,326.7,321.0,323.4,326.9,331.8,337.0,341.6,345.0,341.7,337.4,332.7,328.0,323.9,329.6,331.6,333.6,334.4,333.5,331.4,329.4,328.7,-3.0,-7.4,-9.3,-7.7,-3.5,1.2,2.8,1.2,-0.9,-3.2,-4.9,-5.8,-5.2,-3.6,-1.2,0.3,0.9,1.3,1.2,0.6,-1.2,-0.5,-1.3,-3.2,-5.1,-5.8,-4.9,-3.0,-5.5,-9.8,-11.8,-10.3,-6.2,-1.9,0.1,-1.0,-2.6,-5.4,-7.4,-8.5,-8.0,-6.6,-4.4,-2.7,-1.8,-1.3,-1.3,-1.5,-3.7,-3.0,-3.9,-5.8,-7.6,-8.3,-7.4,-5.5,649.9,650.7,651.4,651.6,651.1,650.6,649.6,649.4,653.3,651.1,649.2,648.7,649.7,651.4,653.3,651.2,649.2,648.4,649.0,650.9,650.9,650.9,651.2,651.6,651.8,651.7,651.4,651.1,688.2,689.4,691.1,692.3,692.2,690.9,689.2,688.2,688.4,687.8,687.7,688.8,691.3,694.6,697.9,694.4,691.0,688.5,687.5,687.7,690.0,690.5,691.2,691.8,691.8,691.4,690.6,690.1,368.1,30.5,823.8,0.004,0.105,-0.081
355,0,1656521718.855,0.98,1,-0.094513,0.074569,-0.992727,-0.242465,0.072733,-0.967430,-0.170,0.075,560.3,561.7,565.5,569.5,571.3,570.2,566.1,562.1,554.7,557.4,561.0,565.3,569.4,572.6,574.8,572.5,569.2,565.3,561.3,557.6,564.1,565.9,567.5,568.1,567.3,565.6,563.9,563.3,606.1,607.0,610.3,613.9,615.8,614.8,611.6,607.6,602.5,604.9,608.0,611.9,615.3,617.8,619.4,618.1,615.8,612.7,609.1,605.4,609.4,611.0,612.4,612.8,612.0,610.4,609.0,608.6,230.3,226.3,224.5,226.0,229.9,234.2,235.7,234.2,232.3,230.1,228.6,227.8,228.3,229.8,232.0,233.4,234.0,234.3,234.3,233.7,232.0,232.7,231.9,230.1,228.4,227.8,228.6,230.3,228.3,224.5,222.8,224.1,227.7,231.4,233.2,232.2,230.7,228.4,226.6,225.7,226.1,227.3,229.2,230.7,231.5,231.9,231.9,231.7,229.8,230.4,229.6,228.0,226.4,225.8,226.6,228.3,257.8,259.7,264.1,268.4,270.2,268.8,264.0,259.6,253.1,255.2,258.4,262.7,267.6,271.8,275.0,271.6,267.1,262.6,258.6,255.3,262.4,264.3,266.2,267.0,266.2,264.3,262.4,261.6,325.9,327.7,332.2,336.9,339.0,337.3,332.7,327.8,322.1,324.4,328.0,332.9,338.1,342.6,346.1,342.8,338.5,333.8,329.1,325.0,330.6,332.7,334.7,335.5,334.5,332.5,330.5,329.7,-3.1,-7.4,-9.4,-7.8,-3.6,1.1,2.7,1.1,-1.0,-3.3,-4.9,-5.8,-5.3,-3.6,-1.2,0.3,0.9,1.3,1.2,0.5,-1.2,-0.5,-1.4,-3.3,-5.1,-5.8,-5.0,-3.0,-5.6,-9.9,-12.0,-10.5,-6.3,-2.0,0.0,-1.1,-2.8,-5.5,-7.6,-8.6,-8.1,-6.7,-4.6,-2.9,-1.9,-1.5,-1.4,-1.6,-3.8,-3.2,-4.1,-6.0,-7.8,-8.4,-7.5,-5.6,650.6,651.4,652.2,652.4,651.9,651.3,650.3,650.1,654.0,651.8,650.0,649.4,650.4,652.2,654.1,652.0,650.0,649.1,649.7,651.6,651.6,651.7,652.0,652.3,652.5,652.5,652.1,651.8,690.3,691.6,693.3,694.4,694.3,693.0,691.3,690.3,690.5,689.9,689.8,690.9,693.4,696.8,700.0,696.5,693.2,690.7,689.6,689.8,692.1,692.6,693.4,693.9,694.0,693.5,692.7,692.2,367.6,30.4,822.7,0.005,0.102,-0.080
356,0,1656521718.888,0.98,1,-0.094929,0.072260,-0.992858,-0.242476,0.070256,-0.967610,-0.170,0.073,560.3,561.7,565.5,569.5,571.3,570.2,566.1,562.1,554.7,557.4,561.1,565.3,569.4,572.6,574.9,572.5,569.2,565.3,561.3,557.6,564.1,565.9,567.5,568.1,567.3,565.6,563.9,563.3,606.1,607.1,610.3,614.0,615.8,614.8,611.6,607.7,602.6,604.9,608.1,611.9,615.4,617.9,619.5,618.1,615.8,612.8,609.2,605.5,609.4,611.0,612.4,612.9,612.0,610.5,609.0,608.6,230.3,226.3,224.4,225.9,229.8,234.2,235.7,234.2,232.2,230.1,228.5,227.7,228.2,229.7,232.0,233.4,233.9,234.3,234.2,233.6,232.0,232.6,231.9,230.1,228.4,227.7,228.5,230.3,228.3,224.5,222.8,224.1,227.7,231.4,233.2,232.2,230.7,228.4,226.5,225.6,226.1,227.3,229.3,230.7,231.5,231.9,231.9,231.8,229.8,230.4,229.6,228.0,226.4,225.9,226.6,228.3,257.7,259.6,263.9,268.3,270.1,268.7,263.9,259.5,253.1,255.1,258.3,262.6,267.5,271.7,274.9,271.5,267.0,262.5,258.5,255.2,262.3,264.2,266.1,266.9,266.1,264.2,262.3,261.5,326.3,328.0,332.5,337.3,339.4,337.6,333.1,328.1,322.4,324.8,328.3,333.2,338.4,343.0,346.4,343.1,338.8,334.1,329.4,325.3,331.0,333.0,335.0,335.8,334.9,332.8,330.8,330.1,-3.1,-7.5,-9.4,-7.8,-3.6,1.1,2.7,1.1,-1.0,-3.3,-5.0,-5.9,-5.3,-3.7,-1.3,0.2,0.8,1.2,1.2,0.5,-1.3,-0.6,-1.4,-3.3,-5.2,-5.9,-5.0,-3.1,-5.6,-9.9,-12.0,-10.5,-6.3,-2.0,0.0,-1.1,-2.8,-5.5,-7.6,-8.6,-8.1,-6.7,-4.5,-2.8,-1.9,-1.4,-1.4,-1.6,-3.8,-3.2,-4.0,-6.0,-7.8,-8.4,-7.5,-5.6,650.3,651.1,651.8,652.0,651.6,651.0,650.0,649.9,653.7,651.5,649.7,649.1,650.1,651.9,653.8,651.7,649.7,648.8,649.4,651.3,651.3,651.4,651.7,652.0,652.2,652.2,651.8,651.5,690.9,692.1,693.8,695.0,694.9,693.6,691.9,690.9,691.1,690.5,690.4,691.5,694.0,697.4,700.6,697.1,693.7,691.3,690.2,690.4,692.7,693.2,694.0,694.5,694.6,694.1,693.3,692.8,368.2,30.4,823.9,0.002,0.101,-0.079
357,0,1656521718.922,0.98,1,-0.090216,0.069153,-0.993519,-0.240026,0.067476,-0.968419,-0.167,0.070,560.2,561.6,565.4,569.4,571.3,570.2,566.1,562.1,554.6,557.3,561.0,565.3,569.4,572.6,574.8,572.5,569.1,565.3,561.3,557.5,564.1,565.8,567.5,568.1,567.3,565.5,563.9,563.3,606.1,607.1,610.3,614.0,615.9,614.9,611.7,607.7,602.6,604.9,608.1,611.9,615.4,617.9,619.5,618.2,615.9,612.8,609.2,605.5,609.5,611.0,612.5,612.9,612.1,610.5,609.0,608.6,230.3,226.3,224.5,225.9,229.9,234.2,235.7,234.2,232.3,230.1,228.6,227.7,228.2,229.8,232.0,233.4,234.0,234.3,234.3,233.7,232.0,232.7,231.9,230.1,228.4,227.8,228.6,230.3,228.2,224.5,222.7,224.0,227.6,231.4,233.1,232.2,230.7,228.3,226.5,225.6,226.1,227.3,229.2,230.7,231.5,231.9,231.9,231.7,229.8,230.4,229.6,228.0,226.4,225.8,226.6,228.2,256.4,258.2,262.6,267.0,268.8,267.3,262.6,258.2,251.6,253.7,256.9,261.3,266.2,270.3,273.5,270.2,265.7,261.2,257.1,253.8,260.9,262.8,264.7,265.5,264.8,262.8,260.9,260.1,324.9,326.6,331.2,335.9,338.0,336.3,331.7,326.7,321.0,323.4,327.0,331.9,337.1,341.6,345.0,341.8,337.5,332.8,328.1,324.0,329.6,331.7,333.7,334.4,333.5,331.4,329.4,328.7,-3.1,-7.4,-9.4,-7.8,-3.6,1.1,2.7,1.1,-1.0,-3.3,-4.9,-5.8,-5.3,-3.6,-1.2,0.3,0.9,1.3,1.2,0.6,-1.2,-0.5,-1.4,-3.3,-5.1,-5.8,-4.9,-3.0,-5.6,-10.0,-12.0,-10.5,-6.4,-2.0,-0.0,-1.1,-2.8,-5.5,-7.6,-8.7,-8.2,-6.8,-4.6,-2.9,-1.9,-1.5,-1.4,-1.6,-3.8,-3.2,-4.1,-6.0,-7.8,-8.4,-7.5,-5.6,647.1,647.9,648.7,648.9,648.4,647.8,646.8,646.6,650.4,648.2,646.4,645.9,647.0,648.7,650.6,648.5,646.4,645.5,646.1,648.0,648.0,648.1,648.5,648.8,649.0,649.0,648.6,648.2,687.9,689.2,690.9,692.1,692.0,690.7,689.0,687.9,688.1,687.5,687.5,688.6,691.1,694.5,697.7,694.2,690.8,688.3,687.2,687.4,689.8,690.3,691.0,691.6,691.6,691.1,690.4,689.8,367.5,30.4,822.4,-0.001,0.097,-0.078
358,0,1656521718.955,0.98,1,-0.091200,0.072246,-0.993209,-0.241139,0.070567,-0.967922,-0.168,0.073,560.4,561.8,565.6,569.5,571.4,570.3,566.2,562.3,554.9,557.5,561.2,565.4,569.5,572.7,574.9,572.6,569.3,565.4,561.4,557.7,564.2,566.0,567.6,568.2,567.4,565.7,564.0,563.4,606.2,607.2,610.4,614.0,615.9,614.9,611.7,607.8,602.7,605.0,608.1,612.0,615.4,617.9,619.5,618.2,615.9,612.8,609.2,605.5,609.5,611.1,612.5,612.9,612.1,610.5,609.1,608.7,230.3,226.3,224.5,226.0,229.8,234.2,235.6,234.2,232.2,230.1,228.6,227.8,228.3,229.8,232.0,233.3,233.9,234.3,234.2,233.6,232.0,232.7,231.9,230.1,228.4,227.8,228.6,230.3,228.3,224.5,222.8,224.1,227.7,231.4,233.2,232.2,230.7,228.4,226.6,225.7,226.2,227.4,229.3,230.7,231.5,231.9,231.9,231.7,229.8,230.4,229.6,228.0,226.4,225.9,226.6,228.3,258.9,260.7,265.1,269.5,271.3,269.8,265.0,260.7,254.1,256.2,259.4,263.7,268.6,272.8,276.0,272.7,268.2,263.6,259.6,256.3,263.4,265.3,267.2,268.0,267.2,265.3,263.4,262.6,327.3,329.1,333.6,338.3,340.4,338.7,334.1,329.1,323.4,325.8,329.4,334.3,339.5,344.0,347.4,344.2,339.9,335.2,330.5,326.4,332.0,334.1,336.1,336.8,335.9,333.9,331.9,331.1,-3.1,-7.5,-9.4,-7.8,-3.6,1.1,2.7,1.1,-1.0,-3.3,-4.9,-5.8,-5.3,-3.7,-1.3,0.2,0.8,1.2,1.1,0.5,-1.2,-0.6,-1.4,-3.3,-5.2,-5.9,-5.0,-3.1,-5.6,-10.0,-12.0,-10.5,-6.3,-2.0,-0.0,-1.1,-2.8,-5.5,-7.6,-8.6,-8.1,-6.7,-4.5,-2.8,-1.9,-1.5,-1.5,-1.6,-3.8,-3.2,-4.1,-6.0,-7.8,-8.4,-7.6,-5.7,652.8,653.7,654.4,654.6,654.2,653.6,652.6,652.3,656.1,653.9,652.2,651.6,652.7,654.5,656.4,654.3,652.2,651.3,651.9,653.7,653.8,653.9,654.2,654.6,654.8,654.7,654.4,654.0,692.9,694.2,695.9,697.0,696.9,695.6,693.9,692.9,693.2,692.6,692.5,693.5,696.1,699.4,702.6,699.2,695.8,693.3,692.2,692.4,694.8,695.3,696.0,696.6,696.6,696.1,695.4,694.8,368.1,30.4,823.7,0.000,0.098,-0.078
359,0,1656521718.988,0.98,1,-0.094550,0.069289,-0.993106,-0.242066,0.067090,-0.967938,-0.170,0.069,560.2,561.6,565.4,569.4,571.3,570.2,566.1,562.1,554.7,557.3,561.0,565.2,569.4,572.6,574.9,572.5,569.1,565.2,561.2,557.5,564.1,565.8,567.5,568.1,567.3,565.6,563.9,563.3,606.1,607.1,610.3,614.0,615.9,614.9,611.7,607.7,602.6,604.9,608.1,612.0,615.4,617.9,619.5,618.2,615.9,612.8,609.2,605.5,609.5,611.1,612.5,612.9,612.1,610.5,609.1,608.6,230.3,226.2,224.4,225.9,229.8,234.2,235.7,234.2,232.3,230.1,228.5,227.7,228.2,229.8,232.0,233.4,234.0,234.3,234.3,233.7,232.0,232.7,231.9,230.1,228.4,227.7,228.5,230.3,228.3,224.5,222.7,224.0,227.7,231.4,233.2,232.2,230.8,228.3,226.5,225.6,226.1,227.3,229.3,230.7,231.5,231.9,231.9,231.8,229.8,230.4,229.6,228.0,226.4,225.8,226.6,228.3,256.3,258.2,262.6,266.9,268.7,267.3,262.5,258.1,251.6,253.7,256.9,261.2,266.1,270.3,273.5,270.1,265.6,261.1,257.1,253.8,260.9,262.8,264.7,265.5,264.7,262.8,260.9,260.1,324.5,326.2,330.8,335.5,337.6,335.9,331.3,326.3,320.6,323.0,326.5,331.4,336.7,341.2,344.6,341.3,337.0,332.3,327.7,323.5,329.2,331.3,333.2,334.0,333.1,331.0,329.0,328.3,-3.1,-7.4,-9.4,-7.8,-3.6,1.1,2.7,1.1,-1.0,-3.3,-5.0,-5.9,-5.3,-3.7,-1.2,0.3,0.9,1.3,1.2,0.5,-1.2,-0.5,-1.4,-3.3,-5.1,-5.8,-5.0,-3.1,-5.6,-9.9,-11.9,-10.5,-6.3,-2.0,0.0,-1.1,-2.7,-5.5,-7.6,-8.6,-8.1,-6.7,-4.5,-2.8,-1.9,-1.4,-1.4,-1.6,-3.8,-3.2,-4.0,-5.9,-7.7,-8.4,-7.5,-5.6,647.0,647.8,648.5,648.7,648.3,647.7,646.7,646.5,650.3,648.2,646.3,645.8,646.8,648.6,650.4,648.4,646.3,645.4,646.1,647.9,647.9,648.0,648.3,648.7,648.9,648.8,648.5,648.2,687.1,688.3,690.1,691.2,691.1,689.8,688.1,687.1,687.3,686.7,686.6,687.7,690.3,693.6,696.8,693.4,690.0,687.5,686.4,686.6,688.9,689.4,690.2,690.7,690.8,690.3,689.5,689.0,367.6,30.4,822.5,0.001,0.101,-0.079
360,0,1656521719.022,0.98,1,-0.094932,0.069957,-0.993023,-0.244809,0.067601,-0.967212,-0.172,0.070,560.2,561.6,565.4,569.4,571.2,570.1,566.1,562.1,554.6,557.3,561.0,565.2,569.3,572.5,574.8,572.5,569.1,565.2,561.2,557.5,564.1,565.8,567.5,568.1,567.3,565.5,563.9,563.3,606.0,607.0,610.2,613.9,615.7,614.8,611.5,607.6,602.5,604.8,607.9,611.8,615.3,617.8,619.4,618.1,615.7,612.7,609.0,605.3,609.3,610.9,612.3,612.8,611.9,610.4,608.9,608.5,230.2,226.2,224.4,225.9,229.8,234.1,235.6,234.1,232.2,230.1,228.5,227.7,228.2,229.7,231.9,233.3,233.9,234.2,234.2,233.6,232.0,232.6,231.8,230.0,228.3,227.7,228.5,230.2,228.2,224.4,222.7,224.0,227.6,231.4,233.1,232.1,230.7,228.3,226.5,225.6,226.1,227.3,229.2,230.7,231.4,231.8,231.8,231.7,229.8,230.3,229.6,227.9,226.4,225.8,226.6,228.2,257.1,258.9,263.3,267.7,269.5,268.0,263.2,258.9,252.4,254.4,257.6,261.9,266.8,271.0,274.2,270.9,266.3,261.8,257.8,254.5,261.6,263.5,265.4,266.2,265.4,263.5,261.6,260.8,325.5,327.2,331.7,336.4,338.5,336.8,332.2,327.3,321.6,323.9,327.5,332.4,337.6,342.1,345.6,342.3,338.0,333.3,328.6,324.5,330.1,332.2,334.2,335.0,334.0,332.0,330.0,329.2,-3.2,-7.5,-9.5,-7.9,-3.7,1.0,2.6,1.0,-1.1,-3.4,-5.0,-5.9,-5.4,-3.7,-1.3,0.1,0.7,1.1,1.1,0.4,-1.3,-0.6,-1.5,-3.4,-5.2,-5.9,-5.1,-3.1,-5.7,-10.0,-12.0,-10.5,-6.4,-2.1,-0.1,-1.2,-2.8,-5.6,-7.6,-8.7,-8.2,-6.8,-4.6,-2.9,-2.0,-1.5,-1.5,-1.7,-3.9,-3.2,-4.1,-6.0,-7.8,-8.5,-7.6,-5.7,648.8,649.7,650.4,650.6,650.1,649.5,648.5,648.4,652.2,650.0,648.2,647.6,648.7,650.4,652.3,650.2,648.2,647.3,647.9,649.8,649.8,649.9,650.2,650.6,650.8,650.7,650.4,650.0,689.4,690.7,692.4,693.5,693.4,692.1,690.4,689.4,689.7,689.1,689.0,690.0,692.5,695.9,699.1,695.6,692.2,689.8,688.7,688.9,691.2,691.7,692.5,693.0,693.1,692.6,691.9,691.3,367.8,30.4,823.2,-0.000,0.103,-0.079
361,0,1656521719.056,0.98,1,-0.092524,0.071799,-0.993118,-0.242467,0.069912,-0.967637,-0.169,0.072,560.2,561.6,565.4,569.4,571.2,570.1,566.0,562.1,554.6,557.3,561.0,565.2,569.3,572.5,574.8,572.5,569.1,565.2,561.2,557.5,564.0,565.8,567.4,568.0,567.2,565.5,563.8,563.2,606.0,606.9,610.2,613.8,615.7,614.7,611.5,607.6,602.5,604.8,607.9,611.8,615.2,617.8,619.3,618.0,615.7,612.6,609.0,605.3,609.3,610.9,612.3,612.7,611.9,610.3,608.9,608.5,230.3,226.3,224.5,226.0,229.9,234.2,235.7,234.2,232.3,230.1,228.6,227.8,228.3,229.8,232.0,233.4,233.9,234.3,234.2,233.7,232.0,232.7,231.9,230.1,228.4,227.8,228.6,230.3,228.2,224.5,222.7,224.0,227.6,231.4,233.1,232.1,230.7,228.3,226.5,225.6,226.1,227.3,229.2,230.6,231.4,231.8,231.9,231.7,229.8,230.4,229.6,227.9,226.4,225.8,226.6,228.2,257.4,259.2,263.6,268.0,269.8,268.4,263.6,259.2,252.7,254.7,258.0,262.3,267.2,271.3,274.6,271.2,266.7,262.2,258.1,254.9,261.9,263.8,265.8,266.6,265.8,263.9,261.9,261.1,326.1,327.8,332.4,337.1,339.2,337.5,332.9,327.9,322.2,324.6,328.1,333.0,338.2,342.8,346.2,343.0,338.6,333.9,329.3,325.2,330.8,332.9,334.8,335.6,334.7,332.6,330.6,329.9,-3.1,-7.4,-9.4,-7.8,-3.6,1.1,2.7,1.1,-1.0,-3.3,-4.9,-5.8,-5.3,-3.6,-1.3,0.2,0.8,1.3,1.2,0.5,-1.2,-0.5,-1.4,-3.3,-5.1,-5.8,-5.0,-3.1,-5.7,-10.0,-12.0,-10.5,-6.4,-2.1,-0.0,-1.2,-2.8,-5.5,-7.6,-8.7,-8.2,-6.8,-4.6,-2.9,-2.0,-1.5,-1.5,-1.7,-3.9,-3.2,-4.1,-6.0,-7.8,-8.5,-7.6,-5.7,649.8,650.6,651.3,651.5,651.1,650.5,649.5,649.3,653.1,650.9,649.1,648.6,649.6,651.4,653.3,651.2,649.1,648.2,648.8,650.7,650.7,650.8,651.2,651.5,651.7,651.6,651.3,650.9,690.8,692.1,693.8,694.9,694.8,693.5,691.8,690.8,691.1,690.4,690.4,691.4,693.9,697.3,700.5,697.0,693.7,691.2,690.1,690.3,692.7,693.1,693.9,694.4,694.5,694.0,693.3,692.7,368.2,30.3,824.2,0.001,0.101,-0.080
362,0,1656521719.089,0.98,1,-0.092804,0.072763,-0.993022,-0.241428,0.070949,-0.967822,-0.169,0.073,560.2,561.5,565.3,569.3,571.2,570.0,566.0,562.0,554.6,557.3,560.9,565.1,569.3,572.5,574.7,572.4,569.0,565.2,561.2,557.5,564.0,565.7,567.4,568.0,567.2,565.4,563.8,563.2,605.9,606.8,610.1,613.7,615.6,614.6,611.4,607.5,602.4,604.7,607.9,611.7,615.2,617.7,619.2,617.9,615.6,612.6,608.9,605.3,609.2,610.8,612.2,612.6,611.8,610.2,608.8,608.4,230.3,226.3,224.5,226.0,229.8,234.2,235.7,234.2,232.3,230.2,228.6,227.8,228.3,229.8,232.0,233.4,234.0,234.3,234.3,233.7,232.0,232.7,231.9,230.1,228.4,227.8,228.6,230.3,228.2,224.5,222.7,224.0,227.6,231.4,233.1,232.1,230.7,228.3,226.5,225.6,226.1,227.3,229.2,230.6,231.4,231.8,231.9,231.7,229.8,230.3,229.6,227.9,226.4,225.8,226.6,228.2,257.4,259.3,263.7,268.0,269.9,268.4,263.6,259.3,252.7,254.8,258.0,262.3,267.2,271.4,274.6,271.3,266.8,262.2,258.2,254.9,262.0,263.9,265.8,266.6,265.8,263.9,262.0,261.2,325.6,327.3,331.8,336.6,338.7,337.0,332.4,327.4,321.7,324.1,327.6,332.5,337.7,342.3,345.7,342.4,338.1,333.4,328.8,324.6,330.3,332.3,334.3,335.1,334.2,332.1,330.1,329.4,-3.1,-7.4,-9.4,-7.8,-3.6,1.1,2.7,1.2,-1.0,-3.3,-4.9,-5.8,-5.3,-3.7,-1.3,0.2,0.9,1.3,1.2,0.6,-1.2,-0.5,-1.4,-3.3,-5.1,-5.8,-5.0,-3.0,-5.7,-10.0,-12.0,-10.5,-6.4,-2.1,-0.1,-1.2,-2.8,-5.5,-7.6,-8.7,-8.2,-6.8,-4.6,-2.9,-2.0,-1.5,-1.5,-1.7,-3.9,-3.2,-4.1,-6.0,-7.8,-8.5,-7.6,-5.7,650.0,650.8,651.5,651.7,651.3,650.7,649.7,649.5,653.3,651.1,649.3,648.8,649.8,651.6,653.5,651.4,649.3,648.5,649.1,650.9,651.0,651.0,651.4,651.7,651.9,651.8,651.5,651.1,690.0,691.2,692.9,694.1,694.0,692.7,691.0,690.0,690.2,689.6,689.5,690.6,693.1,696.5,699.7,696.2,692.8,690.4,689.3,689.5,691.8,692.3,693.1,693.6,693.7,693.2,692.4,691.9,367.8,30.4,823.5,0.002,0.101,-0.081
363,0,1656521719.122,0.98,1,-0.094824,0.066954,-0.993240,-0.243971,0.064765,-0.967618,-0.171,0.067,560.1,561.5,565.3,569.3,571.1,570.0,565.9,562.0,554.5,557.2,560.8,565.1,569.2,572.4,574.7,572.4,569.0,565.1,561.1,557.4,563.9,565.7,567.3,567.9,567.1,565.4,563.7,563.1,605.9,606.8,610.1,613.7,615.6,614.7,611.4,607.5,602.4,604.7,607.8,611.7,615.2,617.7,619.3,617.9,615.6,612.6,609.0,605.3,609.2,610.8,612.2,612.7,611.8,610.2,608.8,608.4,230.2,226.2,224.4,225.9,229.8,234.1,235.6,234.1,232.2,230.1,228.5,227.7,228.2,229.7,231.9,233.3,233.9,234.2,234.2,233.6,232.0,232.6,231.8,230.0,228.3,227.7,228.5,230.3,228.1,224.4,222.6,223.9,227.5,231.3,233.0,232.0,230.6,228.2,226.4,225.5,226.0,227.2,229.1,230.6,231.3,231.7,231.8,231.6,229.7,230.3,229.5,227.8,226.3,225.7,226.5,228.1,257.4,259.2,263.6,268.0,269.8,268.3,263.5,259.2,252.7,254.7,257.9,262.2,267.1,271.3,274.5,271.2,266.7,262.1,258.1,254.8,261.9,263.8,265.7,266.5,265.7,263.8,261.9,261.1,325.8,327.5,332.1,336.8,338.9,337.1,332.6,327.6,321.9,324.3,327.8,332.7,337.9,342.5,345.9,342.6,338.3,333.6,329.0,324.9,330.5,332.6,334.5,335.3,334.4,332.3,330.3,329.6,-3.1,-7.5,-9.5,-7.9,-3.7,1.0,2.6,1.1,-1.0,-3.3,-5.0,-5.9,-5.4,-3.8,-1.4,0.1,0.7,1.2,1.1,0.5,-1.3,-0.6,-1.5,-3.4,-5.2,-5.9,-5.0,-3.1,-5.8,-10.1,-12.1,-10.7,-6.5,-2.2,-0.2,-1.3,-2.9,-5.7,-7.8,-8.8,-8.3,-6.9,-4.7,-3.0,-2.1,-1.6,-1.6,-1.8,-4.0,-3.3,-4.2,-6.1,-7.9,-8.6,-7.7,-5.8,649.9,650.8,651.5,651.7,651.2,650.6,649.6,649.5,653.3,651.1,649.3,648.7,649.8,651.5,653.4,651.3,649.3,648.4,649.0,650.9,650.9,651.0,651.3,651.7,651.9,651.8,651.5,651.1,690.4,691.7,693.4,694.5,694.4,693.1,691.4,690.4,690.6,690.0,690.0,691.0,693.5,696.9,700.1,696.6,693.2,690.7,689.6,689.9,692.2,692.7,693.4,694.0,694.1,693.6,692.8,692.3,368.4,30.4,824.9,-0.003,0.102,-0.079
364,0,1656521719.155,0.98,1,-0.092828,0.068658,-0.993312,-0.240128,0.066381,-0.968469,-0.168,0.069,560.1,561.4,565.2,569.2,571.0,569.9,565.9,561.9,554.5,557.2,560.8,565.0,569.1,572.3,574.6,572.3,568.9,565.1,561.1,557.4,563.9,565.6,567.3,567.9,567.1,565.3,563.7,563.1,605.8,606.8,610.0,613.6,615.5,614.5,611.3,607.4,602.3,604.6,607.8,611.6,615.1,617.6,619.1,617.8,615.5,612.5,608.9,605.2,609.1,610.7,612.1,612.5,611.7,610.1,608.7,608.3,230.3,226.3,224.5,225.9,229.8,234.1,235.6,234.2,232.3,230.2,228.6,227.8,228.2,229.7,231.9,233.3,233.9,234.2,234.2,233.6,232.0,232.6,231.8,230.1,228.4,227.8,228.5,230.3,228.1,224.4,222.6,223.9,227.5,231.3,233.0,232.0,230.6,228.2,226.5,225.6,226.0,227.2,229.1,230.6,231.3,231.7,231.7,231.6,229.7,230.3,229.5,227.9,226.3,225.7,226.5,228.1,258.7,260.5,264.9,269.3,271.1,269.6,264.9,260.5,254.0,256.0,259.2,263.5,268.4,272.6,275.8,272.5,268.0,263.4,259.4,256.1,263.2,265.1,267.0,267.8,267.0,265.1,263.2,262.4,326.3,328.0,332.5,337.3,339.4,337.6,333.1,328.1,322.4,324.7,328.3,333.2,338.4,343.0,346.4,343.1,338.8,334.1,329.4,325.3,331.0,333.0,335.0,335.8,334.8,332.8,330.8,330.0,-3.1,-7.5,-9.5,-7.9,-3.7,1.0,2.7,1.1,-1.0,-3.3,-4.9,-5.9,-5.3,-3.7,-1.4,0.1,0.8,1.2,1.1,0.5,-1.3,-0.6,-1.4,-3.4,-5.2,-5.9,-5.0,-3.1,-5.8,-10.1,-12.1,-10.6,-6.5,-2.2,-0.2,-1.3,-2.9,-5.6,-7.7,-8.7,-8.2,-6.9,-4.7,-3.0,-2.1,-1.7,-1.6,-1.8,-4.0,-3.3,-4.2,-6.1,-7.9,-8.6,-7.7,-5.8,653.3,654.1,654.9,655.1,654.6,654.0,653.0,652.8,656.7,654.5,652.7,652.1,653.1,654.9,656.8,654.7,652.7,651.8,652.4,654.3,654.3,654.4,654.7,655.1,655.3,655.2,654.9,654.5,691.6,692.9,694.6,695.7,695.6,694.3,692.6,691.6,691.8,691.2,691.1,692.2,694.8,698.1,701.3,697.8,694.4,692.0,690.8,691.1,693.4,693.9,694.7,695.2,695.3,694.8,694.0,693.5,367.5,30.5,823.0,-0.007,0.100,-0.081
365,0,1656521719.189,0.98,1,-0.094491,0.063911,-0.993472,-0.243539,0.061533,-0.967937,-0.171,0.064,560.0,561.4,565.2,569.2,571.0,569.9,565.8,561.9,554.4,557.1,560.8,565.0,569.1,572.3,574.6,572.3,568.9,565.0,561.0,557.3,563.8,565.6,567.2,567.9,567.0,565.3,563.6,563.0,605.8,606.7,610.0,613.6,615.5,614.5,611.3,607.4,602.3,604.6,607.7,611.6,615.1,617.6,619.2,617.8,615.5,612.5,608.8,605.1,609.1,610.7,612.1,612.5,611.7,610.1,608.7,608.3,230.3,226.3,224.5,226.0,229.9,234.2,235.7,234.2,232.3,230.2,228.6,227.7,228.3,229.8,232.0,233.4,234.0,234.3,234.3,233.7,232.1,232.7,231.9,230.1,228.4,227.8,228.6,230.4,228.3,224.6,222.8,224.1,227.7,231.5,233.2,232.2,230.8,228.4,226.6,225.7,226.2,227.4,229.4,230.8,231.6,231.9,232.0,231.8,229.9,230.5,229.7,228.1,226.5,225.9,226.7,228.3,257.0,258.9,263.3,267.6,269.4,268.0,263.2,258.8,252.4,254.4,257.6,261.9,266.8,271.0,274.2,270.8,266.3,261.8,257.8,254.5,261.6,263.5,265.4,266.2,265.4,263.5,261.6,260.8,325.2,326.9,331.5,336.2,338.3,336.5,332.0,327.0,321.3,323.7,327.2,332.1,337.3,341.9,345.3,342.0,337.7,333.0,328.3,324.2,329.9,331.9,333.9,334.7,333.8,331.7,329.7,329.0,-3.0,-7.4,-9.4,-7.8,-3.6,1.1,2.7,1.2,-0.9,-3.2,-4.9,-5.8,-5.3,-3.6,-1.2,0.3,0.9,1.3,1.2,0.6,-1.2,-0.5,-1.4,-3.3,-5.1,-5.8,-4.9,-3.0,-5.5,-9.9,-11.9,-10.4,-6.3,-1.9,0.1,-1.1,-2.7,-5.4,-7.5,-8.6,-8.0,-6.6,-4.4,-2.7,-1.8,-1.4,-1.4,-1.5,-3.8,-3.1,-4.0,-5.9,-7.7,-8.3,-7.5,-5.6,649.4,650.2,651.0,651.1,650.6,650.0,649.1,648.9,652.7,650.6,648.7,648.2,649.2,650.9,652.8,650.7,648.7,647.8,648.4,650.3,650.3,650.4,650.7,651.1,651.3,651.2,650.9,650.5,689.4,690.7,692.4,693.5,693.4,692.0,690.3,689.3,689.6,689.0,688.9,690.0,692.5,695.9,699.1,695.6,692.2,689.7,688.6,688.8,691.2,691.7,692.4,693.0,693.1,692.6,691.8,691.2,368.5,30.5,825.2,-0.007,0.102,-0.079
366,0,1656521719.222,0.98,1,-0.091953,0.066435,-0.993545,-0.238811,0.064977,-0.968890,-0.167,0.067,560.1,561.4,565.2,569.2,571.1,569.9,565.9,561.9,554.5,557.2,560.8,565.0,569.2,572.3,574.6,572.3,568.9,565.1,561.1,557.4,563.9,565.6,567.3,567.9,567.1,565.3,563.7,563.1,605.9,606.8,610.1,613.7,615.6,614.6,611.4,607.5,602.4,604.7,607.8,611.7,615.1,617.6,619.2,617.9,615.6,612.5,608.9,605.2,609.2,610.8,612.2,612.6,611.8,610.2,608.8,608.4,230.2,226.1,224.3,225.8,229.7,234.0,235.5,234.1,232.1,230.0,228.4,227.6,228.1,229.6,231.8,233.2,233.8,234.2,234.1,233.5,231.9,232.5,231.7,230.0,228.3,227.6,228.4,230.2,228.1,224.3,222.6,223.9,227.5,231.3,233.0,232.0,230.6,228.2,226.4,225.5,226.0,227.2,229.1,230.6,231.3,231.7,231.7,231.6,229.7,230.3,229.5,227.8,226.3,225.7,226.5,228.1,257.6,259.4,263.8,268.2,270.0,268.5,263.8,259.4,252.9,254.9,258.1,262.5,267.3,271.5,274.7,271.4,266.9,262.4,258.3,255.0,262.1,264.0,265.9,266.7,266.0,264.0,262.1,261.3,325.4,327.1,331.7,336.4,338.5,336.8,332.2,327.2,321.5,323.9,327.5,332.4,337.6,342.1,345.5,342.3,338.0,333.3,328.6,324.5,330.1,332.2,334.2,334.9,334.0,331.9,329.9,329.2,-3.2,-7.6,-9.6,-8.0,-3.8,0.9,2.6,1.0,-1.1,-3.4,-5.1,-6.0,-5.5,-3.8,-1.4,0.1,0.7,1.1,1.0,0.4,-1.4,-0.7,-1.5,-3.5,-5.3,-6.0,-5.1,-3.2,-5.8,-10.1,-12.1,-10.6,-6.5,-2.2,-0.2,-1.3,-3.0,-5.7,-7.7,-8.8,-8.3,-6.9,-4.7,-3.0,-2.1,-1.6,-1.6,-1.8,-4.0,-3.3,-4.2,-6.1,-7.9,-8.6,-7.7,-5.8,650.6,651.4,652.2,652.4,651.9,651.3,650.3,650.1,653.9,651.7,649.9,649.4,650.5,652.2,654.1,652.0,649.9,649.0,649.7,651.5,651.6,651.6,652.0,652.4,652.6,652.5,652.1,651.8,689.6,690.9,692.7,693.8,693.7,692.4,690.7,689.6,689.8,689.2,689.2,690.3,692.8,696.2,699.4,695.9,692.5,690.0,688.9,689.1,691.5,692.0,692.7,693.3,693.4,692.9,692.1,691.5,367.0,30.3,821.9,-0.006,0.098,-0.078
367,0,1656521719.255,0.98,1,-0.090566,0.070419,-0.993398,-0.241389,0.068897,-0.967980,-0.168,0.071,560.0,561.3,565.1,569.1,571.0,569.9,565.8,561.8,554.4,557.1,560.7,564.9,569.1,572.3,574.5,572.2,568.8,565.0,561.0,557.3,563.8,565.5,567.2,567.8,567.0,565.2,563.6,563.0,605.8,606.8,610.0,613.6,615.5,614.5,611.3,607.4,602.3,604.6,607.7,611.6,615.0,617.6,619.1,617.8,615.5,612.5,608.8,605.2,609.1,610.7,612.1,612.5,611.7,610.1,608.7,608.3,230.3,226.2,224.4,225.9,229.8,234.1,235.6,234.2,232.2,230.1,228.6,227.7,228.2,229.7,231.9,233.3,233.9,234.2,234.2,233.6,232.0,232.6,231.8,230.1,228.4,227.7,228.5,230.3,228.2,224.4,222.7,224.0,227.6,231.3,233.1,232.1,230.6,228.3,226.5,225.6,226.0,227.2,229.2,230.6,231.4,231.8,231.8,231.6,229.7,230.3,229.5,227.9,226.3,225.8,226.5,228.2,257.0,258.9,263.3,267.6,269.5,268.0,263.2,258.8,252.3,254.4,257.6,261.9,266.8,271.0,274.2,270.9,266.4,261.8,257.8,254.5,261.6,263.5,265.4,266.2,265.4,263.5,261.6,260.8,326.3,328.0,332.5,337.2,339.4,337.6,333.1,328.1,322.4,324.7,328.3,333.2,338.4,342.9,346.4,343.1,338.8,334.1,329.4,325.3,331.0,333.0,335.0,335.8,334.8,332.8,330.8,330.0,-3.1,-7.5,-9.5,-7.9,-3.7,1.0,2.7,1.1,-1.0,-3.3,-5.0,-5.9,-5.3,-3.7,-1.3,0.2,0.8,1.2,1.1,0.5,-1.3,-0.6,-1.4,-3.3,-5.2,-5.9,-5.0,-3.1,-5.7,-10.1,-12.1,-10.6,-6.5,-2.1,-0.1,-1.2,-2.9,-5.6,-7.7,-8.7,-8.2,-6.9,-4.7,-3.0,-2.0,-1.6,-1.6,-1.7,-4.0,-3.3,-4.2,-6.1,-7.9,-8.5,-7.7,-5.8,649.5,650.3,651.1,651.3,650.8,650.2,649.2,649.0,652.8,650.6,648.8,648.3,649.4,651.1,653.0,650.9,648.9,648.0,648.6,650.4,650.5,650.6,650.9,651.3,651.5,651.4,651.0,650.7,691.6,692.9,694.6,695.7,695.6,694.3,692.6,691.6,691.9,691.3,691.2,692.2,694.7,698.1,701.3,697.8,694.4,692.0,690.9,691.1,693.4,693.9,694.7,695.2,695.3,694.8,694.1,693.5,367.6,30.3,823.4,-0.001,0.097,-0.078
368,0,1656521719.289,0.98,1,-0.093741,0.069954,-0.993136,-0.240714,0.069272,-0.968121,-0.169,0.071,559.9,561.3,565.1,569.1,571.0,569.9,565.8,561.8,554.4,557.0,560.7,564.9,569.0,572.3,574.5,572.2,568.8,565.0,561.0,557.3,563.8,565.5,567.2,567.8,567.0,565.2,563.6,563.0,605.7,606.7,610.0,613.6,615.5,614.5,611.3,607.4,602.3,604.6,607.7,611.6,615.0,617.5,619.1,617.8,615.5,612.4,608.8,605.1,609.1,610.7,612.1,612.5,611.7,610.1,608.7,608.3,230.2,226.2,224.3,225.8,229.7,234.0,235.6,234.1,232.2,230.0,228.5,227.6,228.1,229.6,231.8,233.2,233.8,234.2,234.1,233.6,231.9,232.5,231.8,230.0,228.3,227.6,228.4,230.2,228.0,224.2,222.5,223.8,227.4,231.2,232.9,231.9,230.5,228.1,226.3,225.4,225.8,227.1,229.0,230.4,231.2,231.6,231.7,231.5,229.6,230.1,229.4,227.7,226.2,225.6,226.4,228.0,256.8,258.6,263.0,267.3,269.2,267.7,263.0,258.6,252.1,254.1,257.3,261.6,266.5,270.7,273.9,270.6,266.1,261.5,257.5,254.3,261.3,263.2,265.1,265.9,265.1,263.2,261.3,260.5,325.1,326.8,331.4,336.1,338.2,336.5,331.9,327.0,321.2,323.6,327.2,332.1,337.3,341.8,345.2,342.0,337.7,333.0,328.3,324.2,329.8,331.9,333.9,334.6,333.7,331.6,329.6,328.9,-3.2,-7.6,-9.5,-8.0,-3.7,1.0,2.6,1.0,-1.1,-3.4,-5.0,-6.0,-5.4,-3.8,-1.4,0.1,0.7,1.1,1.1,0.4,-1.3,-0.7,-1.5,-3.4,-5.3,-6.0,-5.1,-3.2,-5.9,-10.2,-12.3,-10.8,-6.6,-2.3,-0.3,-1.4,-3.0,-5.8,-7.9,-8.9,-8.4,-7.0,-4.8,-3.1,-2.2,-1.7,-1.7,-1.9,-4.1,-3.5,-4.3,-6.2,-8.1,-8.7,-7.8,-5.9,648.9,649.7,650.4,650.6,650.2,649.6,648.6,648.4,652.2,650.0,648.2,647.7,648.7,650.5,652.4,650.3,648.2,647.3,648.0,649.8,649.8,649.9,650.2,650.6,650.8,650.7,650.4,650.0,689.3,690.6,692.3,693.4,693.3,692.1,690.3,689.3,689.5,688.9,688.9,689.9,692.5,695.8,699.1,695.6,692.2,689.7,688.6,688.8,691.2,691.7,692.4,693.0,693.0,692.5,691.8,691.2,366.9,30.2,821.9,-0.001,0.099,-0.078
369,0,1656521719.322,0.98,1,-0.092375,0.069666,-0.993284,-0.241056,0.068513,-0.968090,-0.168,0.070,559.9,561.3,565.1,569.1,570.9,569.8,565.8,561.8,554.3,557.0,560.7,564.9,569.0,572.2,574.5,572.2,568.8,564.9,560.9,557.2,563.8,565.5,567.2,567.8,567.0,565.2,563.6,563.0,605.7,606.7,609.9,613.6,615.5,614.5,611.3,607.3,602.2,604.6,607.7,611.5,615.0,617.5,619.1,617.8,615.5,612.4,608.8,605.1,609.1,610.7,612.1,612.5,611.7,610.1,608.7,608.2,230.2,226.2,224.4,225.8,229.7,234.1,235.6,234.1,232.2,230.1,228.5,227.6,228.1,229.7,231.9,233.3,233.8,234.2,234.1,233.6,231.9,232.6,231.8,230.0,228.3,227.7,228.5,230.2,228.0,224.3,222.5,223.8,227.4,231.2,232.9,232.0,230.5,228.1,226.3,225.4,225.9,227.1,229.0,230.5,231.2,231.6,231.7,231.5,229.6,230.2,229.4,227.8,226.2,225.6,226.4,228.0,256.9,258.7,263.1,267.5,269.3,267.8,263.1,258.7,252.2,254.2,257.4,261.7,266.6,270.8,274.0,270.7,266.2,261.6,257.6,254.3,261.4,263.3,265.2,266.0,265.2,263.3,261.4,260.6,325.3,327.0,331.5,336.3,338.4,336.7,332.1,327.1,321.4,323.8,327.3,332.2,337.4,342.0,345.4,342.2,337.8,333.1,328.5,324.4,330.0,332.1,334.0,334.8,333.9,331.8,329.8,329.1,-3.2,-7.5,-9.5,-7.9,-3.7,1.0,2.6,1.0,-1.0,-3.3,-5.0,-5.9,-5.4,-3.8,-1.4,0.1,0.7,1.1,1.1,0.5,-1.3,-0.6,-1.5,-3.4,-5.2,-5.9,-5.1,-3.2,-5.9,-10.2,-12.2,-10.8,-6.6,-2.3,-0.3,-1.4,-3.0,-5.8,-7.8,-8.9,-8.4,-7.0,-4.8,-3.1,-2.2,-1.7,-1.7,-1.9,-4.1,-3.4,-4.3,-6.2,-8.0,-8.7,-7.8,-5.9,649.1,650.0,650.7,650.9,650.4,649.9,648.9,648.7,652.5,650.3,648.5,647.9,649.0,650.8,652.6,650.6,648.5,647.6,648.2,650.1,650.1,650.2,650.5,650.9,651.1,651.0,650.7,650.3,689.7,691.0,692.7,693.8,693.7,692.4,690.7,689.7,689.9,689.3,689.3,690.3,692.9,696.2,699.4,695.9,692.5,690.1,689.0,689.2,691.5,692.0,692.8,693.3,693.4,692.9,692.1,691.6,367.3,30.2,822.9,-0.001,0.098,-0.079
370,0,1656521719.356,0.98,1,-0.095908,0.070588,-0.992884,-0.244572,0.068970,-0.967175,-0.172,0.071,559.9,561.3,565.1,569.1,571.0,569.8,565.8,561.8,554.4,557.0,560.7,564.9,569.1,572.3,574.5,572.2,568.8,565.0,561.0,557.3,563.8,565.5,567.2,567.8,567.0,565.2,563.6,563.0,605.7,606.7,609.9,613.6,615.5,614.5,611.2,607.3,602.2,604.5,607.7,611.5,615.0,617.5,619.1,617.8,615.5,612.4,608.8,605.1,609.1,610.7,612.1,612.5,611.7,610.1,608.7,608.2,230.3,226.3,224.4,225.9,229.8,234.1,235.7,234.2,232.3,230.1,228.6,227.7,228.2,229.7,232.0,233.3,233.9,234.3,234.3,233.7,232.0,232.6,231.8,230.1,228.4,227.7,228.5,230.3,228.1,224.4,222.6,223.9,227.5,231.3,233.0,232.0,230.6,228.2,226.4,225.5,225.9,227.1,229.1,230.6,231.4,231.8,231.8,231.6,229.7,230.3,229.5,227.8,226.3,225.7,226.5,228.1,256.9,258.7,263.1,267.5,269.3,267.8,263.1,258.7,252.2,254.2,257.4,261.7,266.6,270.8,274.0,270.7,266.2,261.7,257.6,254.4,261.4,263.3,265.2,266.0,265.2,263.3,261.4,260.6,325.0,326.7,331.2,336.0,338.1,336.3,331.8,326.8,321.1,323.5,327.0,331.9,337.1,341.7,345.1,341.8,337.5,332.8,328.2,324.1,329.7,331.7,333.7,334.5,333.6,331.5,329.5,328.8,-3.1,-7.4,-9.4,-7.8,-3.6,1.1,2.7,1.1,-1.0,-3.3,-5.0,-5.9,-5.4,-3.7,-1.3,0.2,0.8,1.2,1.2,0.5,-1.2,-0.6,-1.4,-3.3,-5.2,-5.9,-5.0,-3.1,-5.7,-10.1,-12.1,-10.6,-6.5,-2.2,-0.2,-1.3,-2.9,-5.7,-7.7,-8.8,-8.3,-6.9,-4.7,-3.0,-2.1,-1.6,-1.6,-1.7,-4.0,-3.3,-4.2,-6.1,-7.9,-8.6,-7.7,-5.8,649.1,650.0,650.7,650.9,650.4,649.8,648.9,648.7,652.5,650.3,648.5,647.9,649.0,650.7,652.6,650.5,648.5,647.6,648.2,650.1,650.1,650.2,650.5,650.9,651.1,651.0,650.7,650.3,689.1,690.4,692.0,693.2,693.1,691.8,690.1,689.1,689.3,688.7,688.6,689.7,692.2,695.6,698.8,695.3,691.9,689.5,688.4,688.6,690.9,691.4,692.2,692.7,692.8,692.3,691.5,691.0,368.2,30.3,824.8,0.002,0.103,-0.080
371,0,1656521719.389,0.98,1,-0.094106,0.071238,-0.993010,-0.244436,0.069867,-0.967145,-0.171,0.072,559.8,561.2,565.0,569.0,570.8,569.7,565.6,561.6,554.2,556.9,560.5,564.8,568.9,572.1,574.4,572.1,568.7,564.8,560.8,557.1,563.6,565.4,567.0,567.6,566.8,565.1,563.4,562.8,605.7,606.6,609.9,613.5,615.4,614.5,611.2,607.3,602.2,604.5,607.6,611.5,614.9,617.5,619.1,617.7,615.4,612.4,608.7,605.0,609.0,610.6,612.0,612.4,611.6,610.0,608.6,608.2,230.3,226.2,224.4,225.9,229.8,234.1,235.6,234.2,232.2,230.1,228.6,227.7,228.2,229.7,231.9,233.3,233.9,234.2,234.2,233.6,232.0,232.6,231.8,230.1,228.4,227.7,228.5,230.3,228.1,224.4,222.6,223.9,227.5,231.2,233.0,232.0,230.6,228.2,226.4,225.5,226.0,227.1,229.0,230.5,231.3,231.7,231.7,231.6,229.7,230.2,229.5,227.8,226.3,225.7,226.5,228.1,257.1,258.9,263.3,267.7,269.5,268.0,263.3,258.9,252.4,254.4,257.6,262.0,266.8,271.0,274.2,270.9,266.4,261.8,257.8,254.5,261.6,263.5,265.4,266.2,265.5,263.5,261.6,260.8,325.8,327.5,332.0,336.8,338.9,337.2,332.6,327.6,321.9,324.3,327.8,332.7,337.9,342.5,345.9,342.6,338.3,333.6,328.9,324.8,330.5,332.5,334.5,335.3,334.4,332.3,330.3,329.6,-3.1,-7.5,-9.5,-7.9,-3.6,1.1,2.7,1.1,-1.0,-3.3,-4.9,-5.8,-5.3,-3.7,-1.3,0.1,0.7,1.1,1.1,0.5,-1.3,-0.6,-1.4,-3.3,-5.2,-5.9,-5.0,-3.1,-5.8,-10.1,-12.2,-10.7,-6.6,-2.2,-0.2,-1.3,-2.9,-5.7,-7.7,-8.8,-8.3,-7.0,-4.8,-3.1,-2.2,-1.7,-1.7,-1.8,-4.0,-3.4,-4.3,-6.2,-8.0,-8.6,-7.7,-5.8,650.0,650.9,651.6,651.8,651.4,650.8,649.8,649.6,653.4,651.2,649.4,648.8,649.9,651.6,653.5,651.4,649.4,648.5,649.1,651.0,651.0,651.1,651.4,651.8,652.0,651.9,651.6,651.2,690.9,692.2,693.9,695.0,694.8,693.6,691.9,690.9,691.1,690.5,690.4,691.5,694.0,697.3,700.5,697.1,693.7,691.2,690.1,690.4,692.7,693.2,693.9,694.5,694.5,694.1,693.3,692.8,367.1,30.3,822.8,-0.001,0.102,-0.080
372,0,1656521719.422,0.98,1,-0.093565,0.072434,-0.992975,-0.244168,0.070989,-0.967131,-0.171,0.073,559.8,561.2,565.0,569.0,570.8,569.7,565.7,561.7,554.3,556.9,560.6,564.8,568.9,572.1,574.4,572.1,568.7,564.8,560.8,557.1,563.6,565.4,567.0,567.6,566.8,565.1,563.4,562.8,605.7,606.6,609.9,613.5,615.4,614.4,611.2,607.3,602.2,604.5,607.6,611.5,614.9,617.4,619.0,617.7,615.4,612.3,608.7,605.0,609.0,610.6,612.0,612.4,611.6,610.0,608.6,608.2,230.3,226.3,224.5,226.0,229.8,234.2,235.7,234.2,232.3,230.2,228.6,227.8,228.3,229.8,232.0,233.4,233.9,234.3,234.3,233.7,232.0,232.7,231.9,230.1,228.4,227.8,228.6,230.3,228.2,224.4,222.7,224.0,227.6,231.3,233.1,232.1,230.7,228.3,226.5,225.6,226.1,227.3,229.2,230.6,231.4,231.8,231.8,231.7,229.7,230.3,229.6,227.9,226.3,225.8,226.5,228.2,257.5,259.3,263.6,268.0,269.9,268.4,263.6,259.3,252.7,254.8,258.0,262.3,267.2,271.4,274.6,271.3,266.8,262.2,258.2,254.9,262.0,263.9,265.8,266.6,265.8,263.9,262.0,261.2,326.7,328.4,333.0,337.7,339.8,338.1,333.5,328.5,322.9,325.2,328.8,333.7,338.9,343.4,346.8,343.6,339.2,334.5,329.9,325.8,331.4,333.5,335.5,336.2,335.3,333.2,331.3,330.5,-3.0,-7.4,-9.4,-7.8,-3.6,1.1,2.7,1.2,-0.9,-3.2,-4.9,-5.8,-5.3,-3.7,-1.3,0.2,0.8,1.2,1.2,0.6,-1.2,-0.5,-1.4,-3.3,-5.1,-5.8,-5.0,-3.0,-5.7,-10.1,-12.1,-10.6,-6.5,-2.1,-0.1,-1.2,-2.9,-5.6,-7.7,-8.7,-8.2,-6.9,-4.7,-3.0,-2.0,-1.6,-1.5,-1.7,-3.9,-3.3,-4.2,-6.1,-7.9,-8.5,-7.6,-5.7,650.9,651.8,652.5,652.7,652.2,651.6,650.7,650.5,654.3,652.1,650.3,649.7,650.8,652.5,654.4,652.3,650.3,649.4,650.0,651.9,651.9,652.0,652.3,652.7,652.9,652.8,652.5,652.1,692.9,694.2,695.8,696.9,696.8,695.5,693.9,692.9,693.2,692.5,692.4,693.4,696.0,699.3,702.5,699.0,695.7,693.2,692.2,692.4,694.7,695.2,695.9,696.5,696.5,696.0,695.3,694.8,367.9,30.4,824.5,0.001,0.100,-0.079
373,0,1656521719.455,0.98,1,-0.094639,0.069575,-0.993077,-0.245289,0.068357,-0.967037,-0.172,0.070,559.8,561.2,565.0,569.0,570.9,569.7,565.7,561.7,554.2,556.9,560.6,564.8,568.9,572.2,574.4,572.1,568.7,564.8,560.8,557.1,563.7,565.4,567.1,567.7,566.9,565.1,563.5,562.8,605.7,606.7,610.0,613.6,615.5,614.5,611.3,607.3,602.2,604.5,607.7,611.6,615.0,617.6,619.2,617.8,615.5,612.4,608.8,605.1,609.1,610.7,612.1,612.5,611.7,610.1,608.7,608.3,230.3,226.3,224.4,225.9,229.8,234.2,235.7,234.2,232.3,230.1,228.6,227.7,228.2,229.8,232.0,233.4,233.9,234.3,234.2,233.6,232.0,232.7,231.9,230.1,228.4,227.8,228.5,230.3,228.2,224.4,222.7,224.0,227.6,231.4,233.1,232.1,230.7,228.3,226.5,225.6,226.1,227.3,229.2,230.6,231.4,231.8,231.9,231.7,229.8,230.4,229.6,227.9,226.4,225.8,226.6,228.2,256.3,258.1,262.5,266.9,268.7,267.3,262.5,258.1,251.6,253.6,256.9,261.2,266.1,270.2,273.5,270.1,265.6,261.1,257.0,253.8,260.8,262.7,264.7,265.5,264.7,262.8,260.8,260.0,324.6,326.3,330.9,335.6,337.7,335.9,331.4,326.4,320.7,323.1,326.6,331.5,336.7,341.3,344.7,341.4,337.1,332.4,327.7,323.6,329.3,331.4,333.3,334.1,333.2,331.1,329.1,328.4,-3.1,-7.4,-9.4,-7.8,-3.6,1.1,2.7,1.1,-1.0,-3.3,-4.9,-5.8,-5.3,-3.7,-1.3,0.2,0.8,1.2,1.1,0.5,-1.2,-0.5,-1.4,-3.3,-5.1,-5.8,-5.0,-3.1,-5.6,-10.0,-12.0,-10.5,-6.4,-2.0,-0.0,-1.2,-2.8,-5.5,-7.6,-8.7,-8.1,-6.8,-4.6,-2.9,-2.0,-1.5,-1.5,-1.7,-3.9,-3.2,-4.1,-6.0,-7.8,-8.5,-7.6,-5.7,648.0,648.9,649.6,649.8,649.3,648.7,647.7,647.5,651.3,649.2,647.4,646.8,647.9,649.6,651.5,649.4,647.4,646.5,647.1,648.9,649.0,649.1,649.4,649.8,650.0,649.9,649.6,649.2,688.2,689.5,691.2,692.3,692.2,690.9,689.2,688.2,688.5,687.9,687.8,688.8,691.3,694.6,697.9,694.4,691.0,688.6,687.5,687.7,690.0,690.5,691.3,691.8,691.9,691.4,690.7,690.1,367.4,30.3,823.3,0.000,0.103,-0.079
374,0,1656521719.489,0.98,1,-0.091988,0.070925,-0.993231,-0.242847,0.070682,-0.967486,-0.169,0.072,559.9,561.3,565.0,569.0,570.9,569.8,565.7,561.7,554.3,557.0,560.6,564.9,569.0,572.2,574.5,572.2,568.8,564.9,560.9,557.2,563.7,565.5,567.1,567.7,566.9,565.2,563.5,562.9,605.8,606.7,610.0,613.6,615.5,614.5,611.3,607.4,602.3,604.6,607.7,611.6,615.1,617.6,619.2,617.8,615.5,612.5,608.8,605.2,609.1,610.7,612.1,612.5,611.7,610.1,608.7,608.3,230.4,226.3,224.5,226.0,229.9,234.2,235.7,234.3,232.3,230.2,228.6,227.8,228.3,229.8,232.0,233.4,234.0,234.4,234.3,233.7,232.1,232.7,231.9,230.1,228.4,227.8,228.6,230.4,228.2,224.4,222.6,223.9,227.5,231.3,233.0,232.1,230.6,228.2,226.4,225.5,226.0,227.2,229.1,230.6,231.4,231.8,231.8,231.6,229.7,230.3,229.5,227.9,226.3,225.7,226.5,228.1,256.5,258.3,262.7,267.1,268.9,267.5,262.7,258.3,251.7,253.8,257.0,261.4,266.2,270.4,273.6,270.3,265.8,261.3,257.2,253.9,261.0,262.9,264.8,265.6,264.8,262.9,261.0,260.2,325.7,327.4,331.9,336.6,338.8,337.0,332.5,327.5,321.8,324.1,327.7,332.6,337.8,342.3,345.8,342.5,338.2,333.5,328.8,324.7,330.4,332.4,334.4,335.2,334.2,332.2,330.2,329.4,-3.0,-7.4,-9.4,-7.8,-3.6,1.1,2.8,1.2,-0.9,-3.2,-4.9,-5.8,-5.3,-3.6,-1.3,0.2,0.9,1.3,1.2,0.6,-1.2,-0.5,-1.3,-3.3,-5.1,-5.8,-4.9,-3.0,-5.7,-10.1,-12.1,-10.6,-6.5,-2.1,-0.1,-1.3,-2.9,-5.6,-7.7,-8.8,-8.3,-6.9,-4.7,-3.0,-2.1,-1.6,-1.6,-1.7,-4.0,-3.3,-4.2,-6.1,-7.9,-8.6,-7.7,-5.8,648.3,649.1,649.9,650.1,649.6,649.0,648.0,647.8,651.6,649.4,647.6,647.1,648.2,649.9,651.8,649.8,647.7,646.8,647.4,649.2,649.3,649.4,649.7,650.1,650.3,650.2,649.8,649.5,690.4,691.6,693.3,694.4,694.3,693.1,691.4,690.4,690.6,690.0,689.9,690.9,693.5,696.8,700.0,696.6,693.2,690.7,689.7,689.9,692.2,692.7,693.4,694.0,694.0,693.5,692.8,692.2,367.6,30.2,823.8,0.001,0.099,-0.079
375,0,1656521719.522,0.98,1,-0.092429,0.071099,-0.993178,-0.241841,0.070231,-0.967771,-0.169,0.072,560.1,561.4,565.2,569.2,571.0,569.9,565.9,561.9,554.5,557.2,560.8,565.0,569.1,572.3,574.6,572.3,568.9,565.1,561.1,557.4,563.9,565.6,567.3,567.9,567.1,565.3,563.7,563.1,605.8,606.8,610.1,613.7,615.6,614.6,611.3,607.4,602.4,604.7,607.8,611.7,615.1,617.6,619.2,617.9,615.6,612.5,608.9,605.2,609.2,610.8,612.2,612.6,611.8,610.2,608.8,608.4,230.3,226.3,224.5,225.9,229.8,234.2,235.7,234.2,232.3,230.2,228.7,227.8,228.3,229.8,231.9,233.3,233.9,234.3,234.2,233.7,232.0,232.7,231.9,230.1,228.4,227.8,228.6,230.3,228.2,224.4,222.7,224.0,227.6,231.3,233.1,232.1,230.6,228.3,226.5,225.6,226.1,227.3,229.2,230.6,231.4,231.8,231.8,231.6,229.7,230.3,229.5,227.9,226.3,225.8,226.5,228.2,258.0,259.9,264.2,268.6,270.5,269.0,264.3,259.9,253.3,255.4,258.6,262.9,267.8,272.0,275.2,271.9,267.4,262.8,258.8,255.5,262.6,264.5,266.4,267.2,266.4,264.5,262.6,261.8,326.6,328.3,332.9,337.6,339.7,338.0,333.4,328.4,322.7,325.1,328.7,333.6,338.8,343.3,346.7,343.5,339.2,334.5,329.8,325.7,331.3,333.4,335.4,336.1,335.2,333.1,331.1,330.4,-3.0,-7.4,-9.4,-7.8,-3.6,1.1,2.7,1.2,-0.9,-3.2,-4.9,-5.8,-5.3,-3.7,-1.3,0.2,0.8,1.2,1.2,0.6,-1.2,-0.5,-1.4,-3.3,-5.1,-5.8,-5.0,-3.1,-5.7,-10.1,-12.1,-10.6,-6.5,-2.1,-0.1,-1.2,-2.9,-5.6,-7.7,-8.7,-8.2,-6.9,-4.7,-3.0,-2.1,-1.6,-1.6,-1.7,-3.9,-3.3,-4.2,-6.1,-7.9,-8.5,-7.7,-5.8,651.8,652.6,653.4,653.6,653.1,652.5,651.5,651.3,655.1,652.9,651.1,650.6,651.6,653.4,655.3,653.2,651.2,650.3,650.9,652.7,652.8,652.9,653.2,653.5,653.7,653.7,653.3,653.0,692.2,693.5,695.2,696.3,696.2,694.9,693.2,692.2,692.5,691.9,691.8,692.8,695.4,698.7,701.9,698.4,695.0,692.6,691.5,691.7,694.1,694.5,695.3,695.8,695.9,695.4,694.7,694.1,367.5,30.3,823.1,-0.002,0.099,-0.077
376,0,1656521719.556,0.98,1,-0.093059,0.073466,-0.992947,-0.243283,0.072371,-0.967252,-0.170,0.074,560.1,561.5,565.3,569.3,571.1,570.0,566.0,562.0,554.5,557.2,560.9,565.1,569.2,572.4,574.7,572.4,569.0,565.1,561.1,557.4,563.9,565.7,567.4,568.0,567.1,565.4,563.7,563.1,605.9,606.9,610.1,613.7,615.6,614.7,611.4,607.5,602.4,604.7,607.9,611.7,615.2,617.7,619.3,617.9,615.7,612.6,609.0,605.3,609.2,610.8,612.2,612.7,611.8,610.3,608.8,608.4,230.4,226.3,224.5,226.0,229.9,234.2,235.7,234.3,232.3,230.2,228.6,227.8,228.3,229.8,232.0,233.4,234.0,234.4,234.3,233.7,232.1,232.7,231.9,230.2,228.5,227.8,228.6,230.4,228.2,224.4,222.6,223.9,227.5,231.3,233.0,232.1,230.7,228.2,226.4,225.5,225.9,227.1,229.1,230.5,231.4,231.8,231.8,231.7,229.7,230.3,229.5,227.9,226.3,225.7,226.5,228.1,256.9,258.7,263.1,267.5,269.3,267.9,263.1,258.7,252.2,254.2,257.5,261.8,266.7,270.8,274.1,270.7,266.2,261.7,257.6,254.4,261.4,263.3,265.3,266.1,265.3,263.3,261.4,260.6,325.7,327.4,331.9,336.6,338.8,337.0,332.5,327.5,321.8,324.1,327.7,332.6,337.8,342.3,345.8,342.5,338.2,333.5,328.9,324.8,330.4,332.4,334.4,335.2,334.2,332.2,330.2,329.4,-3.0,-7.4,-9.3,-7.8,-3.5,1.2,2.8,1.2,-0.9,-3.2,-4.9,-5.8,-5.3,-3.6,-1.2,0.3,0.9,1.3,1.3,0.6,-1.2,-0.5,-1.3,-3.2,-5.1,-5.8,-4.9,-3.0,-5.7,-10.1,-12.1,-10.6,-6.5,-2.2,-0.1,-1.2,-2.9,-5.6,-7.7,-8.8,-8.3,-7.0,-4.7,-3.0,-2.1,-1.6,-1.5,-1.7,-4.0,-3.3,-4.2,-6.1,-7.9,-8.6,-7.7,-5.8,648.8,649.6,650.3,650.5,650.1,649.5,648.5,648.3,652.1,649.9,648.1,647.5,648.6,650.4,652.3,650.2,648.1,647.3,647.9,649.7,649.7,649.8,650.1,650.5,650.7,650.6,650.3,649.9,690.1,691.3,693.0,694.2,694.1,692.8,691.1,690.1,690.3,689.7,689.6,690.7,693.2,696.6,699.8,696.3,692.9,690.5,689.4,689.6,691.9,692.4,693.2,693.7,693.8,693.3,692.5,692.0,368.5,30.3,825.1,0.005,0.100,-0.080
377,0,1656521719.589,0.98,1,-0.092119,0.071617,-0.993169,-0.242316,0.070272,-0.967649,-0.169,0.072,560.2,561.5,565.3,569.3,571.1,570.0,566.0,562.0,554.6,557.3,560.9,565.1,569.2,572.4,574.7,572.4,569.0,565.1,561.2,557.5,564.0,565.7,567.4,568.0,567.2,565.4,563.8,563.2,605.9,606.8,610.1,613.7,615.6,614.6,611.4,607.5,602.4,604.7,607.8,611.7,615.1,617.6,619.2,617.9,615.6,612.5,608.9,605.2,609.2,610.8,612.2,612.6,611.8,610.2,608.8,608.4,230.3,226.2,224.4,225.9,229.8,234.1,235.6,234.1,232.2,230.1,228.6,227.7,228.2,229.7,231.9,233.3,233.8,234.2,234.2,233.6,232.0,232.6,231.8,230.1,228.4,227.7,228.5,230.3,228.1,224.4,222.6,223.9,227.5,231.3,233.0,232.0,230.6,228.2,226.4,225.5,226.0,227.2,229.1,230.5,231.3,231.7,231.7,231.6,229.7,230.2,229.5,227.8,226.3,225.7,226.5,228.1,257.8,259.6,264.0,268.4,270.2,268.8,264.0,259.6,253.0,255.1,258.4,262.7,267.6,271.7,275.0,271.6,267.1,262.6,258.5,255.2,262.3,264.2,266.2,267.0,266.2,264.3,262.3,261.5,326.4,328.1,332.6,337.3,339.4,337.7,333.2,328.2,322.5,324.8,328.4,333.3,338.5,343.0,346.5,343.2,338.9,334.2,329.5,325.4,331.1,333.1,335.1,335.9,334.9,332.9,330.9,330.1,-3.1,-7.5,-9.5,-7.9,-3.7,1.0,2.7,1.1,-1.0,-3.3,-5.0,-5.9,-5.4,-3.7,-1.3,0.1,0.7,1.1,1.1,0.5,-1.3,-0.6,-1.5,-3.4,-5.2,-5.9,-5.0,-3.1,-5.8,-10.1,-12.2,-10.7,-6.5,-2.2,-0.2,-1.3,-2.9,-5.7,-7.7,-8.8,-8.3,-6.9,-4.7,-3.1,-2.1,-1.7,-1.6,-1.8,-4.0,-3.4,-4.2,-6.1,-8.0,-8.6,-7.7,-5.8,650.9,651.7,652.5,652.7,652.2,651.6,650.6,650.4,654.2,652.0,650.2,649.7,650.8,652.6,654.4,652.3,650.3,649.4,650.0,651.8,651.9,652.0,652.3,652.7,652.9,652.8,652.5,652.1,691.6,692.9,694.6,695.7,695.6,694.3,692.6,691.6,691.9,691.2,691.2,692.2,694.8,698.1,701.3,697.8,694.4,692.0,690.9,691.1,693.4,693.9,694.7,695.2,695.3,694.8,694.1,693.5,367.3,30.3,822.5,0.001,0.100,-0.079
378,0,1656521719.622,0.98,1,-0.094801,0.072062,-0.992885,-0.243407,0.070562,-0.967354,-0.171,0.073,560.2,561.6,565.3,569.3,571.2,570.1,566.0,562.0,554.6,557.3,560.9,565.1,569.3,572.5,574.7,572.4,569.1,565.2,561.2,557.5,564.0,565.8,567.4,568.0,567.2,565.5,563.8,563.2,606.0,607.0,610.3,613.9,615.8,614.8,611.5,607.6,602.5,604.8,608.0,611.8,615.3,617.8,619.4,618.1,615.8,612.7,609.1,605.4,609.4,610.9,612.4,612.8,612.0,610.4,609.0,608.5,230.2,226.2,224.3,225.8,229.7,234.1,235.6,234.1,232.1,230.0,228.5,227.6,228.1,229.6,231.8,233.2,233.8,234.2,234.1,233.5,231.9,232.5,231.8,230.0,228.3,227.6,228.4,230.2,228.1,224.3,222.6,223.9,227.5,231.2,233.0,232.0,230.6,228.2,226.4,225.5,225.9,227.2,229.1,230.5,231.3,231.7,231.7,231.6,229.6,230.2,229.5,227.8,226.2,225.7,226.4,228.1,257.4,259.3,263.7,268.0,269.8,268.4,263.6,259.2,252.7,254.8,258.0,262.3,267.2,271.4,274.6,271.2,266.7,262.2,258.2,254.9,262.0,263.9,265.8,266.6,265.8,263.9,262.0,261.2,326.0,327.8,332.3,337.0,339.1,337.4,332.8,327.9,322.2,324.5,328.1,333.0,338.2,342.7,346.2,342.9,338.6,333.9,329.2,325.1,330.7,332.8,334.8,335.5,334.6,332.6,330.6,329.8,-3.2,-7.6,-9.5,-8.0,-3.7,1.0,2.6,1.0,-1.1,-3.4,-5.0,-5.9,-5.4,-3.8,-1.4,0.1,0.7,1.1,1.0,0.4,-1.4,-0.7,-1.5,-3.4,-5.3,-6.0,-5.1,-3.2,-5.8,-10.2,-12.2,-10.7,-6.6,-2.2,-0.2,-1.3,-3.0,-5.7,-7.8,-8.8,-8.3,-7.0,-4.8,-3.1,-2.1,-1.7,-1.7,-1.8,-4.0,-3.4,-4.3,-6.2,-8.0,-8.6,-7.7,-5.8,649.9,650.8,651.5,651.7,651.2,650.6,649.7,649.5,653.3,651.1,649.3,648.7,649.8,651.5,653.4,651.3,649.3,648.4,649.0,650.9,650.9,651.0,651.3,651.7,651.9,651.8,651.5,651.1,690.6,691.8,693.5,694.6,694.5,693.3,691.6,690.6,690.8,690.2,690.1,691.1,693.7,697.0,700.2,696.8,693.4,690.9,689.8,690.1,692.4,692.9,693.6,694.2,694.2,693.7,693.0,692.4,367.5,30.2,822.5,0.001,0.102,-0.080
379,0,1656521719.656,0.98,1,-0.097742,0.071102,-0.992669,-0.245589,0.069263,-0.966897,-0.173,0.072,560.2,561.6,565.4,569.4,571.3,570.2,566.1,562.1,554.7,557.4,561.0,565.2,569.4,572.6,574.9,572.5,569.1,565.2,561.2,557.6,564.1,565.8,567.5,568.1,567.3,565.6,563.9,563.3,606.0,607.0,610.3,613.9,615.8,614.8,611.6,607.6,602.5,604.8,608.0,611.9,615.4,617.9,619.5,618.1,615.8,612.8,609.1,605.4,609.4,611.0,612.4,612.8,612.0,610.4,609.0,608.6,230.3,226.2,224.4,225.9,229.8,234.1,235.7,234.2,232.2,230.1,228.5,227.7,228.2,229.7,232.0,233.3,233.9,234.3,234.2,233.6,232.0,232.6,231.8,230.1,228.4,227.7,228.5,230.3,228.2,224.4,222.7,224.0,227.6,231.4,233.1,232.1,230.7,228.3,226.5,225.6,226.0,227.2,229.2,230.6,231.4,231.8,231.9,231.7,229.8,230.3,229.6,227.9,226.3,225.8,226.5,228.2,256.8,258.7,263.0,267.4,269.2,267.8,263.0,258.6,252.2,254.2,257.4,261.7,266.6,270.7,274.0,270.6,266.1,261.6,257.6,254.3,261.4,263.3,265.2,266.0,265.2,263.3,261.4,260.6,324.5,326.2,330.7,335.5,337.6,335.8,331.3,326.3,320.6,323.0,326.5,331.4,336.6,341.2,344.6,341.3,337.0,332.3,327.6,323.5,329.2,331.2,333.2,334.0,333.1,331.0,329.0,328.3,-3.1,-7.5,-9.4,-7.8,-3.6,1.1,2.7,1.1,-1.0,-3.3,-5.0,-5.9,-5.3,-3.7,-1.3,0.2,0.8,1.2,1.1,0.5,-1.3,-0.6,-1.4,-3.3,-5.2,-5.9,-5.0,-3.1,-5.6,-10.0,-12.0,-10.5,-6.4,-2.1,-0.0,-1.2,-2.8,-5.5,-7.6,-8.7,-8.2,-6.8,-4.6,-2.9,-2.0,-1.5,-1.5,-1.6,-3.9,-3.2,-4.1,-6.0,-7.8,-8.5,-7.6,-5.7,648.2,649.0,649.7,649.9,649.4,648.9,647.9,647.8,651.6,649.4,647.6,647.0,648.0,649.7,651.6,649.6,647.5,646.7,647.3,649.2,649.2,649.3,649.6,649.9,650.1,650.0,649.7,649.4,687.2,688.5,690.2,691.3,691.2,689.9,688.2,687.2,687.5,686.9,686.8,687.8,690.4,693.7,696.9,693.4,690.1,687.6,686.5,686.7,689.1,689.6,690.3,690.9,690.9,690.4,689.7,689.1,368.4,30.3,824.5,0.001,0.104,-0.079
380,0,1656521719.689,0.98,1,-0.099132,0.072943,-0.992397,-0.244952,0.070105,-0.966997,-0.174,0.073,560.4,561.8,565.6,569.5,571.4,570.2,566.2,562.2,554.9,557.5,561.1,565.3,569.4,572.6,574.9,572.6,569.2,565.3,561.4,557.7,564.2,565.9,567.6,568.2,567.4,565.7,564.0,563.4,606.1,607.1,610.4,614.0,615.8,614.8,611.6,607.7,602.6,604.9,608.1,611.9,615.4,617.9,619.5,618.1,615.8,612.8,609.1,605.4,609.4,611.0,612.4,612.9,612.1,610.5,609.0,608.6,230.2,226.2,224.4,225.8,229.7,234.0,235.5,234.1,232.1,230.0,228.5,227.6,228.1,229.6,231.8,233.2,233.8,234.2,234.1,233.5,231.9,232.5,231.7,230.0,228.3,227.6,228.4,230.2,228.2,224.5,222.8,224.1,227.7,231.4,233.2,232.2,230.7,228.3,226.6,225.7,226.2,227.4,229.3,230.7,231.5,231.9,231.9,231.7,229.8,230.4,229.6,228.0,226.4,225.8,226.6,228.2,258.9,260.8,265.1,269.5,271.3,269.9,265.1,260.7,254.3,256.3,259.5,263.8,268.6,272.8,276.1,272.7,268.2,263.7,259.7,256.4,263.5,265.4,267.3,268.1,267.3,265.4,263.5,262.7,326.4,328.2,332.7,337.4,339.5,337.8,333.2,328.2,322.5,324.9,328.5,333.4,338.6,343.1,346.6,343.3,339.0,334.2,329.6,325.5,331.1,333.2,335.2,335.9,335.0,333.0,331.0,330.2,-3.2,-7.6,-9.6,-8.0,-3.8,0.9,2.6,1.0,-1.1,-3.4,-5.1,-6.0,-5.5,-3.8,-1.5,0.1,0.7,1.1,1.0,0.4,-1.4,-0.7,-1.6,-3.5,-5.3,-6.0,-5.1,-3.2,-5.7,-10.0,-12.0,-10.5,-6.3,-2.0,-0.0,-1.2,-2.9,-5.5,-7.6,-8.6,-8.1,-6.7,-4.5,-2.8,-1.9,-1.5,-1.5,-1.7,-3.9,-3.2,-4.1,-6.0,-7.8,-8.4,-7.6,-5.7,653.1,653.9,654.6,654.8,654.3,653.8,652.8,652.6,656.5,654.3,652.4,651.8,652.9,654.6,656.5,654.4,652.4,651.6,652.2,654.1,654.1,654.1,654.4,654.8,655.0,654.9,654.6,654.3,691.2,692.5,694.2,695.3,695.2,693.9,692.2,691.2,691.5,690.8,690.8,691.8,694.3,697.7,700.9,697.4,694.0,691.6,690.5,690.7,693.0,693.5,694.3,694.8,694.9,694.4,693.6,693.1,368.4,30.3,824.4,-0.000,0.106,-0.078
381,0,1656521719.722,0.98,1,-0.096147,0.070912,-0.992838,-0.246403,0.068653,-0.966733,-0.173,0.071,560.4,561.7,565.5,569.5,571.3,570.2,566.2,562.2,554.8,557.5,561.1,565.3,569.4,572.6,574.9,572.6,569.2,565.3,561.4,557.7,564.2,565.9,567.6,568.2,567.4,565.6,564.0,563.4,606.0,607.0,610.3,613.9,615.8,614.8,611.5,607.6,602.5,604.8,608.0,611.8,615.3,617.8,619.4,618.1,615.8,612.7,609.1,605.4,609.4,611.0,612.4,612.8,612.0,610.4,609.0,608.5,230.3,226.2,224.4,225.9,229.8,234.1,235.6,234.2,232.2,230.1,228.5,227.7,228.2,229.7,231.9,233.3,233.9,234.3,234.2,233.6,232.0,232.6,231.8,230.1,228.4,227.7,228.5,230.3,228.2,224.5,222.7,224.0,227.6,231.4,233.1,232.1,230.7,228.3,226.5,225.6,226.1,227.3,229.2,230.7,231.5,231.9,231.9,231.7,229.8,230.4,229.6,228.0,226.4,225.8,226.6,228.2,258.0,259.9,264.2,268.6,270.4,269.0,264.2,259.8,253.3,255.4,258.6,262.9,267.8,272.0,275.2,271.8,267.3,262.8,258.8,255.5,262.5,264.5,266.4,267.2,266.4,264.5,262.6,261.8,326.4,328.1,332.7,337.4,339.5,337.7,333.2,328.2,322.5,324.9,328.4,333.3,338.5,343.1,346.5,343.2,338.9,334.2,329.5,325.4,331.1,333.1,335.1,335.9,335.0,332.9,330.9,330.2,-3.1,-7.5,-9.5,-7.9,-3.6,1.0,2.7,1.1,-1.0,-3.3,-5.0,-5.9,-5.4,-3.7,-1.3,0.2,0.8,1.2,1.1,0.5,-1.3,-0.6,-1.4,-3.3,-5.2,-5.9,-5.0,-3.1,-5.7,-10.0,-12.0,-10.5,-6.4,-2.0,-0.1,-1.2,-2.8,-5.6,-7.6,-8.7,-8.2,-6.8,-4.6,-2.9,-2.0,-1.5,-1.5,-1.7,-3.9,-3.2,-4.1,-6.0,-7.8,-8.5,-7.6,-5.7,650.9,651.8,652.5,652.7,652.2,651.6,650.6,650.5,654.3,652.1,650.3,649.7,650.8,652.5,654.4,652.3,650.3,649.4,650.0,651.9,651.9,652.0,652.3,652.7,652.9,652.8,652.5,652.1,691.3,692.6,694.3,695.4,695.2,693.9,692.3,691.3,691.6,690.9,690.8,691.9,694.4,697.7,700.9,697.4,694.1,691.6,690.6,690.8,693.1,693.6,694.3,694.9,694.9,694.5,693.7,693.2,369.4,30.4,826.6,0.002,0.104,-0.079
382,0,1656521719.756,0.98,1,-0.093842,0.073637,-0.992860,-0.243090,0.071501,-0.967365,-0.170,0.074,560.4,561.7,565.5,569.5,571.3,570.2,566.2,562.2,554.8,557.5,561.1,565.3,569.4,572.6,574.8,572.6,569.2,565.3,561.4,557.7,564.2,565.9,567.6,568.2,567.4,565.6,564.0,563.4,606.1,607.1,610.3,613.9,615.8,614.8,611.5,607.6,602.6,604.9,608.0,611.9,615.3,617.8,619.4,618.1,615.7,612.7,609.1,605.4,609.4,611.0,612.4,612.8,612.0,610.4,609.0,608.6,230.1,226.1,224.3,225.8,229.7,234.0,235.5,234.0,232.1,230.0,228.5,227.6,228.1,229.6,231.8,233.2,233.7,234.1,234.0,233.4,231.8,232.5,231.7,229.9,228.2,227.6,228.4,230.1,228.2,224.4,222.7,224.0,227.6,231.4,233.1,232.1,230.6,228.3,226.5,225.6,226.1,227.3,229.2,230.6,231.4,231.8,231.8,231.6,229.7,230.3,229.6,227.9,226.4,225.8,226.5,228.2,259.1,260.9,265.3,269.7,271.5,270.0,265.2,260.9,254.3,256.4,259.6,263.9,268.8,273.0,276.2,272.9,268.4,263.8,259.8,256.5,263.6,265.5,267.4,268.2,267.4,265.5,263.6,262.8,328.1,329.9,334.4,339.1,341.2,339.5,334.9,329.9,324.2,326.6,330.2,335.1,340.3,344.8,348.3,345.0,340.6,335.9,331.3,327.2,332.8,334.9,336.9,337.6,336.7,334.7,332.7,331.9,-3.3,-7.7,-9.6,-8.0,-3.8,0.9,2.5,0.9,-1.2,-3.5,-5.1,-6.0,-5.5,-3.9,-1.5,0.0,0.6,1.0,0.9,0.3,-1.4,-0.7,-1.6,-3.5,-5.4,-6.1,-5.2,-3.3,-5.8,-10.1,-12.1,-10.6,-6.4,-2.1,-0.1,-1.3,-3.0,-5.6,-7.7,-8.7,-8.2,-6.8,-4.6,-2.9,-2.0,-1.6,-1.6,-1.8,-4.0,-3.3,-4.2,-6.1,-7.9,-8.5,-7.7,-5.8,653.5,654.3,655.0,655.2,654.8,654.2,653.2,653.0,656.8,654.6,652.8,652.3,653.3,655.1,657.0,654.9,652.8,651.9,652.6,654.4,654.5,654.5,654.9,655.2,655.4,655.3,655.0,654.7,694.9,696.1,697.8,698.9,698.8,697.6,695.9,694.9,695.2,694.5,694.4,695.4,698.0,701.3,704.5,701.0,697.7,695.2,694.2,694.4,696.7,697.2,697.9,698.5,698.5,698.0,697.3,696.8,368.5,30.3,824.8,0.000,0.101,-0.078
383,0,1656521719.789,0.98,1,-0.092660,0.074136,-0.992934,-0.242289,0.071888,-0.967537,-0.169,0.074,560.4,561.7,565.5,569.5,571.3,570.2,566.1,562.2,554.8,557.5,561.1,565.3,569.4,572.6,574.8,572.5,569.2,565.3,561.3,557.7,564.1,565.9,567.5,568.1,567.3,565.6,563.9,563.3,606.1,607.1,610.3,613.9,615.8,614.8,611.5,607.6,602.6,604.9,608.0,611.9,615.3,617.8,619.4,618.0,615.7,612.7,609.1,605.4,609.4,611.0,612.4,612.8,612.0,610.4,609.0,608.6,230.1,226.1,224.3,225.8,229.7,234.0,235.5,234.0,232.1,230.0,228.4,227.6,228.1,229.6,231.8,233.2,233.7,234.1,234.0,233.4,231.8,232.5,231.7,229.9,228.2,227.6,228.4,230.1,228.1,224.4,222.7,224.0,227.6,231.3,233.0,232.0,230.6,228.2,226.5,225.6,226.1,227.3,229.1,230.6,231.4,231.7,231.7,231.6,229.7,230.3,229.5,227.9,226.3,225.7,226.5,228.1,259.5,261.3,265.7,270.1,271.9,270.5,265.7,261.3,254.8,256.8,260.1,264.4,269.3,273.4,276.7,273.3,268.8,264.3,260.2,256.9,264.0,265.9,267.9,268.7,267.9,266.0,264.0,263.2,328.0,329.7,334.3,339.0,341.1,339.3,334.8,329.8,324.1,326.5,330.1,335.0,340.2,344.7,348.1,344.9,340.5,335.8,331.1,327.0,332.7,334.8,336.7,337.5,336.6,334.5,332.5,331.8,-3.3,-7.7,-9.6,-8.0,-3.8,0.9,2.5,0.9,-1.2,-3.5,-5.1,-6.0,-5.5,-3.9,-1.5,-0.0,0.6,1.0,0.9,0.3,-1.4,-0.7,-1.6,-3.5,-5.4,-6.1,-5.2,-3.3,-5.8,-10.1,-12.2,-10.6,-6.5,-2.1,-0.2,-1.3,-3.0,-5.7,-7.7,-8.7,-8.2,-6.9,-4.7,-3.0,-2.1,-1.6,-1.6,-1.8,-4.0,-3.3,-4.2,-6.1,-7.9,-8.6,-7.7,-5.8,654.6,655.5,656.2,656.4,656.0,655.4,654.4,654.2,658.0,655.8,654.0,653.5,654.5,656.3,658.2,656.1,654.0,653.1,653.7,655.6,655.6,655.7,656.1,656.4,656.6,656.5,656.2,655.8,694.6,695.9,697.6,698.7,698.6,697.3,695.6,694.6,694.9,694.2,694.2,695.2,697.7,701.1,704.3,700.8,697.4,695.0,693.9,694.1,696.4,696.9,697.7,698.2,698.3,697.8,697.0,696.5,368.8,30.2,825.5,0.001,0.101,-0.079
384,0,1656521719.823,0.98,1,-0.094126,0.071055,-0.993021,-0.245157,0.068447,-0.967064,-0.171,0.071,560.3,561.7,565.4,569.4,571.2,570.1,566.1,562.1,554.7,557.4,561.0,565.2,569.3,572.5,574.8,572.5,569.1,565.2,561.3,557.6,564.1,565.8,567.5,568.1,567.3,565.5,563.9,563.3,606.0,607.0,610.2,613.9,615.7,614.8,611.5,607.6,602.5,604.8,608.0,611.8,615.3,617.8,619.4,618.0,615.7,612.7,609.0,605.4,609.3,610.9,612.3,612.8,612.0,610.4,608.9,608.5,230.2,226.2,224.4,225.8,229.7,234.1,235.5,234.1,232.1,230.0,228.5,227.6,228.1,229.7,231.9,233.2,233.8,234.2,234.1,233.5,231.9,232.5,231.8,230.0,228.3,227.7,228.4,230.2,228.2,224.4,222.7,224.0,227.6,231.4,233.1,232.1,230.7,228.3,226.5,225.6,226.1,227.3,229.2,230.6,231.4,231.8,231.8,231.7,229.8,230.3,229.6,227.9,226.4,225.8,226.5,228.2,258.6,260.4,264.8,269.2,271.0,269.5,264.7,260.4,253.8,255.9,259.1,263.4,268.3,272.5,275.7,272.3,267.8,263.3,259.3,256.0,263.1,265.0,266.9,267.7,266.9,265.0,263.1,262.3,326.5,328.2,332.8,337.5,339.6,337.8,333.3,328.3,322.6,325.0,328.5,333.4,338.6,343.2,346.6,343.3,339.0,334.3,329.6,325.5,331.2,333.2,335.2,336.0,335.1,333.0,331.0,330.3,-3.2,-7.6,-9.5,-7.9,-3.7,1.0,2.6,1.0,-1.1,-3.4,-5.1,-6.0,-5.4,-3.8,-1.4,0.1,0.7,1.1,1.0,0.4,-1.4,-0.7,-1.5,-3.4,-5.3,-6.0,-5.1,-3.2,-5.7,-10.0,-12.1,-10.6,-6.4,-2.1,-0.1,-1.2,-2.9,-5.6,-7.6,-8.7,-8.2,-6.8,-4.6,-2.9,-2.0,-1.6,-1.5,-1.7,-3.9,-3.3,-4.1,-6.0,-7.8,-8.5,-7.6,-5.7,652.4,653.3,654.0,654.2,653.8,653.2,652.2,652.0,655.8,653.6,651.8,651.3,652.3,654.1,656.0,653.9,651.8,650.9,651.5,653.4,653.4,653.5,653.8,654.2,654.4,654.3,654.0,653.6,691.5,692.8,694.5,695.6,695.5,694.2,692.5,691.5,691.8,691.2,691.1,692.1,694.6,698.0,701.2,697.7,694.3,691.9,690.8,691.1,693.4,693.8,694.6,695.1,695.2,694.7,694.0,693.4,369.0,30.3,826.1,-0.001,0.104,-0.080
385,0,1656521719.856,0.98,1,-0.096348,0.071103,-0.992805,-0.244496,0.069026,-0.967190,-0.172,0.071,560.2,561.6,565.4,569.3,571.2,570.0,566.0,562.0,554.7,557.3,560.9,565.2,569.3,572.4,574.7,572.4,569.0,565.2,561.2,557.5,564.0,565.8,567.4,568.0,567.2,565.5,563.8,563.2,606.0,607.0,610.2,613.9,615.7,614.7,611.5,607.6,602.5,604.8,608.0,611.8,615.3,617.8,619.4,618.0,615.7,612.6,609.0,605.3,609.3,610.9,612.3,612.8,611.9,610.4,608.9,608.5,230.2,226.2,224.3,225.8,229.7,234.0,235.5,234.0,232.1,230.0,228.5,227.6,228.1,229.6,231.8,233.2,233.8,234.1,234.1,233.5,231.9,232.5,231.7,230.0,228.3,227.6,228.4,230.2,228.2,224.4,222.7,224.0,227.6,231.4,233.1,232.1,230.6,228.3,226.5,225.6,226.1,227.3,229.2,230.6,231.4,231.8,231.8,231.6,229.7,230.3,229.6,227.9,226.4,225.8,226.5,228.2,258.9,260.7,265.1,269.5,271.3,269.8,265.0,260.7,254.2,256.2,259.4,263.7,268.6,272.8,276.0,272.7,268.2,263.6,259.6,256.3,263.4,265.3,267.2,268.0,267.2,265.3,263.4,262.6,326.8,328.5,333.1,337.8,339.9,338.1,333.5,328.6,322.9,325.3,328.8,333.7,338.9,343.5,346.9,343.6,339.3,334.6,329.9,325.8,331.5,333.5,335.5,336.3,335.4,333.3,331.3,330.5,-3.2,-7.6,-9.6,-8.0,-3.8,0.9,2.5,1.0,-1.2,-3.4,-5.1,-6.0,-5.5,-3.8,-1.5,0.0,0.7,1.1,1.0,0.4,-1.4,-0.7,-1.6,-3.5,-5.3,-6.0,-5.2,-3.2,-5.7,-10.1,-12.1,-10.6,-6.4,-2.1,-0.1,-1.2,-2.9,-5.6,-7.7,-8.7,-8.2,-6.8,-4.6,-2.9,-2.0,-1.6,-1.5,-1.7,-3.9,-3.3,-4.1,-6.0,-7.9,-8.5,-7.6,-5.7,653.4,654.3,655.0,655.1,654.7,654.1,653.2,653.0,656.8,654.6,652.8,652.2,653.2,655.0,656.9,654.8,652.8,651.9,652.5,654.4,654.4,654.5,654.8,655.2,655.4,655.3,655.0,654.6,692.2,693.5,695.2,696.3,696.2,694.9,693.2,692.2,692.5,691.8,691.7,692.8,695.3,698.6,701.9,698.4,695.0,692.6,691.5,691.7,694.0,694.5,695.3,695.8,695.9,695.4,694.6,694.1,369.0,30.3,826.2,-0.002,0.105,-0.080
386,0,1656521719.889,0.98,1,-0.097267,0.073035,-0.992575,-0.245741,0.071121,-0.966723,-0.173,0.073,560.1,561.4,565.2,569.2,571.0,569.9,565.9,561.9,554.5,557.2,560.8,565.0,569.1,572.3,574.6,572.3,568.9,565.0,561.1,557.4,563.9,565.6,567.3,567.9,567.1,565.3,563.7,563.1,605.9,606.9,610.2,613.8,615.7,614.7,611.4,607.5,602.4,604.7,607.9,611.8,615.2,617.7,619.3,618.0,615.6,612.6,608.9,605.3,609.2,610.8,612.3,612.7,611.9,610.3,608.9,608.4,230.1,226.1,224.3,225.7,229.6,234.0,235.5,234.0,232.1,230.0,228.4,227.6,228.1,229.6,231.8,233.1,233.7,234.1,234.0,233.4,231.8,232.5,231.7,229.9,228.2,227.6,228.4,230.1,228.1,224.3,222.6,223.9,227.5,231.3,233.0,232.0,230.5,228.2,226.4,225.5,226.0,227.2,229.1,230.5,231.3,231.7,231.7,231.5,229.6,230.2,229.5,227.8,226.2,225.7,226.4,228.1,258.2,260.0,264.4,268.8,270.6,269.2,264.4,260.0,253.5,255.6,258.8,263.1,268.0,272.1,275.4,272.0,267.5,263.0,258.9,255.7,262.7,264.7,266.6,267.4,266.6,264.7,262.8,262.0,326.0,327.7,332.3,337.0,339.1,337.3,332.7,327.8,322.1,324.4,328.0,332.9,338.1,342.7,346.1,342.8,338.5,333.8,329.1,325.0,330.7,332.7,334.7,335.5,334.6,332.5,330.5,329.7,-3.3,-7.7,-9.6,-8.1,-3.8,0.9,2.5,0.9,-1.2,-3.5,-5.1,-6.0,-5.5,-3.9,-1.5,-0.0,0.6,1.0,0.9,0.3,-1.5,-0.8,-1.6,-3.5,-5.4,-6.1,-5.2,-3.3,-5.9,-10.2,-12.2,-10.7,-6.5,-2.2,-0.2,-1.4,-3.1,-5.7,-7.8,-8.8,-8.3,-6.9,-4.7,-3.1,-2.1,-1.7,-1.7,-1.9,-4.1,-3.4,-4.3,-6.2,-8.0,-8.6,-7.8,-5.9,652.2,653.0,653.7,653.9,653.5,652.9,651.9,651.7,655.5,653.3,651.5,651.0,652.0,653.8,655.7,653.6,651.5,650.6,651.3,653.1,653.2,653.2,653.6,653.9,654.1,654.0,653.7,653.4,690.7,691.9,693.6,694.7,694.6,693.3,691.7,690.7,690.9,690.3,690.2,691.2,693.7,697.1,700.3,696.8,693.5,691.0,689.9,690.2,692.5,693.0,693.7,694.3,694.3,693.8,693.1,692.5,368.3,30.1,825.1,0.002,0.107,-0.080
387,0,1656521719.923,0.98,1,-0.093900,0.077573,-0.992555,-0.246089,0.076908,-0.966191,-0.172,0.079,560.2,561.5,565.3,569.3,571.1,570.0,566.0,562.0,554.6,557.3,560.9,565.1,569.2,572.4,574.7,572.4,569.0,565.1,561.2,557.5,564.0,565.7,567.4,568.0,567.2,565.4,563.8,563.2,605.9,606.9,610.2,613.8,615.6,614.6,611.4,607.5,602.4,604.7,607.9,611.7,615.2,617.7,619.3,617.9,615.6,612.5,608.9,605.3,609.2,610.8,612.2,612.7,611.9,610.3,608.9,608.4,230.6,226.6,224.8,226.2,230.1,234.5,236.0,234.5,232.5,230.5,229.0,228.1,228.6,230.1,232.2,233.6,234.2,234.6,234.5,233.9,232.3,233.0,232.2,230.4,228.7,228.1,228.9,230.6,228.5,224.8,223.0,224.3,227.9,231.7,233.4,232.4,230.9,228.6,226.9,226.0,226.4,227.6,229.5,230.9,231.7,232.1,232.1,232.0,230.1,230.6,229.9,228.2,226.7,226.1,226.9,228.5,258.5,260.3,264.7,269.1,270.9,269.5,264.7,260.3,253.8,255.8,259.1,263.4,268.3,272.5,275.7,272.4,267.9,263.3,259.3,256.0,263.0,265.0,266.9,267.7,266.9,265.0,263.0,262.2,327.9,329.7,334.2,338.9,341.0,339.3,334.7,329.8,324.1,326.4,330.0,334.9,340.1,344.6,348.1,344.8,340.5,335.7,331.1,327.0,332.6,334.7,336.7,337.5,336.5,334.5,332.5,331.7,-2.7,-7.1,-9.1,-7.5,-3.3,1.4,3.0,1.5,-0.7,-2.9,-4.5,-5.4,-4.9,-3.4,-1.0,0.5,1.1,1.5,1.5,0.8,-0.9,-0.2,-1.1,-3.0,-4.8,-5.5,-4.7,-2.8,-5.4,-9.7,-11.7,-10.2,-6.1,-1.7,0.3,-0.9,-2.6,-5.2,-7.3,-8.3,-7.8,-6.5,-4.3,-2.6,-1.7,-1.2,-1.2,-1.4,-3.6,-2.9,-3.8,-5.7,-7.5,-8.2,-7.3,-5.4,652.7,653.5,654.2,654.4,654.0,653.5,652.5,652.3,656.0,653.8,652.0,651.5,652.5,654.3,656.3,654.2,652.1,651.2,651.8,653.6,653.7,653.8,654.1,654.5,654.7,654.6,654.2,653.9,694.9,696.1,697.7,698.8,698.7,697.5,695.9,694.9,695.2,694.5,694.4,695.4,697.9,701.2,704.4,701.0,697.6,695.2,694.1,694.4,696.7,697.2,697.9,698.4,698.5,698.0,697.3,696.7,369.7,30.3,828.0,0.004,0.104,-0.079
388,0,1656521719.956,0.98,1,-0.091773,0.079634,-0.992591,-0.243353,0.078743,-0.966736,-0.169,0.081,560.1,561.5,565.3,569.2,571.1,570.0,565.9,562.0,554.5,557.2,560.9,565.1,569.2,572.3,574.6,572.3,569.0,565.1,561.1,557.4,563.9,565.7,567.3,567.9,567.1,565.4,563.7,563.1,605.9,607.0,610.2,613.8,615.7,614.7,611.4,607.5,602.4,604.8,608.0,611.8,615.2,617.7,619.3,618.0,615.6,612.6,608.9,605.3,609.3,610.8,612.3,612.7,611.9,610.3,608.9,608.5,230.9,226.8,225.0,226.5,230.4,234.7,236.2,234.7,232.7,230.7,229.3,228.4,228.9,230.3,232.4,233.8,234.4,234.8,234.7,234.1,232.6,233.2,232.4,230.6,228.9,228.3,229.1,230.9,228.9,225.1,223.4,224.7,228.3,232.1,233.8,232.8,231.2,229.0,227.3,226.4,226.9,228.0,229.9,231.3,232.1,232.4,232.4,232.2,230.4,231.0,230.3,228.6,227.0,226.5,227.2,228.9,259.0,260.8,265.2,269.6,271.4,270.0,265.2,260.8,254.2,256.3,259.5,263.9,268.7,272.9,276.2,272.9,268.3,263.8,259.7,256.5,263.5,265.5,267.4,268.2,267.4,265.5,263.5,262.7,328.2,330.0,334.5,339.3,341.3,339.6,335.0,330.0,324.3,326.7,330.3,335.2,340.4,344.9,348.4,345.1,340.7,336.0,331.3,327.2,332.9,335.0,337.0,337.7,336.8,334.8,332.8,332.0,-2.5,-6.9,-8.9,-7.3,-3.0,1.7,3.3,1.7,-0.5,-2.7,-4.2,-5.1,-4.6,-3.1,-0.8,0.7,1.3,1.7,1.7,1.0,-0.7,0.0,-0.8,-2.7,-4.6,-5.3,-4.4,-2.5,-5.0,-9.3,-11.3,-9.8,-5.6,-1.3,0.7,-0.5,-2.3,-4.8,-6.8,-7.8,-7.3,-6.0,-3.9,-2.2,-1.3,-0.8,-0.9,-1.1,-3.2,-2.5,-3.4,-5.3,-7.1,-7.8,-6.9,-5.0,654.0,654.8,655.5,655.8,655.4,654.8,653.8,653.6,657.4,655.1,653.3,652.8,653.8,655.6,657.6,655.5,653.4,652.5,653.1,655.0,655.0,655.1,655.4,655.8,656.0,655.9,655.5,655.2,695.4,696.6,698.2,699.4,699.3,698.0,696.4,695.4,695.7,695.0,694.9,695.9,698.4,701.7,705.0,701.5,698.2,695.7,694.7,694.9,697.2,697.7,698.4,698.9,699.0,698.5,697.8,697.2,368.9,30.5,826.4,-0.001,0.101,-0.076
389,0,1656521719.989,0.98,1,-0.089567,0.077898,-0.992930,-0.244208,0.077992,-0.966582,-0.169,0.079,560.0,561.4,565.2,569.2,571.0,569.9,565.9,561.9,554.4,557.1,560.8,565.0,569.1,572.3,574.6,572.3,568.9,565.0,561.0,557.3,563.9,565.6,567.3,567.9,567.0,565.3,563.6,563.0,605.8,606.8,610.0,613.7,615.5,614.5,611.3,607.4,602.3,604.6,607.8,611.6,615.1,617.6,619.2,617.8,615.5,612.4,608.8,605.1,609.1,610.7,612.1,612.6,611.7,610.2,608.7,608.3,230.9,226.9,225.1,226.6,230.5,234.8,236.3,234.8,232.8,230.8,229.3,228.5,228.9,230.4,232.5,233.9,234.5,234.9,234.8,234.2,232.6,233.3,232.5,230.7,229.0,228.4,229.2,230.9,228.9,225.1,223.4,224.7,228.2,232.0,233.7,232.8,231.2,228.9,227.2,226.3,226.8,227.9,229.8,231.2,232.0,232.4,232.4,232.3,230.4,231.0,230.2,228.6,227.0,226.4,227.2,228.8,257.8,259.6,264.0,268.4,270.3,268.8,264.0,259.6,253.0,255.1,258.4,262.7,267.6,271.8,275.0,271.7,267.2,262.6,258.5,255.3,262.3,264.3,266.2,267.0,266.2,264.3,262.3,261.5,327.8,329.5,334.1,338.8,340.9,339.1,334.6,329.6,323.9,326.3,329.8,334.7,339.9,344.5,347.9,344.7,340.3,335.6,330.9,326.8,332.5,334.5,336.5,337.3,336.4,334.3,332.3,331.6,-2.4,-6.8,-8.8,-7.2,-2.9,1.8,3.4,1.8,-0.4,-2.6,-4.2,-5.1,-4.6,-3.0,-0.7,0.8,1.4,1.8,1.8,1.1,-0.6,0.1,-0.7,-2.6,-4.5,-5.2,-4.3,-2.4,-5.0,-9.3,-11.4,-9.9,-5.7,-1.3,0.7,-0.5,-2.2,-4.9,-6.9,-7.9,-7.4,-6.1,-4.0,-2.2,-1.3,-0.8,-0.8,-1.0,-3.2,-2.5,-3.4,-5.3,-7.1,-7.8,-6.9,-5.0,651.2,652.0,652.8,653.1,652.7,652.1,651.1,650.8,654.5,652.3,650.6,650.0,651.1,653.0,654.9,652.8,650.7,649.8,650.4,652.2,652.3,652.4,652.7,653.1,653.2,653.1,652.8,652.4,694.8,696.0,697.7,698.8,698.7,697.5,695.9,694.9,695.2,694.5,694.3,695.3,697.8,701.2,704.4,701.0,697.6,695.2,694.1,694.4,696.7,697.1,697.9,698.4,698.4,697.9,697.2,696.7,369.2,30.5,827.4,0.002,0.100,-0.077
390,0,1656521720.023,0.98,1,-0.091111,0.078743,-0.992723,-0.244706,0.077927,-0.966461,-0.170,0.080,560.0,561.4,565.2,569.2,571.1,569.9,565.9,561.9,554.4,557.1,560.8,565.0,569.1,572.3,574.6,572.3,568.9,565.0,561.0,557.3,563.9,565.6,567.3,567.9,567.1,565.3,563.7,563.1,605.9,606.9,610.2,613.8,615.7,614.7,611.4,607.5,602.4,604.8,607.9,611.8,615.2,617.8,619.4,618.0,615.6,612.6,608.9,605.3,609.2,610.8,612.3,612.7,611.9,610.3,608.9,608.4,231.0,226.9,225.1,226.6,230.5,234.9,236.4,234.9,232.8,230.8,229.3,228.5,229.0,230.4,232.6,234.0,234.6,234.9,234.9,234.3,232.7,233.3,232.5,230.8,229.0,228.4,229.2,231.0,229.0,225.2,223.5,224.8,228.4,232.2,233.9,232.9,231.4,229.1,227.3,226.5,226.9,228.1,230.0,231.4,232.2,232.6,232.6,232.4,230.6,231.1,230.4,228.7,227.2,226.6,227.3,229.0,257.0,258.8,263.2,267.6,269.5,268.0,263.3,258.9,252.3,254.3,257.6,261.9,266.8,271.0,274.2,270.9,266.4,261.8,257.8,254.5,261.6,263.5,265.4,266.2,265.4,263.5,261.6,260.8,326.8,328.6,333.1,337.9,339.9,338.2,333.6,328.7,323.0,325.3,328.9,333.8,339.0,343.6,347.0,343.7,339.4,334.6,330.0,325.9,331.5,333.6,335.6,336.4,335.4,333.4,331.4,330.6,-2.4,-6.7,-8.7,-7.1,-2.9,1.8,3.5,1.9,-0.3,-2.6,-4.1,-5.0,-4.5,-2.9,-0.6,0.9,1.5,1.9,1.8,1.2,-0.5,0.2,-0.7,-2.6,-4.4,-5.1,-4.3,-2.4,-4.8,-9.1,-11.2,-9.6,-5.5,-1.1,0.9,-0.3,-2.0,-4.7,-6.7,-7.7,-7.2,-5.9,-3.7,-2.0,-1.1,-0.6,-0.6,-0.8,-3.0,-2.3,-3.2,-5.1,-6.9,-7.6,-6.7,-4.8,649.3,650.1,650.8,651.0,650.6,650.1,649.1,648.9,652.6,650.4,648.6,648.1,649.1,650.9,652.9,650.8,648.7,647.8,648.4,650.3,650.3,650.4,650.7,651.1,651.3,651.1,650.8,650.5,692.5,693.7,695.4,696.5,696.4,695.2,693.5,692.6,692.8,692.2,692.0,693.0,695.5,698.8,702.1,698.6,695.3,692.9,691.8,692.1,694.3,694.8,695.5,696.1,696.1,695.6,694.9,694.4,369.1,30.5,827.0,0.002,0.101,-0.076
391,0,1656521720.056,0.98,1,-0.088718,0.080454,-0.992802,-0.243065,0.080366,-0.966675,-0.168,0.082,560.0,561.4,565.2,569.1,571.0,569.9,565.8,561.9,554.4,557.1,560.7,565.0,569.1,572.3,574.5,572.2,568.9,565.0,561.0,557.3,563.8,565.6,567.2,567.8,567.0,565.3,563.6,563.0,605.9,606.9,610.1,613.7,615.6,614.6,611.3,607.4,602.4,604.7,607.9,611.7,615.1,617.6,619.2,617.9,615.5,612.5,608.9,605.2,609.2,610.8,612.2,612.6,611.8,610.2,608.8,608.4,231.2,227.1,225.3,226.8,230.7,235.0,236.5,235.1,233.1,231.0,229.5,228.7,229.2,230.6,232.7,234.1,234.7,235.1,235.0,234.5,232.9,233.5,232.7,230.9,229.2,228.6,229.4,231.2,229.0,225.2,223.5,224.8,228.4,232.1,233.9,232.9,231.4,229.1,227.3,226.5,226.9,228.1,229.9,231.4,232.2,232.6,232.6,232.4,230.5,231.1,230.4,228.7,227.1,226.6,227.3,229.0,257.7,259.5,263.9,268.3,270.1,268.7,264.0,259.6,252.9,255.0,258.2,262.6,267.4,271.6,274.9,271.6,267.1,262.5,258.5,255.2,262.2,264.2,266.1,266.9,266.1,264.1,262.2,261.4,328.3,330.0,334.6,339.3,341.4,339.7,335.1,330.1,324.5,326.8,330.4,335.3,340.5,345.0,348.5,345.2,340.9,336.1,331.5,327.4,333.0,335.1,337.1,337.8,336.9,334.8,332.9,332.1,-2.1,-6.5,-8.5,-6.9,-2.7,2.0,3.7,2.1,-0.1,-2.3,-3.9,-4.8,-4.3,-2.8,-0.5,1.0,1.7,2.1,2.0,1.4,-0.3,0.4,-0.5,-2.4,-4.3,-5.0,-4.1,-2.2,-4.8,-9.2,-11.2,-9.7,-5.5,-1.2,0.8,-0.3,-2.1,-4.7,-6.7,-7.7,-7.2,-5.9,-3.8,-2.1,-1.1,-0.7,-0.7,-0.9,-3.0,-2.4,-3.3,-5.2,-7.0,-7.6,-6.8,-4.9,651.1,651.8,652.6,652.8,652.5,652.0,651.0,650.7,654.4,652.2,650.4,649.8,650.9,652.7,654.7,652.6,650.6,649.6,650.2,652.0,652.1,652.2,652.5,652.9,653.0,652.9,652.6,652.3,695.8,697.0,698.6,699.7,699.6,698.5,696.8,695.8,696.1,695.4,695.3,696.2,698.8,702.1,705.4,701.9,698.6,696.1,695.1,695.4,697.6,698.1,698.8,699.3,699.4,698.9,698.2,697.6,369.7,30.5,828.4,0.002,0.100,-0.080
392,0,1656521720.089,0.98,1,-0.088267,0.077972,-0.993040,-0.243293,0.077506,-0.966851,-0.168,0.079,560.1,561.4,565.2,569.2,571.1,569.9,565.9,561.9,554.4,557.1,560.8,565.0,569.1,572.3,574.6,572.3,568.9,565.1,561.1,557.3,563.9,565.6,567.3,567.9,567.1,565.3,563.7,563.1,605.9,606.9,610.2,613.8,615.6,614.6,611.3,607.4,602.4,604.7,607.9,611.7,615.2,617.7,619.3,617.9,615.6,612.5,608.9,605.2,609.2,610.8,612.2,612.7,611.8,610.3,608.8,608.4,231.1,227.1,225.3,226.7,230.6,235.0,236.5,235.0,233.0,231.0,229.5,228.7,229.1,230.6,232.7,234.1,234.7,235.1,235.0,234.4,232.8,233.5,232.7,230.9,229.2,228.6,229.4,231.1,229.0,225.3,223.6,224.9,228.5,232.2,234.0,233.0,231.4,229.1,227.4,226.6,227.0,228.2,230.0,231.4,232.2,232.6,232.6,232.5,230.6,231.2,230.4,228.8,227.2,226.6,227.4,229.0,257.6,259.4,263.8,268.2,270.1,268.6,263.8,259.4,252.8,254.9,258.1,262.5,267.3,271.5,274.8,271.5,267.0,262.4,258.3,255.0,262.1,264.1,266.0,266.8,266.0,264.0,262.1,261.3,327.3,329.0,333.6,338.3,340.4,338.7,334.1,329.1,323.4,325.8,329.4,334.3,339.5,344.0,347.5,344.2,339.9,335.1,330.5,326.4,332.0,334.1,336.1,336.8,335.9,333.9,331.9,331.1,-2.2,-6.6,-8.6,-7.0,-2.7,2.0,3.6,2.0,-0.2,-2.4,-3.9,-4.8,-4.3,-2.8,-0.5,1.0,1.6,2.1,2.0,1.3,-0.4,0.3,-0.5,-2.4,-4.3,-5.0,-4.1,-2.2,-4.7,-9.1,-11.1,-9.6,-5.4,-1.1,0.9,-0.2,-2.0,-4.6,-6.6,-7.6,-7.1,-5.8,-3.7,-2.0,-1.1,-0.6,-0.6,-0.8,-2.9,-2.3,-3.2,-5.1,-6.9,-7.6,-6.7,-4.8,650.6,651.4,652.2,652.4,652.1,651.5,650.5,650.3,653.9,651.7,650.0,649.4,650.5,652.4,654.3,652.2,650.1,649.2,649.8,651.6,651.7,651.8,652.1,652.5,652.6,652.5,652.2,651.8,693.6,694.8,696.5,697.6,697.5,696.3,694.7,693.7,693.9,693.3,693.1,694.1,696.6,700.0,703.2,699.8,696.4,694.0,692.9,693.2,695.5,695.9,696.7,697.2,697.2,696.7,696.0,695.5,368.9,30.6,826.6,-0.002,0.101,-0.078
393,0,1656521720.123,0.98,1,-0.085989,0.077857,-0.993249,-0.240518,0.077835,-0.967519,-0.165,0.079,560.1,561.5,565.2,569.2,571.1,570.0,565.9,562.0,554.5,557.2,560.8,565.0,569.1,572.3,574.6,572.3,569.0,565.1,561.1,557.4,563.9,565.7,567.3,567.9,567.1,565.3,563.7,563.1,605.9,606.9,610.2,613.8,615.6,614.6,611.3,607.4,602.4,604.7,607.9,611.7,615.2,617.7,619.2,617.9,615.6,612.5,608.9,605.2,609.2,610.8,612.2,612.6,611.8,610.3,608.8,608.4,231.2,227.2,225.3,226.8,230.7,235.0,236.6,235.1,233.1,231.1,229.6,228.8,229.2,230.6,232.7,234.1,234.7,235.1,235.1,234.5,232.9,233.5,232.7,231.0,229.3,228.6,229.4,231.2,229.1,225.3,223.6,224.9,228.5,232.3,234.0,233.0,231.4,229.2,227.5,226.6,227.1,228.2,230.0,231.5,232.3,232.7,232.7,232.5,230.6,231.2,230.5,228.8,227.3,226.7,227.4,229.1,258.3,260.1,264.5,268.9,270.8,269.4,264.6,260.2,253.5,255.6,258.8,263.2,268.0,272.3,275.5,272.2,267.7,263.1,259.1,255.7,262.9,264.8,266.7,267.5,266.7,264.7,262.8,262.0,328.6,330.4,334.9,339.6,341.7,340.0,335.4,330.4,324.7,327.1,330.7,335.6,340.8,345.3,348.8,345.5,341.2,336.4,331.8,327.7,333.3,335.4,337.4,338.1,337.2,335.2,333.2,332.4,-2.1,-6.5,-8.5,-6.9,-2.7,2.0,3.7,2.1,-0.1,-2.3,-3.9,-4.8,-4.3,-2.8,-0.5,1.0,1.7,2.1,2.0,1.4,-0.3,0.4,-0.5,-2.4,-4.2,-4.9,-4.1,-2.1,-4.7,-9.1,-11.1,-9.6,-5.4,-1.0,1.0,-0.2,-2.0,-4.6,-6.6,-7.6,-7.1,-5.8,-3.7,-2.0,-1.0,-0.6,-0.6,-0.8,-2.9,-2.3,-3.1,-5.0,-6.9,-7.5,-6.6,-4.7,652.3,653.1,653.8,654.1,653.8,653.2,652.2,651.9,655.6,653.4,651.6,651.1,652.2,654.1,656.0,653.9,651.8,650.9,651.5,653.3,653.4,653.5,653.8,654.2,654.3,654.2,653.9,653.5,696.3,697.5,699.2,700.3,700.2,699.0,697.4,696.4,696.7,696.0,695.8,696.8,699.4,702.7,706.0,702.5,699.2,696.7,695.6,695.9,698.2,698.7,699.4,699.9,699.9,699.5,698.7,698.2,369.2,30.7,827.1,-0.005,0.097,-0.078
394,0,1656521720.156,0.98,1,-0.087147,0.077180,-0.993201,-0.243007,0.076981,-0.966965,-0.167,0.078,560.1,561.4,565.2,569.2,571.1,570.0,565.9,561.9,554.4,557.1,560.8,565.0,569.2,572.3,574.6,572.3,569.0,565.1,561.1,557.3,563.9,565.6,567.3,567.9,567.1,565.3,563.7,563.1,605.9,606.9,610.1,613.7,615.6,614.6,611.3,607.4,602.4,604.7,607.9,611.7,615.2,617.7,619.3,617.9,615.6,612.5,608.9,605.2,609.2,610.8,612.2,612.6,611.8,610.2,608.8,608.4,231.2,227.1,225.3,226.8,230.7,235.0,236.6,235.1,233.1,231.0,229.6,228.7,229.2,230.6,232.7,234.1,234.7,235.1,235.0,234.4,232.9,233.5,232.7,231.0,229.2,228.6,229.4,231.2,229.1,225.3,223.6,224.9,228.5,232.3,234.0,233.0,231.5,229.2,227.5,226.6,227.0,228.2,230.0,231.5,232.3,232.6,232.7,232.5,230.6,231.2,230.5,228.8,227.2,226.7,227.4,229.1,257.4,259.2,263.6,268.0,269.9,268.5,263.7,259.2,252.6,254.7,257.9,262.3,267.1,271.4,274.6,271.3,266.8,262.2,258.1,254.8,261.9,263.9,265.8,266.6,265.8,263.8,261.9,261.1,327.5,329.2,333.8,338.5,340.6,338.9,334.3,329.3,323.6,326.0,329.6,334.5,339.7,344.2,347.7,344.4,340.1,335.3,330.7,326.6,332.2,334.3,336.3,337.0,336.1,334.0,332.1,331.3,-2.1,-6.5,-8.5,-6.9,-2.7,2.0,3.7,2.1,-0.1,-2.3,-3.9,-4.8,-4.3,-2.7,-0.5,1.0,1.7,2.1,2.0,1.4,-0.3,0.4,-0.5,-2.4,-4.2,-4.9,-4.1,-2.1,-4.7,-9.1,-11.1,-9.6,-5.4,-1.0,1.0,-0.2,-2.0,-4.6,-6.6,-7.6,-7.1,-5.8,-3.7,-2.0,-1.0,-0.6,-0.6,-0.8,-2.9,-2.3,-3.1,-5.0,-6.9,-7.5,-6.6,-4.7,650.1,650.9,651.6,651.9,651.5,651.0,650.0,649.7,653.4,651.2,649.4,648.9,650.0,651.8,653.8,651.7,649.6,648.7,649.2,651.1,651.2,651.3,651.6,652.0,652.1,652.0,651.7,651.3,694.1,695.3,696.9,698.0,698.0,696.7,695.1,694.1,694.4,693.7,693.6,694.6,697.1,700.4,703.7,700.2,696.8,694.4,693.4,693.6,695.9,696.4,697.1,697.6,697.7,697.2,696.5,695.9,369.0,30.7,826.7,-0.004,0.099,-0.077
395,0,1656521720.189,0.98,1,-0.085879,0.079425,-0.993135,-0.243163,0.079541,-0.966719,-0.166,0.081,560.0,561.4,565.2,569.2,571.0,569.9,565.8,561.8,554.3,557.1,560.7,565.0,569.1,572.3,574.5,572.3,568.9,565.0,561.0,557.3,563.8,565.6,567.2,567.8,567.0,565.3,563.6,563.0,605.9,607.0,610.2,613.8,615.7,614.7,611.4,607.5,602.5,604.8,608.0,611.8,615.2,617.8,619.3,618.0,615.6,612.6,609.0,605.3,609.3,610.8,612.3,612.7,611.9,610.3,608.9,608.5,231.2,227.1,225.3,226.8,230.7,235.1,236.6,235.1,233.1,231.1,229.6,228.8,229.2,230.7,232.7,234.1,234.7,235.1,235.1,234.5,232.9,233.6,232.8,231.0,229.3,228.6,229.4,231.2,229.1,225.3,223.6,224.9,228.5,232.3,234.0,233.0,231.5,229.2,227.5,226.6,227.1,228.2,230.0,231.5,232.3,232.7,232.7,232.5,230.6,231.2,230.5,228.8,227.3,226.7,227.4,229.1,256.9,258.7,263.1,267.6,269.4,268.0,263.2,258.8,252.1,254.2,257.5,261.8,266.7,270.9,274.2,270.8,266.3,261.8,257.7,254.4,261.5,263.4,265.3,266.1,265.3,263.4,261.5,260.7,328.5,330.2,334.8,339.5,341.6,339.8,335.3,330.3,324.6,327.0,330.6,335.5,340.7,345.2,348.7,345.4,341.0,336.3,331.6,327.5,333.2,335.3,337.3,338.0,337.1,335.0,333.0,332.3,-2.1,-6.5,-8.5,-6.9,-2.7,2.1,3.7,2.1,-0.1,-2.3,-3.8,-4.7,-4.2,-2.7,-0.4,1.1,1.7,2.1,2.0,1.4,-0.3,0.4,-0.4,-2.4,-4.2,-4.9,-4.0,-2.1,-4.7,-9.0,-11.1,-9.6,-5.4,-1.0,1.0,-0.2,-2.0,-4.6,-6.6,-7.6,-7.1,-5.8,-3.7,-2.0,-1.0,-0.6,-0.6,-0.8,-2.9,-2.2,-3.1,-5.0,-6.9,-7.5,-6.6,-4.7,649.2,650.0,650.7,651.0,650.6,650.1,649.1,648.8,652.5,650.3,648.5,648.0,649.1,650.9,652.9,650.8,648.7,647.8,648.3,650.1,650.2,650.4,650.7,651.0,651.2,651.1,650.7,650.4,696.0,697.1,698.8,699.9,699.8,698.6,697.0,696.0,696.3,695.6,695.4,696.4,698.9,702.2,705.5,702.1,698.7,696.3,695.2,695.5,697.8,698.3,699.0,699.5,699.5,699.0,698.3,697.8,369.2,30.6,827.3,-0.002,0.098,-0.077
396,0,1656521720.223,0.98,1,-0.086062,0.078578,-0.993186,-0.243225,0.078300,-0.966804,-0.166,0.080,560.0,561.4,565.2,569.2,571.0,569.9,565.9,561.9,554.4,557.1,560.8,565.0,569.1,572.3,574.5,572.2,568.9,565.0,561.0,557.3,563.8,565.6,567.2,567.8,567.0,565.3,563.6,563.0,605.9,606.9,610.1,613.8,615.6,614.6,611.3,607.4,602.4,604.7,607.9,611.7,615.2,617.7,619.3,617.9,615.6,612.5,608.9,605.2,609.2,610.8,612.2,612.6,611.8,610.3,608.8,608.4,231.2,227.2,225.4,226.8,230.7,235.1,236.6,235.1,233.1,231.1,229.6,228.8,229.2,230.7,232.8,234.2,234.8,235.2,235.1,234.5,232.9,233.6,232.8,231.0,229.3,228.7,229.5,231.2,229.1,225.3,223.6,224.9,228.5,232.2,234.0,233.0,231.5,229.2,227.5,226.6,227.0,228.2,230.0,231.5,232.3,232.7,232.7,232.5,230.6,231.2,230.5,228.8,227.2,226.7,227.4,229.1,257.6,259.4,263.8,268.3,270.1,268.7,263.9,259.5,252.8,254.9,258.2,262.5,267.4,271.6,274.9,271.5,267.0,262.5,258.4,255.1,262.2,264.1,266.0,266.8,266.0,264.1,262.2,261.4,328.7,330.4,335.0,339.7,341.8,340.0,335.5,330.5,324.8,327.2,330.8,335.6,340.8,345.4,348.9,345.6,341.2,336.5,331.8,327.7,333.4,335.4,337.4,338.2,337.3,335.2,333.2,332.5,-2.1,-6.5,-8.5,-6.9,-2.6,2.1,3.7,2.1,-0.1,-2.2,-3.8,-4.7,-4.2,-2.7,-0.4,1.1,1.7,2.2,2.1,1.5,-0.2,0.4,-0.4,-2.3,-4.2,-4.9,-4.0,-2.1,-4.7,-9.1,-11.1,-9.6,-5.4,-1.1,0.9,-0.2,-2.0,-4.6,-6.6,-7.6,-7.1,-5.8,-3.7,-2.0,-1.0,-0.6,-0.6,-0.8,-2.9,-2.3,-3.1,-5.1,-6.9,-7.5,-6.6,-4.7,650.8,651.6,652.4,652.7,652.3,651.8,650.8,650.5,654.2,652.0,650.2,649.7,650.8,652.6,654.6,652.5,650.4,649.4,650.0,651.8,651.9,652.0,652.4,652.7,652.9,652.8,652.4,652.1,696.5,697.7,699.3,700.4,700.4,699.2,697.5,696.6,696.8,696.2,696.0,697.0,699.5,702.8,706.1,702.6,699.3,696.8,695.8,696.1,698.3,698.8,699.5,700.0,700.1,699.6,698.9,698.4,369.6,30.6,828.3,-0.001,0.098,-0.077
397,0,1656521720.256,0.98,1,-0.087860,0.078925,-0.993001,-0.243094,0.078837,-0.966794,-0.167,0.080,560.0,561.4,565.2,569.2,571.0,569.9,565.8,561.8,554.4,557.1,560.7,565.0,569.1,572.3,574.6,572.3,568.9,565.0,561.0,557.3,563.8,565.6,567.2,567.8,567.0,565.3,563.6,563.0,605.9,606.9,610.2,613.8,615.6,614.6,611.3,607.4,602.4,604.7,607.9,611.7,615.2,617.7,619.3,617.9,615.6,612.5,608.9,605.2,609.2,610.8,612.2,612.7,611.9,610.3,608.8,608.4,231.2,227.1,225.3,226.8,230.7,235.1,236.6,235.1,233.1,231.0,229.6,228.7,229.2,230.6,232.8,234.2,234.7,235.1,235.1,234.5,232.9,233.5,232.7,231.0,229.3,228.6,229.4,231.2,229.1,225.3,223.6,224.9,228.5,232.3,234.0,233.0,231.5,229.2,227.4,226.6,227.0,228.2,230.0,231.5,232.3,232.7,232.7,232.5,230.6,231.2,230.5,228.8,227.2,226.7,227.4,229.1,256.9,258.7,263.1,267.5,269.4,267.9,263.2,258.7,252.1,254.2,257.4,261.8,266.7,270.9,274.1,270.8,266.3,261.7,257.6,254.3,261.4,263.4,265.3,266.1,265.3,263.4,261.4,260.6,327.4,329.2,333.7,338.4,340.5,338.8,334.2,329.3,323.6,325.9,329.5,334.4,339.6,344.1,347.6,344.3,340.0,335.3,330.6,326.5,332.1,334.2,336.2,337.0,336.0,334.0,332.0,331.2,-2.1,-6.5,-8.5,-6.9,-2.7,2.1,3.7,2.1,-0.1,-2.3,-3.9,-4.8,-4.3,-2.7,-0.4,1.1,1.7,2.1,2.0,1.4,-0.3,0.4,-0.4,-2.4,-4.2,-4.9,-4.0,-2.1,-4.7,-9.1,-11.1,-9.6,-5.4,-1.0,1.0,-0.2,-2.0,-4.6,-6.6,-7.6,-7.1,-5.8,-3.7,-2.0,-1.0,-0.5,-0.5,-0.8,-2.9,-2.3,-3.1,-5.0,-6.9,-7.5,-6.6,-4.7,649.0,649.8,650.6,650.8,650.5,650.0,648.9,648.7,652.4,650.2,648.4,647.8,648.9,650.8,652.7,650.7,648.6,647.6,648.2,650.0,650.1,650.2,650.6,650.9,651.1,650.9,650.6,650.3,693.8,695.0,696.7,697.8,697.7,696.5,694.9,693.9,694.2,693.5,693.3,694.3,696.8,700.2,703.4,700.0,696.6,694.2,693.2,693.4,695.7,696.2,696.9,697.4,697.4,696.9,696.2,695.7,369.6,30.6,828.3,-0.000,0.100,-0.077
398,0,1656521720.290,0.98,1,-0.093943,0.079674,-0.992384,-0.246203,0.079396,-0.965961,-0.172,0.081,560.0,561.3,565.1,569.1,570.9,569.8,565.8,561.8,554.4,557.1,560.7,564.9,569.0,572.2,574.5,572.2,568.8,565.0,561.0,557.3,563.8,565.5,567.2,567.8,567.0,565.2,563.6,563.0,605.7,606.7,610.0,613.6,615.4,614.4,611.2,607.3,602.2,604.6,607.7,611.5,615.0,617.5,619.1,617.7,615.4,612.3,608.7,605.1,609.0,610.6,612.0,612.5,611.7,610.1,608.7,608.2,231.1,227.0,225.2,226.7,230.5,234.9,236.4,235.0,232.9,230.9,229.4,228.6,229.1,230.5,232.6,234.0,234.6,235.0,234.9,234.3,232.7,233.4,232.6,230.8,229.1,228.5,229.3,231.0,228.9,225.2,223.4,224.7,228.3,232.1,233.8,232.8,231.3,229.0,227.3,226.4,226.8,228.0,229.8,231.3,232.1,232.5,232.5,232.3,230.4,231.0,230.3,228.6,227.1,226.5,227.2,228.9,258.8,260.6,265.0,269.4,271.2,269.8,265.0,260.6,254.1,256.1,259.3,263.6,268.5,272.7,276.0,272.6,268.1,263.6,259.5,256.3,263.3,265.3,267.2,268.0,267.2,265.2,263.3,262.5,328.6,330.3,334.9,339.6,341.7,340.0,335.4,330.4,324.8,327.1,330.7,335.6,340.8,345.3,348.8,345.5,341.2,336.4,331.8,327.7,333.3,335.4,337.4,338.1,337.2,335.2,333.2,332.4,-2.3,-6.7,-8.7,-7.1,-2.9,1.9,3.5,1.9,-0.2,-2.4,-4.0,-4.9,-4.5,-2.9,-0.6,0.9,1.5,2.0,1.9,1.3,-0.4,0.2,-0.6,-2.6,-4.4,-5.1,-4.2,-2.3,-4.9,-9.3,-11.3,-9.8,-5.6,-1.3,0.7,-0.4,-2.2,-4.8,-6.8,-7.8,-7.3,-6.0,-3.9,-2.2,-1.3,-0.8,-0.8,-1.0,-3.1,-2.5,-3.4,-5.3,-7.1,-7.8,-6.9,-5.0,653.9,654.6,655.3,655.6,655.2,654.7,653.7,653.5,657.2,655.0,653.2,652.6,653.7,655.5,657.4,655.3,653.3,652.4,653.0,654.9,654.9,655.0,655.3,655.6,655.8,655.7,655.4,655.0,696.8,698.0,699.6,700.7,700.6,699.4,697.8,696.8,697.1,696.4,696.3,697.2,699.7,703.1,706.3,702.9,699.5,697.1,696.1,696.3,698.6,699.1,699.8,700.3,700.3,699.8,699.1,698.6,370.1,30.6,829.4,0.001,0.104,-0.080
399,0,1656521720.323,0.98,1,-0.090351,0.079999,-0.992692,-0.242657,0.079083,-0.966883,-0.168,0.081,560.0,561.3,565.1,569.1,570.9,569.8,565.8,561.8,554.4,557.1,560.7,564.9,569.0,572.2,574.5,572.2,568.8,564.9,561.0,557.3,563.8,565.5,567.2,567.8,567.0,565.2,563.6,563.0,605.8,606.8,610.1,613.7,615.5,614.5,611.2,607.3,602.3,604.6,607.8,611.6,615.1,617.6,619.2,617.8,615.5,612.4,608.8,605.1,609.1,610.7,612.1,612.5,611.7,610.2,608.7,608.3,231.2,227.1,225.3,226.8,230.7,235.0,236.6,235.1,233.0,231.0,229.6,228.8,229.2,230.6,232.7,234.1,234.7,235.1,235.0,234.4,232.9,233.5,232.7,231.0,229.2,228.6,229.4,231.2,229.1,225.4,223.6,225.0,228.6,232.3,234.0,233.0,231.5,229.2,227.5,226.7,227.1,228.3,230.1,231.5,232.3,232.7,232.7,232.5,230.7,231.3,230.5,228.9,227.3,226.7,227.5,229.1,258.2,260.0,264.4,268.8,270.7,269.3,264.5,260.1,253.5,255.5,258.8,263.1,268.0,272.2,275.5,272.1,267.6,263.1,259.0,255.7,262.8,264.7,266.6,267.4,266.6,264.7,262.8,262.0,327.7,329.4,334.0,338.7,340.8,339.0,334.5,329.5,323.8,326.2,329.8,334.7,339.9,344.4,347.9,344.6,340.2,335.5,330.8,326.7,332.4,334.4,336.4,337.2,336.3,334.2,332.2,331.5,-2.1,-6.5,-8.5,-6.9,-2.7,2.0,3.7,2.1,-0.1,-2.3,-3.9,-4.8,-4.3,-2.7,-0.5,1.0,1.7,2.1,2.0,1.4,-0.3,0.4,-0.5,-2.4,-4.3,-4.9,-4.1,-2.2,-4.7,-9.0,-11.0,-9.5,-5.3,-1.0,1.0,-0.2,-2.0,-4.5,-6.5,-7.5,-7.0,-5.7,-3.6,-1.9,-1.0,-0.5,-0.5,-0.8,-2.9,-2.2,-3.1,-5.0,-6.8,-7.5,-6.6,-4.7,652.5,653.3,654.0,654.3,653.9,653.4,652.4,652.2,655.9,653.7,651.8,651.3,652.4,654.2,656.2,654.1,652.0,651.1,651.7,653.5,653.6,653.7,654.0,654.3,654.5,654.4,654.1,653.7,694.6,695.8,697.5,698.6,698.5,697.3,695.7,694.7,694.9,694.3,694.1,695.1,697.6,701.0,704.3,700.8,697.4,695.0,693.9,694.2,696.5,697.0,697.7,698.2,698.2,697.7,697.0,696.5,369.2,30.6,827.3,-0.003,0.103,-0.079
400,0,1656521720.356,0.98,1,-0.090252,0.080266,-0.992679,-0.243855,0.079806,-0.966523,-0.169,0.082,560.0,561.3,565.1,569.1,570.9,569.8,565.8,561.8,554.4,557.1,560.7,564.9,569.0,572.2,574.5,572.2,568.8,565.0,561.0,557.3,563.8,565.5,567.2,567.8,567.0,565.2,563.6,563.0,605.8,606.8,610.0,613.7,615.5,614.5,611.2,607.3,602.3,604.6,607.8,611.6,615.1,617.6,619.2,617.8,615.5,612.4,608.8,605.1,609.1,610.7,612.1,612.5,611.7,610.2,608.7,608.3,231.2,227.2,225.3,226.8,230.7,235.0,236.6,235.1,233.1,231.1,229.6,228.8,229.2,230.7,232.7,234.1,234.7,235.1,235.0,234.5,232.9,233.5,232.7,231.0,229.3,228.6,229.4,231.2,229.1,225.3,223.6,224.9,228.5,232.2,234.0,233.0,231.4,229.2,227.4,226.6,227.0,228.2,230.0,231.4,232.2,232.6,232.6,232.4,230.6,231.2,230.4,228.8,227.2,226.6,227.4,229.0,258.5,260.3,264.7,269.1,271.0,269.6,264.8,260.4,253.7,255.8,259.0,263.4,268.2,272.4,275.7,272.4,267.9,263.3,259.3,256.0,263.1,265.0,266.9,267.7,266.9,264.9,263.0,262.2,328.2,329.9,334.4,339.2,341.3,339.5,335.0,330.0,324.3,326.7,330.2,335.1,340.3,344.9,348.4,345.1,340.7,336.0,331.3,327.2,332.9,334.9,336.9,337.7,336.8,334.7,332.7,331.9,-2.1,-6.5,-8.5,-6.9,-2.7,2.0,3.7,2.1,-0.1,-2.3,-3.8,-4.7,-4.3,-2.7,-0.5,1.0,1.7,2.1,2.0,1.4,-0.3,0.4,-0.5,-2.4,-4.2,-4.9,-4.0,-2.1,-4.7,-9.1,-11.1,-9.6,-5.5,-1.1,0.9,-0.2,-2.0,-4.6,-6.6,-7.6,-7.1,-5.8,-3.7,-2.0,-1.1,-0.6,-0.6,-0.8,-3.0,-2.3,-3.2,-5.1,-6.9,-7.6,-6.7,-4.8,653.2,653.9,654.7,654.9,654.6,654.0,653.0,652.8,656.5,654.3,652.5,651.9,653.0,654.8,656.8,654.7,652.6,651.7,652.3,654.1,654.2,654.3,654.6,655.0,655.1,655.0,654.7,654.4,695.7,696.9,698.5,699.6,699.5,698.3,696.7,695.7,696.0,695.3,695.1,696.1,698.6,702.0,705.2,701.8,698.4,696.0,694.9,695.2,697.5,698.0,698.7,699.2,699.2,698.8,698.0,697.5,369.4,30.6,827.9,-0.001,0.102,-0.079
401,0,1656521720.389,0.98,1,-0.091196,0.078322,-0.992748,-0.244314,0.077403,-0.966602,-0.170,0.079,560.0,561.3,565.1,569.1,571.0,569.9,565.8,561.8,554.4,557.1,560.7,564.9,569.0,572.2,574.5,572.2,568.8,565.0,561.0,557.3,563.8,565.5,567.2,567.8,567.0,565.2,563.6,563.0,605.9,606.9,610.2,613.8,615.6,614.6,611.3,607.4,602.4,604.7,607.9,611.7,615.2,617.7,619.3,617.9,615.6,612.5,608.9,605.2,609.2,610.8,612.2,612.7,611.9,610.3,608.9,608.4,231.2,227.1,225.3,226.7,230.6,235.0,236.5,235.1,233.0,231.0,229.5,228.7,229.2,230.6,232.7,234.1,234.7,235.1,235.0,234.4,232.8,233.5,232.7,230.9,229.2,228.6,229.4,231.1,229.0,225.3,223.6,224.9,228.5,232.2,234.0,233.0,231.4,229.1,227.4,226.6,227.0,228.2,230.0,231.4,232.2,232.6,232.6,232.4,230.6,231.2,230.4,228.8,227.2,226.6,227.4,229.0,257.9,259.6,264.0,268.5,270.3,268.9,264.1,259.7,253.1,255.2,258.4,262.7,267.6,271.8,275.1,271.7,267.2,262.7,258.6,255.3,262.4,264.3,266.3,267.0,266.2,264.3,262.4,261.6,327.6,329.3,333.9,338.6,340.7,338.9,334.4,329.4,323.7,326.1,329.7,334.6,339.8,344.3,347.8,344.5,340.1,335.4,330.7,326.6,332.3,334.3,336.3,337.1,336.2,334.1,332.1,331.4,-2.2,-6.6,-8.6,-7.0,-2.7,2.0,3.6,2.0,-0.1,-2.3,-3.9,-4.8,-4.3,-2.8,-0.5,1.0,1.6,2.1,2.0,1.4,-0.3,0.4,-0.5,-2.4,-4.3,-5.0,-4.1,-2.2,-4.7,-9.1,-11.1,-9.6,-5.4,-1.1,0.9,-0.2,-2.0,-4.6,-6.6,-7.6,-7.1,-5.8,-3.7,-2.0,-1.1,-0.6,-0.6,-0.8,-2.9,-2.3,-3.2,-5.1,-6.9,-7.6,-6.7,-4.8,651.5,652.3,653.0,653.3,652.9,652.4,651.4,651.1,654.9,652.7,650.8,650.3,651.3,653.2,655.1,653.0,651.0,650.1,650.7,652.5,652.5,652.7,653.0,653.3,653.5,653.4,653.1,652.7,694.2,695.4,697.0,698.1,698.0,696.8,695.2,694.2,694.5,693.8,693.7,694.6,697.1,700.5,703.7,700.3,696.9,694.5,693.4,693.7,696.0,696.5,697.2,697.7,697.7,697.3,696.5,696.0,369.4,30.6,827.5,-0.003,0.102,-0.078
402,0,1656521720.423,0.98,1,-0.089660,0.082243,-0.992571,-0.241604,0.081807,-0.966920,-0.167,0.084,560.0,561.4,565.1,569.1,571.0,569.9,565.8,561.9,554.4,557.1,560.7,564.9,569.0,572.2,574.5,572.2,568.9,565.0,561.0,557.3,563.8,565.6,567.2,567.8,567.0,565.3,563.6,563.0,605.9,606.9,610.2,613.8,615.6,614.6,611.3,607.5,602.4,604.8,607.9,611.8,615.2,617.7,619.3,617.9,615.6,612.5,608.9,605.3,609.2,610.8,612.2,612.7,611.9,610.3,608.9,608.4,231.2,227.2,225.4,226.8,230.7,235.0,236.6,235.1,233.1,231.1,229.7,228.8,229.3,230.7,232.7,234.1,234.7,235.1,235.1,234.5,232.9,233.5,232.7,231.0,229.3,228.6,229.4,231.2,229.1,225.3,223.6,224.9,228.5,232.2,234.0,233.0,231.4,229.2,227.5,226.6,227.1,228.2,230.0,231.4,232.2,232.6,232.6,232.4,230.6,231.2,230.4,228.8,227.2,226.6,227.4,229.0,258.8,260.6,265.0,269.4,271.3,269.9,265.1,260.7,254.1,256.1,259.3,263.6,268.5,272.7,276.0,272.7,268.2,263.6,259.6,256.3,263.4,265.3,267.2,268.0,267.2,265.2,263.3,262.5,328.8,330.6,335.1,339.9,342.0,340.2,335.6,330.7,325.0,327.3,330.9,335.8,341.0,345.6,349.0,345.7,341.4,336.7,332.0,327.9,333.5,335.6,337.6,338.4,337.4,335.4,333.4,332.6,-2.1,-6.5,-8.5,-6.9,-2.7,2.0,3.7,2.1,-0.1,-2.2,-3.8,-4.7,-4.2,-2.7,-0.5,1.0,1.7,2.1,2.1,1.4,-0.3,0.4,-0.5,-2.4,-4.2,-4.9,-4.0,-2.1,-4.7,-9.1,-11.1,-9.6,-5.4,-1.1,0.9,-0.2,-2.0,-4.6,-6.6,-7.6,-7.1,-5.8,-3.7,-2.0,-1.1,-0.6,-0.6,-0.8,-3.0,-2.3,-3.2,-5.1,-6.9,-7.6,-6.7,-4.8,653.8,654.6,655.3,655.6,655.2,654.7,653.7,653.5,657.2,655.0,653.1,652.6,653.7,655.5,657.5,655.4,653.3,652.4,653.0,654.8,654.9,655.0,655.3,655.6,655.8,655.7,655.4,655.0,696.8,698.0,699.6,700.7,700.7,699.5,697.8,696.8,697.1,696.4,696.3,697.3,699.8,703.1,706.4,702.9,699.6,697.1,696.1,696.3,698.6,699.1,699.8,700.3,700.4,699.9,699.2,698.6,368.8,30.7,826.3,-0.001,0.099,-0.078
403,0,1656521720.456,0.98,1,-0.085712,0.079927,-0.993109,-0.241563,0.079818,-0.967097,-0.165,0.081,560.1,561.4,565.2,569.2,571.1,569.9,565.9,561.9,554.4,557.1,560.8,565.0,569.1,572.3,574.6,572.3,568.9,565.1,561.1,557.3,563.9,565.6,567.3,567.9,567.1,565.3,563.7,563.1,606.0,607.0,610.3,613.9,615.7,614.7,611.5,607.6,602.5,604.9,608.0,611.8,615.3,617.8,619.4,618.0,615.7,612.6,609.0,605.4,609.3,610.9,612.3,612.8,612.0,610.4,609.0,608.5,231.2,227.1,225.3,226.7,230.6,235.0,236.5,235.1,233.0,231.0,229.6,228.7,229.2,230.6,232.7,234.1,234.7,235.1,235.0,234.4,232.9,233.5,232.7,230.9,229.2,228.6,229.4,231.2,229.0,225.3,223.5,224.9,228.4,232.2,233.9,232.9,231.4,229.1,227.4,226.6,227.0,228.1,229.9,231.4,232.2,232.6,232.6,232.4,230.6,231.2,230.4,228.8,227.2,226.6,227.4,229.0,257.7,259.5,263.9,268.3,270.1,268.7,263.9,259.5,252.9,255.0,258.2,262.5,267.4,271.6,274.9,271.6,267.1,262.5,258.4,255.1,262.2,264.2,266.1,266.9,266.1,264.1,262.2,261.4,328.6,330.3,334.9,339.6,341.7,340.0,335.4,330.4,324.7,327.1,330.7,335.6,340.8,345.3,348.8,345.5,341.1,336.4,331.7,327.6,333.3,335.4,337.4,338.1,337.2,335.1,333.1,332.4,-2.2,-6.5,-8.5,-7.0,-2.7,2.0,3.6,2.1,-0.1,-2.3,-3.9,-4.8,-4.3,-2.8,-0.5,1.0,1.6,2.0,2.0,1.4,-0.3,0.4,-0.5,-2.4,-4.3,-5.0,-4.1,-2.2,-4.8,-9.1,-11.2,-9.7,-5.5,-1.1,0.9,-0.3,-2.0,-4.7,-6.6,-7.6,-7.1,-5.9,-3.8,-2.1,-1.1,-0.7,-0.7,-0.9,-3.0,-2.3,-3.2,-5.1,-6.9,-7.6,-6.7,-4.8,650.8,651.6,652.4,652.7,652.3,651.8,650.7,650.5,654.1,651.9,650.2,649.6,650.7,652.6,654.6,652.5,650.4,649.4,650.0,651.8,651.9,652.0,652.3,652.7,652.9,652.7,652.4,652.1,696.0,697.2,698.8,699.9,699.9,698.7,697.0,696.0,696.3,695.6,695.5,696.5,699.0,702.3,705.6,702.1,698.8,696.3,695.3,695.6,697.8,698.3,699.0,699.6,699.6,699.1,698.4,697.9,368.9,30.6,826.3,-0.002,0.096,-0.076
404,0,1656521720.489,0.98,1,-0.088098,0.079963,-0.992897,-0.242218,0.080002,-0.966918,-0.167,0.081,560.2,561.5,565.3,569.3,571.2,570.1,566.0,562.0,554.5,557.3,560.9,565.1,569.2,572.4,574.7,572.4,569.0,565.2,561.2,557.5,564.0,565.7,567.4,568.0,567.2,565.4,563.8,563.2,606.0,607.0,610.3,613.9,615.7,614.7,611.5,607.6,602.5,604.9,608.0,611.9,615.3,617.8,619.4,618.0,615.7,612.7,609.0,605.4,609.3,610.9,612.3,612.8,612.0,610.4,609.0,608.5,231.2,227.2,225.3,226.8,230.7,235.0,236.6,235.1,233.1,231.1,229.6,228.8,229.2,230.6,232.7,234.1,234.7,235.1,235.0,234.5,232.9,233.5,232.7,231.0,229.3,228.6,229.4,231.2,229.1,225.3,223.6,224.9,228.5,232.2,234.0,233.0,231.4,229.2,227.4,226.6,227.0,228.2,230.0,231.4,232.2,232.6,232.6,232.5,230.6,231.2,230.4,228.8,227.2,226.6,227.4,229.1,257.9,259.7,264.1,268.5,270.4,269.0,264.2,259.8,253.2,255.2,258.5,262.8,267.7,271.9,275.2,271.8,267.3,262.8,258.7,255.4,262.5,264.4,266.3,267.1,266.3,264.4,262.5,261.7,328.2,329.9,334.5,339.2,341.3,339.6,335.0,330.0,324.3,326.7,330.3,335.2,340.4,344.9,348.4,345.1,340.8,336.1,331.4,327.3,332.9,335.0,337.0,337.7,336.8,334.8,332.8,332.0,-2.1,-6.5,-8.5,-6.9,-2.7,2.0,3.7,2.1,-0.1,-2.3,-3.8,-4.7,-4.3,-2.7,-0.5,1.0,1.7,2.1,2.0,1.4,-0.3,0.4,-0.5,-2.4,-4.2,-4.9,-4.1,-2.1,-4.7,-9.1,-11.1,-9.6,-5.4,-1.1,0.9,-0.2,-2.0,-4.6,-6.6,-7.6,-7.1,-5.8,-3.7,-2.0,-1.1,-0.6,-0.6,-0.8,-2.9,-2.3,-3.2,-5.1,-6.9,-7.5,-6.7,-4.8,651.2,652.0,652.7,653.0,652.6,652.1,651.1,650.8,654.5,652.3,650.5,650.0,651.1,652.9,654.9,652.8,650.7,649.8,650.4,652.2,652.2,652.4,652.7,653.0,653.2,653.1,652.7,652.4,695.2,696.4,698.0,699.2,699.1,697.9,696.3,695.3,695.5,694.8,694.7,695.7,698.2,701.6,704.8,701.4,698.0,695.6,694.5,694.8,697.0,697.5,698.2,698.8,698.8,698.3,697.6,697.1,369.1,30.6,826.6,-0.001,0.099,-0.078
405,0,1656521720.523,0.98,1,-0.087147,0.079853,-0.992990,-0.242006,0.079044,-0.967050,-0.166,0.081,560.3,561.6,565.4,569.4,571.3,570.1,566.1,562.1,554.7,557.4,561.0,565.2,569.3,572.5,574.8,572.5,569.1,565.3,561.3,557.6,564.1,565.8,567.5,568.1,567.3,565.5,563.9,563.3,606.1,607.1,610.3,613.9,615.8,614.8,611.5,607.7,602.6,604.9,608.1,611.9,615.4,617.9,619.4,618.1,615.8,612.7,609.1,605.5,609.4,611.0,612.4,612.8,612.0,610.5,609.0,608.6,231.2,227.2,225.4,226.8,230.7,235.1,236.6,235.1,233.1,231.1,229.6,228.8,229.2,230.7,232.8,234.2,234.7,235.1,235.1,234.5,232.9,233.6,232.8,231.0,229.3,228.7,229.5,231.2,229.1,225.4,223.6,224.9,228.5,232.3,234.0,233.0,231.5,229.2,227.5,226.6,227.1,228.2,230.0,231.5,232.3,232.7,232.7,232.5,230.7,231.2,230.5,228.8,227.3,226.7,227.5,229.1,258.6,260.4,264.8,269.2,271.1,269.7,264.9,260.5,253.8,255.9,259.1,263.5,268.4,272.6,275.8,272.5,268.0,263.4,259.4,256.1,263.2,265.1,267.0,267.8,267.0,265.1,263.1,262.4,329.0,330.8,335.3,340.0,342.1,340.4,335.8,330.9,325.2,327.5,331.1,336.0,341.2,345.8,349.2,345.9,341.6,336.9,332.2,328.1,333.7,335.8,337.8,338.6,337.6,335.6,333.6,332.8,-2.1,-6.5,-8.5,-6.9,-2.6,2.1,3.7,2.1,-0.1,-2.3,-3.8,-4.7,-4.2,-2.7,-0.4,1.1,1.7,2.1,2.1,1.4,-0.3,0.4,-0.4,-2.3,-4.2,-4.9,-4.0,-2.1,-4.7,-9.0,-11.1,-9.6,-5.4,-1.0,1.0,-0.2,-2.0,-4.6,-6.6,-7.6,-7.1,-5.8,-3.7,-2.0,-1.0,-0.6,-0.6,-0.8,-2.9,-2.2,-3.1,-5.0,-6.8,-7.5,-6.6,-4.7,652.6,653.4,654.1,654.4,654.0,653.5,652.5,652.2,655.9,653.7,651.9,651.4,652.5,654.3,656.3,654.2,652.1,651.2,651.8,653.6,653.7,653.8,654.1,654.4,654.6,654.5,654.2,653.8,696.7,697.9,699.6,700.7,700.6,699.4,697.8,696.8,697.0,696.4,696.2,697.2,699.8,703.1,706.3,702.9,699.5,697.1,696.0,696.3,698.6,699.0,699.8,700.3,700.3,699.8,699.1,698.6,370.0,30.7,828.3,-0.001,0.097,-0.077
406,0,1656521720.556,0.98,1,-0.083847,0.080247,-0.993242,-0.240123,0.079966,-0.967443,-0.164,0.082,560.3,561.6,565.4,569.4,571.2,570.1,566.1,562.1,554.6,557.3,561.0,565.2,569.3,572.5,574.7,572.5,569.1,565.3,561.3,557.5,564.1,565.8,567.5,568.1,567.3,565.5,563.9,563.3,606.1,607.1,610.3,613.9,615.8,614.8,611.5,607.6,602.6,604.9,608.1,611.9,615.3,617.8,619.4,618.0,615.7,612.7,609.1,605.4,609.4,610.9,612.4,612.8,612.0,610.4,609.0,608.6,231.2,227.2,225.4,226.8,230.7,235.1,236.6,235.1,233.1,231.1,229.7,228.8,229.3,230.7,232.8,234.1,234.7,235.1,235.0,234.5,232.9,233.6,232.8,231.0,229.3,228.7,229.5,231.2,229.1,225.3,223.6,224.9,228.5,232.3,234.0,233.0,231.4,229.2,227.5,226.7,227.1,228.2,230.0,231.4,232.2,232.6,232.6,232.5,230.6,231.2,230.5,228.8,227.3,226.7,227.4,229.1,258.5,260.3,264.7,269.1,271.0,269.5,264.7,260.3,253.6,255.7,259.0,263.3,268.2,272.4,275.7,272.4,267.9,263.3,259.2,255.9,263.0,265.0,266.9,267.7,266.9,264.9,263.0,262.2,329.4,331.1,335.7,340.4,342.5,340.8,336.2,331.2,325.5,327.9,331.5,336.4,341.6,346.1,349.6,346.3,342.0,337.2,332.5,328.4,334.1,336.2,338.2,338.9,338.0,335.9,333.9,333.2,-2.1,-6.5,-8.5,-6.9,-2.6,2.1,3.7,2.1,-0.1,-2.2,-3.8,-4.7,-4.2,-2.7,-0.4,1.1,1.7,2.1,2.0,1.4,-0.2,0.4,-0.4,-2.3,-4.2,-4.9,-4.0,-2.1,-4.7,-9.1,-11.1,-9.6,-5.4,-1.1,1.0,-0.2,-2.0,-4.6,-6.5,-7.5,-7.1,-5.8,-3.7,-2.0,-1.1,-0.6,-0.6,-0.8,-2.9,-2.3,-3.1,-5.1,-6.9,-7.5,-6.7,-4.7,652.3,653.1,653.8,654.1,653.8,653.2,652.2,651.9,655.6,653.4,651.6,651.1,652.2,654.1,656.0,653.9,651.8,650.9,651.4,653.2,653.3,653.5,653.8,654.2,654.3,654.2,653.9,653.5,697.6,698.8,700.4,701.5,701.5,700.3,698.6,697.6,697.9,697.2,697.1,698.1,700.6,703.9,707.2,703.7,700.4,697.9,696.9,697.1,699.4,699.9,700.6,701.1,701.2,700.7,700.0,699.4,369.4,30.7,827.0,-0.003,0.096,-0.077
407,0,1656521720.589,0.98,1,-0.086107,0.078326,-0.993202,-0.239960,0.077735,-0.967666,-0.165,0.079,560.2,561.6,565.4,569.4,571.2,570.1,566.1,562.1,554.6,557.3,561.0,565.2,569.3,572.5,574.7,572.5,569.1,565.2,561.2,557.5,564.1,565.8,567.5,568.1,567.2,565.5,563.9,563.3,606.0,607.0,610.3,613.9,615.7,614.7,611.5,607.6,602.5,604.9,608.0,611.9,615.3,617.8,619.4,618.0,615.7,612.7,609.1,605.4,609.3,610.9,612.3,612.8,612.0,610.4,609.0,608.5,231.3,227.2,225.4,226.9,230.8,235.1,236.6,235.2,233.1,231.1,229.6,228.8,229.3,230.7,232.8,234.2,234.8,235.2,235.1,234.5,233.0,233.6,232.8,231.0,229.3,228.7,229.5,231.2,229.2,225.4,223.7,225.0,228.6,232.4,234.1,233.1,231.5,229.3,227.6,226.7,227.2,228.3,230.1,231.6,232.3,232.7,232.7,232.6,230.7,231.3,230.6,228.9,227.3,226.8,227.5,229.2,258.3,260.1,264.5,269.0,270.8,269.4,264.6,260.2,253.5,255.6,258.9,263.2,268.1,272.3,275.6,272.2,267.7,263.2,259.1,255.8,262.9,264.8,266.7,267.5,266.7,264.8,262.9,262.1,328.4,330.2,334.7,339.4,341.5,339.8,335.2,330.2,324.5,326.9,330.5,335.4,340.6,345.1,348.6,345.3,341.0,336.3,331.6,327.5,333.1,335.2,337.2,337.9,337.0,335.0,333.0,332.2,-2.1,-6.5,-8.4,-6.8,-2.6,2.1,3.7,2.2,-0.0,-2.2,-3.8,-4.7,-4.2,-2.7,-0.4,1.1,1.7,2.2,2.1,1.5,-0.2,0.5,-0.4,-2.3,-4.2,-4.9,-4.0,-2.1,-4.6,-8.9,-11.0,-9.5,-5.3,-0.9,1.1,-0.1,-1.9,-4.5,-6.5,-7.4,-7.0,-5.7,-3.6,-1.9,-0.9,-0.5,-0.5,-0.7,-2.8,-2.1,-3.0,-4.9,-6.8,-7.4,-6.5,-4.6,652.0,652.8,653.5,653.8,653.4,652.9,651.9,651.6,655.3,653.1,651.3,650.8,651.9,653.7,655.7,653.6,651.5,650.5,651.1,652.9,653.0,653.1,653.5,653.8,654.0,653.9,653.5,653.2,695.6,696.8,698.5,699.6,699.5,698.3,696.6,695.6,695.9,695.2,695.1,696.1,698.6,702.0,705.3,701.8,698.4,696.0,694.9,695.1,697.4,697.9,698.6,699.2,699.2,698.7,698.0,697.5,368.8,30.7,825.8,-0.004,0.096,-0.077
408,0,1656521720.623,0.98,1,-0.088535,0.077701,-0.993038,-0.242803,0.077179,-0.967000,-0.167,0.079,560.3,561.6,565.4,569.4,571.2,570.1,566.1,562.1,554.7,557.4,561.0,565.2,569.3,572.5,574.7,572.5,569.1,565.3,561.3,557.6,564.1,565.8,567.5,568.1,567.2,565.5,563.9,563.3,606.0,607.0,610.2,613.8,615.7,614.7,611.4,607.5,602.5,604.8,608.0,611.8,615.3,617.8,619.3,618.0,615.7,612.6,609.0,605.3,609.3,610.9,612.3,612.7,611.9,610.4,608.9,608.5,231.2,227.2,225.4,226.8,230.7,235.1,236.6,235.1,233.1,231.1,229.6,228.8,229.2,230.7,232.8,234.1,234.7,235.1,235.1,234.5,232.9,233.6,232.8,231.0,229.3,228.7,229.5,231.2,229.1,225.3,223.6,224.9,228.5,232.2,234.0,233.0,231.5,229.2,227.5,226.6,227.1,228.2,230.0,231.5,232.3,232.6,232.7,232.5,230.6,231.2,230.5,228.8,227.3,226.7,227.4,229.1,259.0,260.8,265.2,269.6,271.5,270.0,265.3,260.9,254.2,256.3,259.5,263.9,268.7,272.9,276.2,272.9,268.4,263.8,259.7,256.5,263.5,265.5,267.4,268.2,267.4,265.4,263.5,262.7,329.2,330.9,335.5,340.2,342.3,340.6,336.0,331.0,325.3,327.7,331.3,336.2,341.4,345.9,349.4,346.1,341.7,337.0,332.3,328.2,333.9,336.0,338.0,338.7,337.8,335.7,333.7,333.0,-2.1,-6.5,-8.5,-6.9,-2.7,2.1,3.7,2.1,-0.0,-2.2,-3.8,-4.7,-4.2,-2.7,-0.4,1.1,1.7,2.1,2.1,1.5,-0.3,0.4,-0.4,-2.4,-4.2,-4.9,-4.0,-2.1,-4.7,-9.1,-11.1,-9.6,-5.4,-1.1,0.9,-0.2,-2.0,-4.6,-6.6,-7.6,-7.1,-5.8,-3.7,-2.0,-1.1,-0.6,-0.6,-0.8,-2.9,-2.3,-3.1,-5.1,-6.9,-7.5,-6.6,-4.7,653.6,654.4,655.1,655.4,655.0,654.5,653.5,653.2,656.9,654.7,652.9,652.4,653.5,655.3,657.3,655.2,653.1,652.2,652.7,654.6,654.6,654.8,655.1,655.4,655.6,655.5,655.1,654.8,697.3,698.6,700.2,701.3,701.2,700.0,698.4,697.4,697.7,697.0,696.8,697.8,700.3,703.7,706.9,703.5,700.1,697.7,696.6,696.9,699.2,699.6,700.4,700.9,700.9,700.4,699.7,699.2,369.9,30.7,828.2,-0.004,0.099,-0.079
409,0,1656521720.656,0.98,1,-0.088435,0.075702,-0.993201,-0.241533,0.074601,-0.967521,-0.167,0.077,560.2,561.6,565.4,569.4,571.2,570.1,566.0,562.0,554.6,557.3,560.9,565.2,569.3,572.5,574.7,572.4,569.1,565.2,561.2,557.5,564.0,565.8,567.4,568.0,567.2,565.5,563.8,563.2,606.0,607.0,610.3,613.9,615.7,614.7,611.4,607.5,602.5,604.8,608.0,611.9,615.3,617.8,619.4,618.0,615.7,612.6,609.0,605.3,609.3,610.9,612.3,612.8,612.0,610.4,608.9,608.5,231.2,227.1,225.3,226.8,230.7,235.1,236.6,235.1,233.1,231.0,229.6,228.7,229.2,230.6,232.8,234.2,234.7,235.1,235.1,234.5,232.9,233.5,232.7,231.0,229.3,228.6,229.4,231.2,229.2,225.4,223.7,225.0,228.6,232.4,234.1,233.1,231.5,229.3,227.5,226.7,227.1,228.3,230.1,231.6,232.4,232.8,232.8,232.6,230.7,231.3,230.6,228.9,227.3,226.8,227.5,229.2,257.5,259.3,263.7,268.1,269.9,268.5,263.7,259.3,252.7,254.8,258.0,262.4,267.2,271.4,274.7,271.3,266.8,262.3,258.2,254.9,262.0,264.0,265.9,266.7,265.9,263.9,262.0,261.2,327.2,328.9,333.5,338.2,340.3,338.5,333.9,329.0,323.3,325.7,329.3,334.2,339.4,343.9,347.3,344.0,339.7,335.0,330.3,326.2,331.9,333.9,335.9,336.7,335.8,333.7,331.7,330.9,-2.1,-6.5,-8.5,-6.9,-2.7,2.0,3.7,2.1,-0.1,-2.3,-3.9,-4.8,-4.3,-2.7,-0.4,1.1,1.7,2.1,2.0,1.4,-0.3,0.4,-0.5,-2.4,-4.2,-4.9,-4.1,-2.1,-4.6,-8.9,-11.0,-9.4,-5.3,-0.9,1.1,-0.1,-1.9,-4.5,-6.5,-7.5,-7.0,-5.6,-3.5,-1.8,-0.9,-0.5,-0.5,-0.7,-2.8,-2.1,-3.0,-4.9,-6.7,-7.4,-6.5,-4.6,650.0,650.8,651.5,651.8,651.4,650.9,649.9,649.6,653.4,651.1,649.3,648.8,649.9,651.7,653.7,651.6,649.5,648.6,649.2,651.0,651.1,651.2,651.5,651.8,652.0,651.9,651.6,651.2,693.0,694.2,695.9,697.0,697.0,695.7,694.1,693.1,693.3,692.7,692.5,693.5,696.1,699.4,702.7,699.2,695.9,693.4,692.3,692.6,694.9,695.4,696.1,696.6,696.7,696.2,695.4,694.9,369.3,30.7,827.0,-0.005,0.100,-0.078
410,0,1656521720.690,0.98,1,-0.089312,0.079130,-0.992855,-0.242679,0.078078,-0.966960,-0.168,0.080,560.2,561.5,565.3,569.3,571.1,570.0,566.0,562.0,554.5,557.3,560.9,565.1,569.2,572.4,574.7,572.4,569.0,565.1,561.2,557.5,564.0,565.7,567.4,568.0,567.2,565.4,563.8,563.2,606.0,607.0,610.2,613.8,615.7,614.7,611.4,607.5,602.5,604.8,608.0,611.8,615.2,617.7,619.3,618.0,615.6,612.6,609.0,605.3,609.3,610.9,612.3,612.7,611.9,610.3,608.9,608.5,231.3,227.2,225.4,226.8,230.7,235.1,236.6,235.1,233.1,231.1,229.6,228.8,229.3,230.7,232.8,234.2,234.8,235.2,235.1,234.5,232.9,233.6,232.8,231.0,229.3,228.7,229.5,231.2,229.2,225.4,223.7,225.0,228.6,232.3,234.1,233.1,231.5,229.3,227.5,226.7,227.1,228.3,230.1,231.5,232.3,232.7,232.7,232.5,230.7,231.3,230.5,228.9,227.3,226.7,227.5,229.1,258.5,260.3,264.7,269.1,271.0,269.5,264.8,260.3,253.7,255.8,259.0,263.4,268.2,272.4,275.7,272.4,267.9,263.3,259.2,255.9,263.0,265.0,266.9,267.7,266.9,264.9,263.0,262.2,328.6,330.3,334.9,339.6,341.7,339.9,335.3,330.4,324.7,327.1,330.6,335.5,340.7,345.3,348.7,345.4,341.1,336.4,331.7,327.6,333.3,335.3,337.3,338.1,337.2,335.1,333.1,332.3,-2.1,-6.5,-8.4,-6.9,-2.6,2.1,3.7,2.2,-0.1,-2.2,-3.8,-4.7,-4.2,-2.7,-0.4,1.1,1.7,2.2,2.1,1.5,-0.2,0.5,-0.4,-2.3,-4.2,-4.9,-4.0,-2.1,-4.6,-9.0,-11.0,-9.5,-5.3,-1.0,1.0,-0.1,-1.9,-4.5,-6.5,-7.5,-7.0,-5.7,-3.6,-1.9,-1.0,-0.5,-0.5,-0.7,-2.8,-2.2,-3.0,-5.0,-6.8,-7.4,-6.6,-4.7,652.6,653.4,654.1,654.4,654.0,653.5,652.5,652.2,656.0,653.7,651.9,651.4,652.5,654.3,656.3,654.2,652.1,651.2,651.8,653.6,653.7,653.8,654.1,654.4,654.6,654.5,654.2,653.8,696.0,697.3,698.9,700.0,699.9,698.7,697.1,696.1,696.4,695.7,695.5,696.5,699.1,702.4,705.7,702.2,698.9,696.4,695.4,695.6,697.9,698.4,699.1,699.6,699.6,699.2,698.4,697.9,369.4,30.8,827.4,-0.003,0.102,-0.079
411,0,1656521720.723,0.98,1,-0.089094,0.078310,-0.992940,-0.242365,0.077078,-0.967119,-0.168,0.079,560.1,561.5,565.3,569.2,571.1,570.0,565.9,562.0,554.5,557.2,560.9,565.1,569.2,572.4,574.6,572.3,569.0,565.1,561.1,557.4,563.9,565.7,567.3,567.9,567.1,565.4,563.7,563.1,605.9,607.0,610.2,613.8,615.7,614.6,611.4,607.5,602.4,604.8,607.9,611.8,615.2,617.7,619.3,617.9,615.6,612.5,608.9,605.3,609.2,610.8,612.2,612.7,611.9,610.3,608.9,608.4,231.2,227.1,225.3,226.8,230.7,235.0,236.5,235.1,233.0,231.0,229.6,228.7,229.2,230.6,232.7,234.1,234.7,235.1,235.0,234.4,232.9,233.5,232.7,230.9,229.2,228.6,229.4,231.2,229.2,225.4,223.7,225.0,228.6,232.4,234.1,233.1,231.5,229.3,227.6,226.7,227.2,228.3,230.2,231.6,232.4,232.8,232.8,232.6,230.7,231.3,230.6,228.9,227.4,226.8,227.5,229.2,258.3,260.1,264.5,268.9,270.8,269.4,264.6,260.2,253.5,255.6,258.9,263.2,268.1,272.3,275.5,272.2,267.7,263.1,259.1,255.8,262.9,264.8,266.7,267.5,266.7,264.8,262.8,262.1,328.3,330.1,334.6,339.3,341.4,339.7,335.1,330.1,324.4,326.8,330.4,335.3,340.5,345.0,348.5,345.2,340.8,336.1,331.4,327.3,333.0,335.1,337.1,337.8,336.9,334.9,332.9,332.1,-2.2,-6.5,-8.5,-6.9,-2.7,2.0,3.7,2.1,-0.1,-2.3,-3.9,-4.8,-4.3,-2.7,-0.5,1.0,1.7,2.1,2.0,1.4,-0.3,0.4,-0.5,-2.4,-4.3,-5.0,-4.1,-2.2,-4.6,-9.0,-11.0,-9.4,-5.3,-0.9,1.1,-0.1,-1.9,-4.5,-6.5,-7.4,-6.9,-5.6,-3.5,-1.8,-0.9,-0.5,-0.5,-0.7,-2.8,-2.1,-3.0,-4.9,-6.7,-7.4,-6.5,-4.6,652.3,653.1,653.8,654.1,653.7,653.2,652.2,651.9,655.6,653.4,651.6,651.1,652.2,654.0,656.0,653.9,651.8,650.9,651.5,653.3,653.4,653.5,653.8,654.1,654.3,654.2,653.9,653.5,695.6,696.8,698.5,699.6,699.5,698.3,696.6,695.7,695.9,695.3,695.1,696.1,698.6,701.9,705.2,701.8,698.4,696.0,694.9,695.2,697.4,697.9,698.6,699.2,699.2,698.7,698.0,697.5,369.0,30.7,826.6,-0.003,0.101,-0.077
412,0,1656521720.756,0.98,1,-0.088452,0.081837,-0.992713,-0.241406,0.081650,-0.966983,-0.167,0.083,560.0,561.4,565.2,569.1,571.0,569.9,565.9,561.9,554.5,557.1,560.8,565.0,569.1,572.3,574.5,572.2,568.9,565.0,561.1,557.4,563.9,565.6,567.2,567.8,567.0,565.3,563.6,563.0,605.8,606.8,610.1,613.7,615.5,614.5,611.3,607.4,602.4,604.7,607.9,611.7,615.1,617.6,619.2,617.8,615.5,612.4,608.8,605.2,609.1,610.7,612.1,612.6,611.8,610.2,608.8,608.3,231.4,227.3,225.5,226.9,230.8,235.2,236.7,235.2,233.2,231.2,229.8,229.0,229.4,230.8,232.8,234.2,234.8,235.2,235.2,234.6,233.0,233.7,232.9,231.1,229.4,228.8,229.6,231.3,229.2,225.4,223.7,225.0,228.6,232.3,234.1,233.1,231.5,229.3,227.6,226.7,227.2,228.3,230.1,231.5,232.3,232.7,232.7,232.5,230.7,231.3,230.5,228.9,227.3,226.7,227.5,229.1,259.1,260.8,265.2,269.7,271.5,270.2,265.4,261.0,254.3,256.4,259.6,263.9,268.8,273.0,276.3,273.0,268.5,263.9,259.8,256.5,263.6,265.6,267.5,268.3,267.5,265.5,263.6,262.8,329.3,331.0,335.6,340.3,342.4,340.6,336.1,331.1,325.4,327.8,331.4,336.3,341.5,346.0,349.5,346.2,341.8,337.1,332.4,328.3,334.0,336.1,338.1,338.8,337.9,335.8,333.8,333.1,-2.0,-6.4,-8.4,-6.8,-2.6,2.2,3.8,2.3,0.1,-2.1,-3.7,-4.6,-4.1,-2.6,-0.4,1.1,1.8,2.2,2.2,1.6,-0.1,0.6,-0.3,-2.2,-4.1,-4.8,-3.9,-2.0,-4.6,-9.0,-11.0,-9.5,-5.3,-1.0,1.0,-0.1,-1.9,-4.5,-6.5,-7.4,-7.0,-5.7,-3.6,-1.9,-1.0,-0.5,-0.5,-0.7,-2.8,-2.2,-3.1,-5.0,-6.8,-7.5,-6.6,-4.7,654.4,655.2,655.9,656.2,655.8,655.3,654.3,654.1,657.8,655.5,653.7,653.2,654.3,656.1,658.1,656.0,653.9,653.0,653.6,655.4,655.5,655.6,655.9,656.2,656.4,656.3,656.0,655.6,697.9,699.1,700.7,701.8,701.8,700.6,698.9,698.0,698.2,697.5,697.4,698.4,700.9,704.2,707.5,704.0,700.7,698.3,697.2,697.5,699.7,700.2,700.9,701.4,701.5,701.0,700.3,699.7,368.8,30.8,826.1,-0.003,0.099,-0.079
413,0,1656521720.790,0.98,1,-0.086879,0.080089,-0.992994,-0.241492,0.080031,-0.967097,-0.166,0.082,560.0,561.4,565.2,569.1,571.0,569.9,565.9,561.9,554.4,557.1,560.8,565.0,569.1,572.2,574.5,572.2,568.9,565.0,561.0,557.3,563.8,565.6,567.2,567.8,567.0,565.3,563.6,563.0,605.8,606.9,610.1,613.7,615.5,614.5,611.3,607.4,602.4,604.7,607.9,611.7,615.1,617.6,619.2,617.8,615.5,612.5,608.8,605.2,609.2,610.7,612.2,612.6,611.8,610.2,608.8,608.4,231.3,227.3,225.5,226.9,230.8,235.1,236.7,235.2,233.2,231.2,229.7,228.9,229.3,230.8,232.8,234.2,234.8,235.2,235.1,234.6,233.0,233.6,232.8,231.1,229.4,228.7,229.5,231.3,229.2,225.4,223.7,225.0,228.6,232.4,234.1,233.1,231.5,229.3,227.6,226.7,227.2,228.3,230.1,231.6,232.3,232.7,232.7,232.5,230.7,231.3,230.5,228.9,227.3,226.8,227.5,229.2,258.8,260.6,265.0,269.5,271.3,269.9,265.1,260.7,254.0,256.1,259.4,263.7,268.6,272.8,276.1,272.7,268.2,263.7,259.6,256.3,263.4,265.3,267.3,268.1,267.2,265.3,263.4,262.6,329.1,330.8,335.4,340.1,342.2,340.4,335.8,330.9,325.2,327.6,331.1,336.0,341.2,345.8,349.2,345.9,341.6,336.9,332.2,328.1,333.8,335.8,337.8,338.6,337.7,335.6,333.6,332.8,-2.0,-6.4,-8.4,-6.8,-2.6,2.2,3.8,2.2,0.0,-2.1,-3.7,-4.6,-4.1,-2.6,-0.4,1.2,1.8,2.2,2.2,1.5,-0.2,0.5,-0.3,-2.3,-4.1,-4.8,-3.9,-2.0,-4.6,-9.0,-11.0,-9.5,-5.3,-0.9,1.1,-0.1,-1.9,-4.5,-6.5,-7.4,-7.0,-5.7,-3.6,-1.9,-0.9,-0.5,-0.5,-0.7,-2.8,-2.2,-3.0,-4.9,-6.8,-7.4,-6.6,-4.6,653.9,654.6,655.4,655.7,655.3,654.8,653.8,653.5,657.2,655.0,653.2,652.7,653.8,655.6,657.6,655.5,653.4,652.4,653.0,654.8,654.9,655.0,655.4,655.7,655.9,655.8,655.4,655.1,697.4,698.6,700.2,701.3,701.3,700.1,698.4,697.4,697.7,697.0,696.9,697.9,700.4,703.7,707.0,703.5,700.2,697.7,696.7,696.9,699.2,699.7,700.4,700.9,701.0,700.5,699.8,699.2,369.2,30.8,827.4,-0.001,0.098,-0.078
414,0,1656521720.823,0.98,1,-0.091131,0.083139,-0.992362,-0.243629,0.082901,-0.966319,-0.169,0.085,560.0,561.4,565.1,569.1,571.0,569.9,565.8,561.9,554.4,557.1,560.7,564.9,569.0,572.2,574.5,572.2,568.9,565.0,561.0,557.3,563.8,565.6,567.2,567.8,567.0,565.3,563.6,563.0,605.8,606.8,610.1,613.7,615.5,614.5,611.2,607.4,602.3,604.7,607.8,611.7,615.1,617.6,619.2,617.8,615.5,612.4,608.8,605.2,609.1,610.7,612.1,612.6,611.8,610.2,608.8,608.3,231.4,227.4,225.6,227.0,230.9,235.2,236.8,235.3,233.3,231.3,229.8,229.0,229.4,230.8,232.9,234.3,234.9,235.3,235.3,234.7,233.1,233.7,232.9,231.2,229.5,228.8,229.6,231.4,229.2,225.5,223.8,225.1,228.7,232.4,234.1,233.1,231.6,229.3,227.6,226.8,227.2,228.3,230.1,231.6,232.4,232.8,232.8,232.6,230.8,231.4,230.6,229.0,227.4,226.8,227.6,229.2,258.6,260.4,264.7,269.2,271.0,269.6,264.9,260.5,253.8,255.9,259.1,263.4,268.3,272.5,275.8,272.5,268.0,263.4,259.4,256.1,263.1,265.1,267.0,267.8,267.0,265.0,263.1,262.3,328.7,330.4,335.0,339.7,341.8,340.0,335.5,330.5,324.8,327.2,330.8,335.6,340.9,345.4,348.9,345.6,341.2,336.5,331.8,327.7,333.4,335.4,337.4,338.2,337.3,335.2,333.2,332.5,-1.9,-6.3,-8.3,-6.7,-2.5,2.3,3.9,2.3,0.1,-2.0,-3.6,-4.5,-4.0,-2.5,-0.3,1.3,1.9,2.4,2.3,1.7,-0.1,0.6,-0.2,-2.2,-4.0,-4.7,-3.8,-1.9,-4.5,-8.9,-10.9,-9.4,-5.2,-0.9,1.1,-0.0,-1.8,-4.4,-6.4,-7.4,-6.9,-5.6,-3.5,-1.8,-0.9,-0.4,-0.4,-0.6,-2.8,-2.1,-3.0,-4.9,-6.7,-7.4,-6.5,-4.6,653.3,654.0,654.7,655.0,654.6,654.2,653.2,652.9,656.6,654.4,652.6,652.0,653.1,654.9,656.9,654.8,652.8,651.9,652.5,654.3,654.3,654.4,654.7,655.1,655.2,655.1,654.8,654.5,696.7,697.8,699.5,700.6,700.5,699.4,697.8,696.8,697.0,696.3,696.1,697.1,699.6,703.0,706.3,702.8,699.5,697.1,696.0,696.3,698.5,699.0,699.7,700.2,700.2,699.7,699.0,698.5,369.7,30.8,828.4,0.002,0.103,-0.081
415,0,1656521720.856,0.98,1,-0.091859,0.081430,-0.992437,-0.245373,0.080418,-0.966088,-0.171,0.082,560.0,561.3,565.1,569.1,570.9,569.8,565.8,561.8,554.4,557.1,560.7,564.9,569.0,572.2,574.4,572.2,568.8,565.0,561.0,557.3,563.8,565.5,567.2,567.8,567.0,565.2,563.6,563.0,605.7,606.7,610.0,613.6,615.4,614.4,611.1,607.2,602.2,604.5,607.7,611.5,615.0,617.5,619.1,617.7,615.4,612.3,608.7,605.0,609.0,610.6,612.0,612.4,611.6,610.1,608.6,608.2,231.4,227.4,225.6,227.0,230.9,235.2,236.8,235.3,233.3,231.3,229.8,229.0,229.4,230.8,232.9,234.3,234.9,235.3,235.3,234.7,233.1,233.7,232.9,231.2,229.5,228.8,229.6,231.4,229.2,225.5,223.7,225.0,228.6,232.3,234.1,233.1,231.6,229.3,227.6,226.7,227.2,228.3,230.1,231.6,232.4,232.8,232.8,232.6,230.7,231.3,230.6,228.9,227.4,226.8,227.5,229.2,259.3,261.1,265.4,269.9,271.7,270.3,265.6,261.1,254.5,256.6,259.8,264.1,269.0,273.2,276.5,273.2,268.6,264.1,260.0,256.8,263.8,265.8,267.7,268.5,267.7,265.7,263.8,263.0,329.3,331.0,335.6,340.3,342.4,340.7,336.1,331.1,325.4,327.8,331.4,336.3,341.5,346.0,349.5,346.2,341.8,337.1,332.4,328.4,334.0,336.1,338.1,338.8,337.9,335.8,333.9,333.1,-1.9,-6.3,-8.3,-6.7,-2.5,2.3,3.9,2.3,0.2,-2.0,-3.6,-4.5,-4.1,-2.5,-0.3,1.3,1.9,2.3,2.3,1.7,-0.1,0.6,-0.2,-2.2,-4.0,-4.7,-3.8,-1.9,-4.6,-9.0,-11.0,-9.5,-5.3,-0.9,1.1,-0.1,-1.8,-4.5,-6.5,-7.5,-7.0,-5.7,-3.6,-1.9,-0.9,-0.5,-0.5,-0.7,-2.8,-2.2,-3.0,-4.9,-6.8,-7.4,-6.5,-4.6,655.1,655.9,656.6,656.8,656.5,656.0,655.0,654.7,658.5,656.2,654.4,653.9,654.9,656.8,658.7,656.7,654.6,653.7,654.3,656.1,656.1,656.3,656.6,656.9,657.1,657.0,656.6,656.3,698.3,699.5,701.1,702.2,702.1,700.9,699.3,698.3,698.6,697.9,697.8,698.7,701.2,704.6,707.8,704.4,701.0,698.6,697.6,697.9,700.1,700.6,701.3,701.8,701.8,701.4,700.6,700.1,369.9,30.9,828.9,0.002,0.105,-0.084
416,0,1656521720.890,0.98,1,-0.088333,0.082745,-0.992648,-0.242154,0.082376,-0.966735,-0.167,0.084,560.0,561.3,565.1,569.1,570.9,569.8,565.8,561.8,554.4,557.1,560.7,564.9,569.0,572.2,574.4,572.2,568.8,565.0,561.0,557.3,563.8,565.5,567.2,567.8,567.0,565.2,563.6,563.0,605.8,606.8,610.0,613.6,615.4,614.4,611.2,607.3,602.3,604.6,607.8,611.6,615.0,617.5,619.1,617.7,615.4,612.4,608.8,605.1,609.1,610.6,612.1,612.5,611.7,610.1,608.7,608.3,231.4,227.4,225.6,227.0,230.9,235.3,236.8,235.3,233.3,231.3,229.8,229.0,229.5,230.9,232.9,234.3,234.9,235.3,235.3,234.7,233.1,233.8,233.0,231.2,229.5,228.9,229.7,231.4,229.2,225.5,223.8,225.1,228.7,232.4,234.1,233.1,231.6,229.3,227.6,226.8,227.2,228.3,230.1,231.6,232.4,232.8,232.8,232.6,230.8,231.4,230.6,229.0,227.4,226.8,227.6,229.2,259.0,260.8,265.2,269.6,271.5,270.1,265.3,260.9,254.3,256.3,259.6,263.9,268.8,273.0,276.3,272.9,268.4,263.9,259.8,256.5,263.6,265.5,267.5,268.2,267.4,265.5,263.6,262.8,329.9,331.6,336.2,340.9,343.0,341.2,336.7,331.7,326.0,328.4,331.9,336.8,342.0,346.6,350.0,346.8,342.4,337.7,333.0,328.9,334.6,336.6,338.6,339.4,338.5,336.4,334.4,333.7,-1.9,-6.3,-8.3,-6.7,-2.4,2.3,3.9,2.4,0.2,-2.0,-3.6,-4.5,-4.0,-2.5,-0.2,1.3,1.9,2.4,2.3,1.7,-0.0,0.6,-0.2,-2.1,-4.0,-4.7,-3.8,-1.9,-4.6,-8.9,-10.9,-9.4,-5.3,-0.9,1.1,-0.0,-1.8,-4.4,-6.4,-7.4,-6.9,-5.6,-3.5,-1.8,-0.9,-0.4,-0.4,-0.6,-2.8,-2.1,-3.0,-4.9,-6.7,-7.4,-6.5,-4.6,654.5,655.3,656.0,656.3,655.9,655.4,654.4,654.1,657.8,655.6,653.8,653.3,654.4,656.2,658.2,656.1,654.0,653.1,653.7,655.5,655.5,655.7,656.0,656.3,656.5,656.4,656.0,655.7,699.3,700.5,702.1,703.2,703.2,702.0,700.3,699.4,699.6,698.9,698.8,699.8,702.3,705.6,708.9,705.4,702.1,699.7,698.6,698.9,701.1,701.6,702.3,702.8,702.9,702.4,701.7,701.1,369.4,30.9,827.7,0.002,0.100,-0.081
417,0,1656521720.923,0.98,1,-0.084300,0.081657,-0.993089,-0.242217,0.082094,-0.966743,-0.165,0.083,560.0,561.3,565.1,569.1,570.9,569.8,565.8,561.8,554.3,557.0,560.7,564.9,569.0,572.2,574.4,572.2,568.8,565.0,561.0,557.2,563.8,565.5,567.2,567.8,566.9,565.2,563.6,563.0,605.9,607.0,610.2,613.8,615.6,614.6,611.4,607.5,602.5,604.8,607.9,611.8,615.2,617.7,619.3,617.9,615.6,612.5,608.9,605.3,609.2,610.8,612.2,612.7,611.9,610.3,608.9,608.5,231.5,227.4,225.6,227.1,230.9,235.3,236.8,235.4,233.3,231.3,229.9,229.1,229.5,230.9,233.0,234.4,234.9,235.3,235.3,234.7,233.2,233.8,233.0,231.2,229.5,228.9,229.7,231.5,229.3,225.6,223.8,225.1,228.7,232.5,234.2,233.2,231.6,229.4,227.7,226.9,227.3,228.4,230.2,231.7,232.4,232.8,232.8,232.7,230.8,231.4,230.7,229.0,227.5,226.9,227.6,229.3,258.3,260.1,264.5,269.0,270.8,269.4,264.6,260.2,253.5,255.6,258.9,263.2,268.1,272.3,275.6,272.2,267.7,263.2,259.1,255.8,262.9,264.8,266.8,267.5,266.7,264.8,262.9,262.1,330.1,331.8,336.4,341.1,343.2,341.4,336.8,331.9,326.2,328.6,332.1,337.0,342.2,346.8,350.3,346.9,342.6,337.9,333.2,329.1,334.8,336.8,338.8,339.6,338.7,336.6,334.6,333.8,-1.8,-6.2,-8.2,-6.6,-2.4,2.3,4.0,2.4,0.2,-2.0,-3.5,-4.4,-4.0,-2.4,-0.2,1.3,1.9,2.4,2.3,1.7,-0.0,0.7,-0.2,-2.1,-4.0,-4.6,-3.8,-1.9,-4.5,-8.8,-10.9,-9.4,-5.2,-0.8,1.2,0.0,-1.8,-4.4,-6.3,-7.3,-6.8,-5.5,-3.5,-1.8,-0.8,-0.4,-0.4,-0.6,-2.7,-2.0,-2.9,-4.8,-6.6,-7.3,-6.4,-4.5,652.7,653.6,654.3,654.6,654.3,653.7,652.7,652.4,656.0,653.8,652.1,651.6,652.7,654.6,656.5,654.4,652.3,651.4,651.9,653.7,653.8,654.0,654.3,654.7,654.8,654.7,654.3,654.0,699.3,700.5,702.1,703.2,703.1,701.9,700.3,699.3,699.6,698.9,698.7,699.7,702.2,705.5,708.8,705.3,702.0,699.6,698.5,698.8,701.1,701.6,702.3,702.8,702.8,702.3,701.6,701.1,369.4,30.9,827.8,0.001,0.095,-0.076
418,0,1656521720.956,0.98,1,-0.084342,0.079757,-0.993240,-0.241246,0.079368,-0.967213,-0.165,0.081,559.9,561.3,565.1,569.1,570.9,569.8,565.8,561.8,554.3,557.0,560.7,564.9,569.0,572.2,574.4,572.1,568.8,564.9,560.9,557.2,563.8,565.5,567.1,567.7,566.9,565.2,563.5,562.9,605.8,606.9,610.1,613.7,615.5,614.5,611.3,607.4,602.4,604.7,607.9,611.7,615.1,617.6,619.2,617.8,615.5,612.4,608.8,605.2,609.1,610.7,612.1,612.6,611.8,610.2,608.8,608.3,231.5,227.5,225.6,227.1,231.0,235.4,236.9,235.4,233.3,231.4,229.9,229.1,229.6,231.0,233.1,234.4,235.0,235.4,235.3,234.7,233.2,233.8,233.0,231.3,229.6,228.9,229.7,231.5,229.5,225.7,224.0,225.3,228.9,232.6,234.3,233.3,231.8,229.6,227.9,227.0,227.5,228.6,230.4,231.8,232.6,233.0,233.0,232.8,231.0,231.6,230.8,229.2,227.6,227.1,227.8,229.4,258.1,259.9,264.3,268.8,270.6,269.2,264.4,260.0,253.3,255.4,258.7,263.0,267.9,272.1,275.4,272.0,267.5,263.0,258.9,255.5,262.7,264.6,266.5,267.3,266.5,264.6,262.7,261.9,329.8,331.5,336.1,340.8,342.9,341.1,336.5,331.6,325.9,328.3,331.9,336.7,342.0,346.5,350.0,346.7,342.3,337.6,332.9,328.8,334.5,336.5,338.5,339.3,338.4,336.3,334.3,333.6,-1.8,-6.2,-8.2,-6.6,-2.3,2.4,4.0,2.4,0.2,-2.0,-3.5,-4.4,-3.9,-2.4,-0.1,1.4,2.0,2.4,2.3,1.7,0.0,0.7,-0.1,-2.0,-3.9,-4.6,-3.7,-1.8,-4.3,-8.6,-10.7,-9.1,-5.0,-0.6,1.4,0.2,-1.6,-4.2,-6.1,-7.1,-6.6,-5.3,-3.2,-1.5,-0.6,-0.2,-0.2,-0.4,-2.5,-1.8,-2.7,-4.6,-6.4,-7.1,-6.2,-4.3,652.3,653.1,653.8,654.1,653.8,653.2,652.2,651.9,655.6,653.4,651.6,651.1,652.2,654.1,656.0,653.9,651.8,650.9,651.4,653.2,653.3,653.5,653.8,654.2,654.3,654.2,653.9,653.5,698.9,700.1,701.7,702.8,702.8,701.6,699.9,698.9,699.2,698.5,698.4,699.4,701.9,705.2,708.5,705.0,701.7,699.2,698.2,698.5,700.7,701.2,701.9,702.4,702.5,702.0,701.3,700.8,368.7,31.0,826.3,-0.003,0.096,-0.077
419,0,1656521720.990,0.98,1,-0.082789,0.079406,-0.993399,-0.238781,0.079256,-0.967834,-0.163,0.081,560.1,561.4,565.2,569.2,571.1,569.9,565.9,561.9,554.4,557.2,560.8,565.0,569.1,572.3,574.6,572.3,568.9,565.1,561.1,557.3,563.9,565.6,567.3,567.9,567.1,565.3,563.7,563.1,605.8,606.9,610.1,613.7,615.5,614.5,611.3,607.4,602.3,604.7,607.9,611.7,615.1,617.6,619.2,617.8,615.5,612.5,608.8,605.2,609.1,610.7,612.1,612.6,611.8,610.2,608.8,608.3,231.5,227.4,225.6,227.1,231.0,235.4,236.9,235.4,233.3,231.3,229.9,229.1,229.5,231.0,233.0,234.4,235.0,235.4,235.3,234.7,233.2,233.8,233.0,231.3,229.6,228.9,229.7,231.5,229.5,225.7,224.0,225.3,228.9,232.7,234.4,233.4,231.8,229.6,227.9,227.0,227.5,228.6,230.4,231.9,232.7,233.1,233.1,232.9,231.0,231.6,230.9,229.2,227.7,227.1,227.8,229.5,257.8,259.6,264.0,268.5,270.3,268.9,264.1,259.7,253.0,255.1,258.4,262.7,267.6,271.8,275.1,271.7,267.2,262.7,258.6,255.3,262.4,264.3,266.3,267.1,266.2,264.3,262.4,261.6,328.4,330.2,334.7,339.5,341.6,339.8,335.2,330.2,324.5,326.9,330.5,335.4,340.6,345.2,348.6,345.3,341.0,336.3,331.6,327.5,333.1,335.2,337.2,338.0,337.0,335.0,333.0,332.2,-1.8,-6.2,-8.2,-6.6,-2.3,2.4,4.0,2.4,0.2,-2.0,-3.5,-4.4,-3.9,-2.4,-0.1,1.4,2.0,2.4,2.3,1.7,0.0,0.7,-0.1,-2.0,-3.9,-4.6,-3.7,-1.8,-4.3,-8.6,-10.6,-9.1,-4.9,-0.6,1.4,0.3,-1.6,-4.1,-6.1,-7.1,-6.6,-5.3,-3.2,-1.5,-0.6,-0.1,-0.1,-0.3,-2.5,-1.8,-2.7,-4.6,-6.4,-7.1,-6.2,-4.3,651.2,652.0,652.8,653.1,652.7,652.2,651.2,650.8,654.5,652.3,650.5,650.0,651.2,653.0,655.0,652.9,650.8,649.8,650.4,652.1,652.3,652.4,652.8,653.1,653.3,653.1,652.8,652.4,696.1,697.3,698.9,700.1,700.0,698.8,697.2,696.1,696.4,695.7,695.6,696.6,699.1,702.5,705.7,702.3,698.9,696.5,695.4,695.6,697.9,698.4,699.1,699.7,699.7,699.2,698.5,698.0,368.6,31.1,826.1,-0.004,0.095,-0.075
420,0,1656521721.024,0.98,1,-0.085756,0.079221,-0.993162,-0.243650,0.078691,-0.966666,-0.167,0.080,559.9,561.3,565.1,569.1,570.9,569.8,565.8,561.8,554.3,557.0,560.7,564.9,569.0,572.2,574.4,572.1,568.8,564.9,560.9,557.2,563.8,565.5,567.1,567.7,566.9,565.2,563.5,562.9,605.8,606.8,610.1,613.7,615.5,614.5,611.2,607.3,602.3,604.6,607.8,611.6,615.0,617.6,619.2,617.8,615.4,612.4,608.8,605.1,609.1,610.7,612.1,612.5,611.7,610.2,608.7,608.3,231.5,227.4,225.6,227.1,231.0,235.3,236.8,235.4,233.3,231.3,229.9,229.0,229.5,230.9,233.0,234.4,235.0,235.4,235.3,234.7,233.2,233.8,233.0,231.2,229.5,228.9,229.7,231.4,229.4,225.7,224.0,225.3,228.8,232.6,234.3,233.3,231.8,229.5,227.8,227.0,227.4,228.6,230.4,231.8,232.6,233.0,233.0,232.8,231.0,231.5,230.8,229.2,227.6,227.0,227.8,229.4,258.3,260.1,264.5,268.9,270.7,269.3,264.5,260.1,253.4,255.5,258.8,263.1,268.0,272.2,275.5,272.1,267.6,263.1,259.0,255.7,262.8,264.7,266.7,267.5,266.7,264.7,262.8,262.0,329.8,331.5,336.1,340.8,342.8,341.1,336.5,331.6,325.9,328.3,331.8,336.7,341.9,346.5,349.9,346.6,342.3,337.5,332.9,328.8,334.4,336.5,338.5,339.3,338.4,336.3,334.3,333.5,-1.8,-6.2,-8.2,-6.6,-2.4,2.3,4.0,2.4,0.2,-2.0,-3.6,-4.5,-4.0,-2.4,-0.2,1.3,2.0,2.4,2.3,1.7,-0.0,0.7,-0.2,-2.1,-3.9,-4.6,-3.8,-1.9,-4.4,-8.7,-10.7,-9.2,-5.0,-0.7,1.3,0.2,-1.6,-4.2,-6.2,-7.2,-6.7,-5.4,-3.3,-1.6,-0.7,-0.2,-0.2,-0.4,-2.6,-1.9,-2.8,-4.7,-6.5,-7.2,-6.3,-4.4,652.6,653.4,654.2,654.4,654.1,653.5,652.5,652.2,655.9,653.7,651.9,651.4,652.5,654.4,656.3,654.2,652.1,651.2,651.7,653.5,653.7,653.8,654.1,654.5,654.6,654.5,654.2,653.8,699.0,700.2,701.8,702.9,702.8,701.6,700.0,699.1,699.4,698.7,698.5,699.5,701.9,705.3,708.5,705.1,701.7,699.3,698.3,698.6,700.8,701.3,702.0,702.5,702.6,702.1,701.4,700.9,369.7,31.1,828.6,-0.002,0.098,-0.077
421,0,1656521721.057,0.98,1,-0.083120,0.078884,-0.993412,-0.238033,0.079355,-0.968010,-0.162,0.081,559.9,561.2,565.0,569.0,570.8,569.7,565.7,561.7,554.2,557.0,560.6,564.8,568.9,572.1,574.3,572.1,568.7,564.9,560.9,557.1,563.7,565.4,567.1,567.7,566.8,565.1,563.5,562.9,605.8,606.8,610.0,613.6,615.4,614.4,611.2,607.3,602.3,604.6,607.8,611.6,615.0,617.5,619.1,617.7,615.4,612.4,608.8,605.1,609.1,610.6,612.0,612.5,611.7,610.1,608.7,608.3,231.5,227.4,225.6,227.1,231.0,235.3,236.8,235.4,233.3,231.3,229.9,229.1,229.5,230.9,233.0,234.4,235.0,235.4,235.3,234.7,233.2,233.8,233.0,231.2,229.5,228.9,229.7,231.5,229.4,225.7,224.0,225.3,228.9,232.6,234.3,233.3,231.8,229.5,227.9,227.0,227.5,228.6,230.4,231.9,232.6,233.0,233.0,232.8,231.0,231.6,230.8,229.2,227.6,227.1,227.8,229.4,258.4,260.2,264.6,269.0,270.9,269.5,264.7,260.3,253.6,255.7,258.9,263.3,268.2,272.4,275.7,272.3,267.8,263.3,259.2,255.8,263.0,264.9,266.8,267.6,266.8,264.9,262.9,262.1,329.9,331.7,336.2,341.0,343.0,341.3,336.7,331.7,326.0,328.4,332.0,336.9,342.1,346.7,350.1,346.8,342.5,337.7,333.0,328.9,334.6,336.7,338.7,339.4,338.5,336.5,334.5,333.7,-1.8,-6.2,-8.2,-6.6,-2.4,2.3,4.0,2.4,0.2,-2.0,-3.5,-4.4,-4.0,-2.4,-0.2,1.3,2.0,2.4,2.3,1.7,0.0,0.7,-0.2,-2.1,-3.9,-4.6,-3.8,-1.8,-4.3,-8.7,-10.7,-9.1,-5.0,-0.6,1.4,0.2,-1.6,-4.2,-6.1,-7.1,-6.6,-5.3,-3.2,-1.5,-0.6,-0.2,-0.2,-0.4,-2.5,-1.8,-2.7,-4.6,-6.4,-7.1,-6.2,-4.3,653.2,654.0,654.8,655.1,654.7,654.2,653.2,652.9,656.5,654.3,652.5,652.0,653.1,655.0,657.0,654.9,652.8,651.8,652.4,654.2,654.3,654.4,654.8,655.1,655.3,655.1,654.8,654.5,699.4,700.6,702.2,703.4,703.3,702.1,700.5,699.5,699.7,699.0,698.9,699.9,702.4,705.8,709.0,705.6,702.2,699.8,698.7,699.0,701.2,701.7,702.4,703.0,703.0,702.5,701.8,701.3,368.0,31.1,825.1,-0.007,0.093,-0.074
422,0,1656521721.090,0.98,1,-0.087156,0.079686,-0.993002,-0.242764,0.080532,-0.966737,-0.167,0.082,559.8,561.2,565.0,569.0,570.8,569.7,565.7,561.7,554.2,556.9,560.6,564.8,568.9,572.1,574.4,572.1,568.7,564.9,560.9,557.1,563.7,565.4,567.1,567.7,566.9,565.1,563.5,562.9,605.7,606.7,609.9,613.5,615.4,614.4,611.1,607.2,602.2,604.5,607.7,611.5,615.0,617.5,619.1,617.7,615.4,612.3,608.7,605.0,609.0,610.6,612.0,612.4,611.6,610.1,608.6,608.2,231.5,227.4,225.6,227.0,230.9,235.3,236.8,235.4,233.3,231.3,229.8,229.0,229.5,230.9,233.0,234.4,235.0,235.4,235.3,234.7,233.1,233.8,233.0,231.2,229.5,228.9,229.7,231.4,229.2,225.5,223.8,225.1,228.6,232.4,234.1,233.1,231.6,229.3,227.6,226.8,227.2,228.3,230.1,231.6,232.4,232.8,232.8,232.6,230.8,231.3,230.6,228.9,227.4,226.8,227.6,229.2,257.6,259.4,263.8,268.2,270.1,268.7,263.9,259.5,252.8,254.9,258.1,262.5,267.3,271.6,274.8,271.5,267.0,262.4,258.4,255.1,262.2,264.1,266.0,266.8,266.0,264.0,262.1,261.3,328.6,330.4,334.9,339.6,341.7,340.0,335.4,330.5,324.8,327.1,330.7,335.6,340.8,345.4,348.8,345.5,341.2,336.5,331.8,327.7,333.3,335.4,337.4,338.2,337.2,335.2,333.2,332.4,-1.8,-6.2,-8.2,-6.7,-2.4,2.3,4.0,2.4,0.2,-2.0,-3.6,-4.5,-4.0,-2.5,-0.2,1.3,1.9,2.4,2.3,1.7,-0.0,0.7,-0.2,-2.1,-4.0,-4.7,-3.8,-1.9,-4.5,-8.9,-10.9,-9.4,-5.3,-0.9,1.1,-0.0,-1.8,-4.4,-6.4,-7.4,-6.9,-5.7,-3.6,-1.8,-0.9,-0.4,-0.4,-0.6,-2.8,-2.1,-3.0,-4.9,-6.7,-7.4,-6.5,-4.6,651.2,652.0,652.8,653.0,652.7,652.1,651.1,650.9,654.6,652.3,650.6,650.0,651.1,653.0,654.9,652.8,650.7,649.8,650.4,652.2,652.3,652.4,652.7,653.1,653.2,653.1,652.8,652.4,696.9,698.1,699.7,700.8,700.7,699.6,697.9,696.9,697.2,696.5,696.4,697.4,699.9,703.2,706.5,703.0,699.7,697.2,696.2,696.5,698.7,699.2,699.9,700.4,700.5,700.0,699.3,698.7,369.2,31.0,827.8,-0.000,0.098,-0.078
423,0,1656521721.123,0.98,1,-0.087381,0.081407,-0.992843,-0.242298,0.081130,-0.966804,-0.167,0.083,559.8,561.2,565.0,568.9,570.8,569.7,565.7,561.7,554.2,556.9,560.6,564.8,568.9,572.0,574.3,572.0,568.7,564.8,560.8,557.1,563.6,565.4,567.0,567.6,566.8,565.1,563.4,562.8,605.7,606.8,610.0,613.6,615.4,614.4,611.2,607.3,602.3,604.6,607.7,611.6,615.0,617.5,619.1,617.7,615.4,612.3,608.7,605.1,609.0,610.6,612.0,612.5,611.7,610.1,608.7,608.2,231.5,227.4,225.6,227.1,230.9,235.3,236.8,235.4,233.3,231.3,229.9,229.0,229.5,230.9,233.0,234.4,235.0,235.4,235.3,234.7,233.1,233.8,233.0,231.2,229.5,228.9,229.7,231.4,229.3,225.6,223.9,225.2,228.8,232.5,234.2,233.2,231.7,229.4,227.7,226.9,227.3,228.5,230.3,231.7,232.5,232.9,232.9,232.7,230.9,231.4,230.7,229.1,227.5,226.9,227.7,229.3,258.5,260.3,264.7,269.1,271.0,269.6,264.8,260.4,253.8,255.8,259.1,263.4,268.3,272.5,275.8,272.4,267.9,263.4,259.3,256.0,263.1,265.0,267.0,267.7,266.9,265.0,263.1,262.3,329.4,331.1,335.7,340.4,342.5,340.7,336.2,331.2,325.5,327.9,331.5,336.4,341.6,346.1,349.6,346.3,341.9,337.2,332.5,328.4,334.1,336.2,338.2,338.9,338.0,335.9,334.0,333.2,-1.8,-6.2,-8.2,-6.6,-2.4,2.3,4.0,2.4,0.2,-2.0,-3.6,-4.5,-4.0,-2.5,-0.2,1.3,2.0,2.4,2.3,1.7,-0.0,0.7,-0.2,-2.1,-4.0,-4.7,-3.8,-1.9,-4.5,-8.8,-10.8,-9.3,-5.1,-0.8,1.2,0.1,-1.7,-4.3,-6.3,-7.3,-6.8,-5.5,-3.4,-1.7,-0.8,-0.3,-0.3,-0.5,-2.7,-2.0,-2.9,-4.8,-6.6,-7.3,-6.4,-4.5,653.6,654.4,655.1,655.4,655.1,654.6,653.6,653.3,657.0,654.8,653.0,652.4,653.5,655.3,657.3,655.2,653.2,652.2,652.8,654.6,654.7,654.8,655.1,655.5,655.6,655.5,655.2,654.9,698.4,699.6,701.2,702.3,702.2,701.0,699.4,698.4,698.7,698.0,697.9,698.8,701.3,704.7,707.9,704.5,701.1,698.7,697.7,698.0,700.2,700.7,701.4,701.9,701.9,701.5,700.7,700.2,369.2,31.0,827.8,-0.000,0.098,-0.078
424,0,1656521721.157,0.98,1,-0.085484,0.079822,-0.993137,-0.240498,0.080622,-0.967296,-0.165,0.082,559.9,561.2,565.0,569.0,570.9,569.8,565.7,561.7,554.3,557.0,560.6,564.8,568.9,572.1,574.4,572.1,568.8,564.9,560.9,557.2,563.7,565.4,567.1,567.7,566.9,565.1,563.5,562.9,605.8,606.8,610.1,613.7,615.5,614.5,611.3,607.4,602.4,604.7,607.8,611.7,615.1,617.6,619.2,617.8,615.5,612.4,608.8,605.2,609.1,610.7,612.1,612.6,611.8,610.2,608.8,608.3,231.6,227.5,225.7,227.1,231.0,235.4,236.9,235.5,233.4,231.4,230.0,229.1,229.6,231.0,233.0,234.4,235.0,235.4,235.4,234.8,233.2,233.9,233.1,231.3,229.6,229.0,229.8,231.5,229.4,225.6,223.9,225.2,228.8,232.5,234.3,233.3,231.7,229.5,227.8,226.9,227.4,228.5,230.3,231.7,232.5,232.9,232.9,232.8,230.9,231.5,230.7,229.1,227.5,227.0,227.7,229.4,257.8,259.6,264.0,268.4,270.3,268.9,264.1,259.7,253.0,255.1,258.3,262.7,267.6,271.8,275.1,271.7,267.2,262.7,258.6,255.3,262.4,264.3,266.2,267.0,266.2,264.3,262.3,261.6,329.2,330.9,335.5,340.2,342.3,340.5,336.0,331.0,325.3,327.7,331.3,336.2,341.4,345.9,349.4,346.1,341.7,337.0,332.3,328.2,333.9,335.9,337.9,338.7,337.8,335.7,333.7,333.0,-1.7,-6.1,-8.1,-6.6,-2.3,2.4,4.1,2.5,0.3,-1.9,-3.5,-4.3,-3.9,-2.4,-0.1,1.4,2.0,2.5,2.4,1.8,0.1,0.8,-0.1,-2.0,-3.9,-4.6,-3.7,-1.8,-4.4,-8.7,-10.8,-9.3,-5.1,-0.7,1.3,0.1,-1.7,-4.3,-6.2,-7.2,-6.7,-5.5,-3.4,-1.7,-0.7,-0.3,-0.3,-0.5,-2.6,-1.9,-2.8,-4.7,-6.5,-7.2,-6.3,-4.4,651.7,652.4,653.2,653.5,653.1,652.6,651.6,651.3,655.0,652.8,651.0,650.5,651.6,653.4,655.4,653.3,651.2,650.3,650.8,652.6,652.7,652.9,653.2,653.5,653.7,653.6,653.2,652.9,697.7,698.9,700.5,701.6,701.6,700.4,698.8,697.8,698.0,697.3,697.2,698.2,700.7,704.0,707.3,703.8,700.5,698.1,697.0,697.3,699.5,700.0,700.7,701.3,701.3,700.8,700.1,699.6,368.9,31.1,827.0,-0.003,0.095,-0.075
425,0,1656521721.190,0.98,1,-0.089149,0.080090,-0.992793,-0.243255,0.079558,-0.966694,-0.168,0.081,559.9,561.3,565.0,569.0,570.9,569.8,565.7,561.7,554.3,557.0,560.6,564.8,568.9,572.1,574.4,572.1,568.8,564.9,560.9,557.2,563.7,565.5,567.1,567.7,566.9,565.2,563.5,562.9,605.7,606.7,610.0,613.6,615.4,614.4,611.2,607.3,602.2,604.6,607.7,611.6,615.0,617.5,619.1,617.7,615.4,612.3,608.7,605.1,609.0,610.6,612.0,612.5,611.7,610.1,608.7,608.2,231.7,227.6,225.8,227.3,231.2,235.5,237.1,235.6,233.6,231.6,230.1,229.3,229.7,231.1,233.2,234.6,235.2,235.6,235.5,234.9,233.4,234.0,233.2,231.5,229.8,229.1,229.9,231.7,229.5,225.8,224.1,225.4,229.0,232.7,234.4,233.4,231.9,229.7,227.9,227.1,227.5,228.7,230.5,231.9,232.7,233.1,233.1,232.9,231.1,231.7,230.9,229.3,227.7,227.1,227.9,229.5,258.1,259.9,264.3,268.7,270.6,269.2,264.4,260.0,253.3,255.4,258.6,263.0,267.8,272.1,275.3,272.0,267.5,262.9,258.8,255.6,262.7,264.6,266.5,267.3,266.5,264.6,262.6,261.8,328.9,330.6,335.2,339.9,342.0,340.2,335.7,330.7,325.0,327.4,331.0,335.8,341.0,345.6,349.1,345.8,341.4,336.7,332.0,327.9,333.6,335.6,337.6,338.4,337.5,335.4,333.4,332.7,-1.6,-6.0,-8.0,-6.4,-2.1,2.6,4.2,2.6,0.4,-1.7,-3.3,-4.2,-3.7,-2.2,0.1,1.6,2.2,2.6,2.6,1.9,0.2,0.9,0.1,-1.9,-3.7,-4.4,-3.5,-1.6,-4.2,-8.5,-10.6,-9.0,-4.9,-0.5,1.5,0.3,-1.5,-4.1,-6.0,-7.0,-6.5,-5.2,-3.1,-1.4,-0.5,-0.1,-0.1,-0.3,-2.4,-1.7,-2.6,-4.5,-6.3,-7.0,-6.1,-4.2,652.4,653.1,653.9,654.1,653.8,653.3,652.3,652.0,655.7,653.5,651.7,651.1,652.2,654.1,656.0,653.9,651.9,650.9,651.5,653.3,653.4,653.5,653.9,654.2,654.4,654.2,653.9,653.6,697.3,698.5,700.1,701.2,701.1,699.9,698.3,697.3,697.6,696.9,696.8,697.7,700.3,703.6,706.9,703.4,700.0,697.6,696.6,696.8,699.1,699.6,700.3,700.8,700.9,700.4,699.7,699.1,368.7,31.1,826.3,-0.002,0.102,-0.079
426,0,1656521721.223,0.98,1,-0.091649,0.083186,-0.992311,-0.242531,0.082987,-0.966588,-0.169,0.085,560.0,561.4,565.2,569.1,571.0,569.9,565.8,561.9,554.5,557.1,560.8,564.9,569.0,572.2,574.5,572.2,568.8,565.0,561.0,557.3,563.8,565.6,567.2,567.8,567.0,565.3,563.6,563.0,605.8,606.8,610.1,613.7,615.5,614.5,611.2,607.3,602.3,604.7,607.8,611.6,615.1,617.6,619.1,617.8,615.5,612.4,608.8,605.1,609.1,610.7,612.1,612.5,611.8,610.2,608.8,608.3,231.6,227.6,225.8,227.2,231.1,235.4,237.0,235.5,233.5,231.5,230.0,229.2,229.6,231.0,233.1,234.5,235.1,235.5,235.5,234.9,233.3,233.9,233.1,231.4,229.7,229.0,229.8,231.6,229.5,225.7,224.0,225.3,228.9,232.7,234.4,233.4,231.8,229.6,227.9,227.1,227.5,228.6,230.4,231.9,232.7,233.1,233.1,232.9,231.0,231.6,230.9,229.2,227.7,227.1,227.8,229.5,259.2,261.0,265.4,269.8,271.7,270.3,265.5,261.1,254.5,256.5,259.7,264.1,268.9,273.2,276.4,273.1,268.6,264.0,260.0,256.7,263.8,265.7,267.6,268.4,267.6,265.7,263.7,263.0,329.4,331.1,335.7,340.4,342.5,340.7,336.2,331.2,325.5,327.9,331.5,336.4,341.6,346.1,349.6,346.3,341.9,337.2,332.5,328.4,334.1,336.1,338.1,338.9,338.0,335.9,333.9,333.2,-1.7,-6.1,-8.1,-6.5,-2.3,2.5,4.1,2.5,0.3,-1.8,-3.4,-4.3,-3.8,-2.3,-0.1,1.5,2.1,2.6,2.5,1.9,0.1,0.8,-0.0,-2.0,-3.8,-4.5,-3.6,-1.7,-4.3,-8.6,-10.6,-9.1,-4.9,-0.6,1.4,0.3,-1.6,-4.1,-6.1,-7.1,-6.6,-5.3,-3.2,-1.5,-0.6,-0.1,-0.1,-0.3,-2.5,-1.8,-2.7,-4.6,-6.4,-7.1,-6.2,-4.3,654.8,655.6,656.3,656.5,656.2,655.7,654.7,654.5,658.2,656.0,654.1,653.6,654.6,656.4,658.4,656.4,654.3,653.4,654.0,655.9,655.9,656.0,656.3,656.6,656.8,656.7,656.3,656.0,698.1,699.3,701.0,702.1,702.0,700.9,699.2,698.2,698.5,697.8,697.6,698.6,701.1,704.5,707.8,704.3,701.0,698.5,697.5,697.7,700.0,700.5,701.2,701.7,701.7,701.2,700.5,700.0,369.6,31.1,828.0,0.001,0.102,-0.080
427,0,1656521721.257,0.98,1,-0.087964,0.083963,-0.992579,-0.241704,0.083260,-0.966771,-0.167,0.085,560.1,561.5,565.2,569.2,571.0,569.9,565.9,562.0,554.5,557.2,560.8,565.0,569.1,572.3,574.5,572.3,568.9,565.1,561.1,557.4,563.9,565.6,567.3,567.9,567.1,565.3,563.7,563.1,606.0,607.0,610.3,613.8,615.6,614.6,611.4,607.5,602.5,604.8,608.0,611.8,615.2,617.7,619.3,617.9,615.6,612.5,608.9,605.3,609.3,610.8,612.3,612.7,611.9,610.3,608.9,608.5,231.5,227.4,225.6,227.1,230.9,235.3,236.8,235.3,233.3,231.3,229.9,229.1,229.5,230.9,233.0,234.4,234.9,235.3,235.3,234.7,233.1,233.8,233.0,231.2,229.5,228.9,229.7,231.4,229.3,225.6,223.9,225.2,228.8,232.5,234.2,233.2,231.7,229.4,227.8,226.9,227.4,228.5,230.3,231.7,232.5,232.9,232.9,232.7,230.9,231.5,230.7,229.1,227.5,226.9,227.7,229.3,259.3,261.1,265.5,269.9,271.8,270.4,265.6,261.2,254.5,256.6,259.8,264.2,269.0,273.3,276.5,273.2,268.7,264.1,260.0,256.7,263.8,265.8,267.7,268.5,267.7,265.7,263.8,263.0,330.2,332.0,336.5,341.2,343.3,341.6,337.0,332.0,326.3,328.7,332.3,337.2,342.4,346.9,350.4,347.1,342.8,338.0,333.3,329.2,334.9,337.0,339.0,339.7,338.8,336.8,334.8,334.0,-1.9,-6.2,-8.2,-6.7,-2.4,2.3,4.0,2.4,0.2,-2.0,-3.6,-4.5,-4.0,-2.5,-0.2,1.3,1.9,2.4,2.3,1.7,-0.0,0.7,-0.2,-2.1,-4.0,-4.7,-3.8,-1.9,-4.4,-8.8,-10.8,-9.3,-5.1,-0.7,1.3,0.1,-1.7,-4.3,-6.3,-7.2,-6.7,-5.5,-3.4,-1.7,-0.7,-0.3,-0.3,-0.5,-2.6,-2.0,-2.8,-4.8,-6.6,-7.3,-6.4,-4.5,654.8,655.5,656.3,656.5,656.2,655.7,654.7,654.4,658.1,655.9,654.1,653.5,654.6,656.5,658.5,656.4,654.3,653.4,654.0,655.8,655.8,656.0,656.3,656.6,656.8,656.6,656.3,656.0,699.5,700.7,702.4,703.5,703.4,702.2,700.6,699.6,699.9,699.2,699.0,700.0,702.5,705.9,709.1,705.7,702.4,699.9,698.9,699.1,701.4,701.9,702.6,703.1,703.1,702.6,701.9,701.4,369.2,31.1,826.9,0.002,0.100,-0.078
428,0,1656521721.290,0.98,1,-0.087219,0.079139,-0.993041,-0.243389,0.078552,-0.966743,-0.167,0.080,560.1,561.5,565.3,569.2,571.1,570.0,565.9,562.0,554.5,557.2,560.9,565.1,569.2,572.3,574.6,572.3,569.0,565.1,561.1,557.4,563.9,565.7,567.3,567.9,567.1,565.4,563.7,563.1,605.9,607.0,610.2,613.8,615.6,614.6,611.3,607.5,602.4,604.8,607.9,611.8,615.2,617.7,619.3,617.9,615.6,612.5,608.9,605.3,609.2,610.8,612.2,612.7,611.9,610.3,608.9,608.4,231.5,227.5,225.7,227.2,231.1,235.4,236.9,235.4,233.4,231.4,229.9,229.1,229.6,231.0,233.1,234.5,235.1,235.5,235.4,234.8,233.2,233.9,233.1,231.3,229.6,229.0,229.8,231.5,229.5,225.8,224.1,225.4,229.0,232.7,234.4,233.4,231.9,229.6,227.9,227.1,227.5,228.7,230.5,232.0,232.7,233.1,233.1,232.9,231.1,231.7,230.9,229.3,227.7,227.1,227.9,229.5,258.3,260.1,264.5,269.0,270.8,269.4,264.6,260.2,253.5,255.6,258.9,263.2,268.1,272.3,275.6,272.2,267.7,263.2,259.1,255.8,262.9,264.8,266.7,267.5,266.7,264.8,262.9,262.1,329.6,331.3,335.9,340.6,342.7,340.9,336.3,331.4,325.7,328.1,331.6,336.5,341.7,346.3,349.7,346.4,342.1,337.4,332.7,328.6,334.2,336.3,338.3,339.1,338.2,336.1,334.1,333.3,-1.7,-6.1,-8.1,-6.5,-2.3,2.4,4.1,2.5,0.3,-1.9,-3.5,-4.4,-3.9,-2.3,-0.0,1.5,2.1,2.5,2.4,1.8,0.1,0.8,-0.1,-2.0,-3.8,-4.5,-3.7,-1.8,-4.2,-8.6,-10.6,-9.0,-4.9,-0.5,1.5,0.3,-1.5,-4.1,-6.1,-7.0,-6.5,-5.2,-3.1,-1.4,-0.5,-0.0,-0.0,-0.3,-2.4,-1.7,-2.6,-4.5,-6.3,-7.0,-6.1,-4.2,652.4,653.1,653.9,654.2,653.8,653.3,652.3,652.0,655.7,653.5,651.7,651.2,652.3,654.1,656.1,654.0,651.9,651.0,651.5,653.3,653.4,653.6,653.9,654.2,654.4,654.3,653.9,653.6,698.2,699.4,701.0,702.2,702.1,700.9,699.3,698.3,698.6,697.9,697.7,698.7,701.2,704.5,707.8,704.3,701.0,698.6,697.5,697.8,700.1,700.5,701.2,701.8,701.8,701.3,700.6,700.1,369.7,31.2,828.2,-0.001,0.100,-0.076
429,0,1656521721.323,0.98,1,-0.090685,0.080061,-0.992656,-0.243078,0.079039,-0.966781,-0.169,0.081,560.2,561.6,565.3,569.3,571.1,570.0,566.0,562.0,554.6,557.3,560.9,565.1,569.2,572.4,574.7,572.4,569.0,565.2,561.2,557.5,564.0,565.7,567.4,568.0,567.2,565.4,563.8,563.2,605.9,606.9,610.2,613.8,615.6,614.6,611.3,607.4,602.4,604.7,607.9,611.7,615.2,617.7,619.2,617.9,615.5,612.5,608.9,605.2,609.2,610.8,612.2,612.6,611.8,610.3,608.8,608.4,231.6,227.5,225.7,227.2,231.1,235.4,236.9,235.5,233.4,231.4,230.0,229.2,229.6,231.0,233.1,234.5,235.1,235.5,235.4,234.8,233.3,233.9,233.1,231.4,229.7,229.0,229.8,231.6,229.6,225.8,224.1,225.4,229.0,232.8,234.5,233.5,231.9,229.7,228.0,227.1,227.6,228.7,230.5,232.0,232.8,233.2,233.1,233.0,231.1,231.7,231.0,229.3,227.8,227.2,227.9,229.6,259.0,260.7,265.1,269.6,271.4,270.0,265.2,260.8,254.2,256.3,259.5,263.8,268.7,272.9,276.2,272.8,268.3,263.8,259.7,256.4,263.5,265.4,267.4,268.1,267.3,265.4,263.5,262.7,329.0,330.8,335.3,340.0,342.1,340.3,335.8,330.8,325.1,327.5,331.1,336.0,341.2,345.7,349.2,345.9,341.5,336.8,332.1,328.0,333.7,335.8,337.8,338.5,337.6,335.6,333.6,332.8,-1.7,-6.1,-8.1,-6.5,-2.3,2.5,4.1,2.5,0.3,-1.9,-3.5,-4.3,-3.9,-2.3,-0.0,1.5,2.1,2.5,2.5,1.8,0.1,0.8,-0.0,-2.0,-3.8,-4.5,-3.7,-1.7,-4.2,-8.5,-10.5,-9.0,-4.8,-0.5,1.5,0.4,-1.4,-4.0,-6.0,-7.0,-6.5,-5.2,-3.1,-1.4,-0.4,-0.0,-0.0,-0.2,-2.4,-1.7,-2.6,-4.5,-6.3,-7.0,-6.1,-4.2,653.7,654.5,655.2,655.4,655.1,654.6,653.6,653.3,657.1,654.8,653.0,652.5,653.5,655.4,657.3,655.3,653.2,652.3,652.9,654.7,654.7,654.9,655.2,655.5,655.7,655.6,655.2,654.9,697.2,698.4,700.0,701.1,701.1,699.9,698.2,697.2,697.5,696.8,696.7,697.7,700.2,703.5,706.8,703.3,700.0,697.5,696.5,696.7,699.0,699.5,700.2,700.7,700.8,700.3,699.6,699.0,369.4,31.2,827.5,-0.001,0.103,-0.079
430,0,1656521721.357,0.98,1,-0.084832,0.083729,-0.992871,-0.241010,0.083292,-0.966942,-0.165,0.085,560.1,561.5,565.3,569.3,571.1,570.0,566.0,562.0,554.5,557.2,560.9,565.1,569.2,572.4,574.6,572.3,569.0,565.1,561.1,557.4,563.9,565.7,567.3,567.9,567.1,565.4,563.7,563.1,606.0,607.0,610.2,613.8,615.6,614.6,611.4,607.5,602.5,604.8,608.0,611.8,615.2,617.7,619.3,617.9,615.6,612.6,608.9,605.3,609.3,610.8,612.3,612.7,611.9,610.3,608.9,608.5,231.7,227.6,225.8,227.3,231.2,235.5,237.0,235.6,233.5,231.5,230.1,229.3,229.7,231.1,233.2,234.6,235.2,235.6,235.5,234.9,233.4,234.0,233.2,231.4,229.7,229.1,229.9,231.6,229.6,225.8,224.1,225.4,229.0,232.7,234.5,233.5,231.9,229.7,228.0,227.1,227.6,228.7,230.5,231.9,232.7,233.1,233.1,232.9,231.1,231.7,230.9,229.3,227.7,227.2,227.9,229.5,258.5,260.3,264.7,269.1,271.0,269.5,264.7,260.3,253.6,255.7,259.0,263.3,268.2,272.4,275.7,272.4,267.9,263.3,259.2,255.9,263.0,265.0,266.9,267.7,266.9,264.9,263.0,262.2,329.7,331.4,336.0,340.7,342.8,341.0,336.5,331.5,325.8,328.2,331.8,336.7,341.9,346.4,349.9,346.6,342.2,337.5,332.8,328.7,334.4,336.5,338.4,339.2,338.3,336.2,334.2,333.5,-1.6,-6.0,-8.0,-6.4,-2.2,2.6,4.2,2.6,0.4,-1.8,-3.3,-4.2,-3.7,-2.2,0.0,1.6,2.2,2.6,2.5,1.9,0.2,0.9,0.0,-1.9,-3.7,-4.4,-3.6,-1.6,-4.2,-8.5,-10.6,-9.0,-4.9,-0.5,1.5,0.3,-1.5,-4.0,-6.0,-7.0,-6.5,-5.2,-3.2,-1.5,-0.5,-0.1,-0.0,-0.3,-2.4,-1.7,-2.6,-4.5,-6.3,-7.0,-6.1,-4.2,652.6,653.4,654.1,654.4,654.1,653.6,652.5,652.2,655.9,653.7,651.9,651.4,652.5,654.4,656.4,654.3,652.1,651.2,651.8,653.6,653.7,653.8,654.1,654.5,654.6,654.5,654.2,653.8,698.4,699.6,701.3,702.4,702.3,701.1,699.5,698.5,698.8,698.1,697.9,698.9,701.4,704.8,708.1,704.6,701.3,698.8,697.8,698.0,700.3,700.8,701.5,702.0,702.0,701.5,700.8,700.3,369.0,31.2,826.5,0.001,0.097,-0.078
431,0,1656521721.390,0.98,1,-0.091983,0.081357,-0.992432,-0.244122,0.080253,-0.966418,-0.170,0.082,560.2,561.6,565.3,569.3,571.1,570.0,566.0,562.0,554.6,557.3,560.9,565.1,569.2,572.4,574.7,572.4,569.0,565.2,561.2,557.5,564.0,565.7,567.4,568.0,567.2,565.4,563.8,563.2,605.8,606.8,610.1,613.7,615.5,614.5,611.3,607.4,602.3,604.7,607.8,611.6,615.1,617.6,619.2,617.8,615.5,612.4,608.8,605.2,609.1,610.7,612.1,612.6,611.8,610.2,608.8,608.3,231.6,227.6,225.8,227.2,231.1,235.4,237.0,235.5,233.5,231.5,230.0,229.2,229.6,231.0,233.1,234.5,235.1,235.5,235.5,234.9,233.3,233.9,233.1,231.4,229.7,229.0,229.8,231.6,229.5,225.7,224.0,225.3,228.9,232.6,234.3,233.3,231.8,229.6,227.8,227.0,227.4,228.6,230.4,231.8,232.6,233.0,233.0,232.9,231.0,231.6,230.8,229.2,227.6,227.0,227.8,229.4,259.2,261.0,265.4,269.8,271.7,270.3,265.5,261.1,254.5,256.6,259.8,264.1,269.0,273.2,276.5,273.1,268.6,264.1,260.0,256.7,263.8,265.7,267.6,268.4,267.6,265.7,263.8,263.0,328.9,330.6,335.2,339.9,342.0,340.3,335.7,330.7,325.0,327.4,331.0,335.9,341.1,345.6,349.1,345.8,341.5,336.7,332.1,328.0,333.6,335.7,337.7,338.4,337.5,335.4,333.5,332.7,-1.7,-6.1,-8.1,-6.5,-2.2,2.5,4.1,2.6,0.4,-1.8,-3.4,-4.3,-3.8,-2.3,-0.0,1.5,2.1,2.6,2.5,1.9,0.2,0.8,-0.0,-1.9,-3.8,-4.5,-3.6,-1.7,-4.3,-8.6,-10.7,-9.2,-5.0,-0.6,1.4,0.2,-1.5,-4.2,-6.1,-7.1,-6.7,-5.4,-3.3,-1.6,-0.6,-0.2,-0.1,-0.4,-2.5,-1.8,-2.7,-4.6,-6.5,-7.1,-6.2,-4.3,654.4,655.2,655.9,656.1,655.7,655.3,654.3,654.0,657.8,655.5,653.7,653.1,654.2,656.0,658.0,655.9,653.9,653.0,653.6,655.4,655.4,655.5,655.9,656.2,656.3,656.2,655.9,655.6,697.1,698.3,700.0,701.1,701.0,699.8,698.2,697.2,697.5,696.8,696.6,697.6,700.1,703.5,706.7,703.3,699.9,697.5,696.5,696.7,699.0,699.5,700.2,700.7,700.7,700.2,699.5,699.0,370.4,31.3,829.4,0.001,0.104,-0.083
432,0,1656521721.424,0.98,1,-0.088297,0.079058,-0.992952,-0.242802,0.078146,-0.966923,-0.167,0.080,560.1,561.4,565.2,569.2,571.0,569.9,565.9,561.9,554.5,557.2,560.8,565.0,569.1,572.3,574.6,572.3,568.9,565.1,561.1,557.4,563.9,565.6,567.3,567.9,567.1,565.3,563.7,563.1,605.9,606.9,610.2,613.8,615.6,614.6,611.3,607.4,602.4,604.7,607.9,611.7,615.2,617.7,619.2,617.9,615.5,612.5,608.9,605.2,609.2,610.8,612.2,612.6,611.8,610.3,608.8,608.4,231.7,227.6,225.8,227.3,231.2,235.5,237.0,235.6,233.5,231.5,230.1,229.3,229.7,231.1,233.2,234.6,235.2,235.6,235.5,234.9,233.4,234.0,233.2,231.4,229.7,229.1,229.9,231.7,229.6,225.9,224.2,225.5,229.1,232.8,234.5,233.5,231.9,229.7,228.0,227.2,227.7,228.8,230.6,232.0,232.8,233.2,233.2,233.0,231.2,231.8,231.0,229.4,227.8,227.2,228.0,229.6,258.5,260.3,264.7,269.1,271.0,269.6,264.8,260.4,253.7,255.8,259.0,263.3,268.2,272.4,275.7,272.4,267.9,263.3,259.2,255.9,263.0,265.0,266.9,267.7,266.9,264.9,263.0,262.2,329.5,331.2,335.8,340.5,342.6,340.8,336.2,331.3,325.6,328.0,331.6,336.5,341.7,346.2,349.7,346.4,342.0,337.3,332.6,328.5,334.2,336.2,338.2,339.0,338.1,336.0,334.0,333.3,-1.6,-6.0,-8.0,-6.4,-2.2,2.5,4.2,2.6,0.4,-1.8,-3.3,-4.2,-3.7,-2.2,0.0,1.5,2.2,2.6,2.5,1.9,0.2,0.9,0.0,-1.9,-3.7,-4.4,-3.6,-1.6,-4.1,-8.5,-10.5,-8.9,-4.8,-0.4,1.6,0.4,-1.4,-4.0,-5.9,-6.9,-6.4,-5.1,-3.0,-1.3,-0.4,0.0,0.0,-0.2,-2.3,-1.6,-2.5,-4.4,-6.2,-6.9,-6.0,-4.1,652.8,653.6,654.3,654.6,654.2,653.8,652.8,652.5,656.2,654.0,652.1,651.6,652.7,654.5,656.5,654.4,652.4,651.4,652.0,653.8,653.9,654.0,654.3,654.7,654.8,654.7,654.4,654.1,698.2,699.4,701.0,702.1,702.0,700.8,699.2,698.2,698.5,697.8,697.7,698.6,701.1,704.5,707.7,704.3,701.0,698.5,697.5,697.8,700.0,700.5,701.2,701.7,701.7,701.3,700.6,700.0,369.5,31.3,827.7,-0.006,0.102,-0.079
433,0,1656521721.457,0.98,1,-0.090164,0.081341,-0.992600,-0.243996,0.080850,-0.966400,-0.169,0.083,560.0,561.3,565.1,569.1,570.9,569.8,565.8,561.8,554.4,557.1,560.7,564.9,569.0,572.2,574.5,572.2,568.8,565.0,561.0,557.3,563.8,565.5,567.2,567.8,567.0,565.2,563.6,563.0,605.9,607.0,610.2,613.8,615.6,614.6,611.4,607.5,602.4,604.8,607.9,611.8,615.2,617.7,619.3,617.9,615.6,612.5,608.9,605.3,609.2,610.8,612.2,612.7,611.9,610.3,608.9,608.4,231.6,227.6,225.8,227.2,231.1,235.4,237.0,235.5,233.5,231.5,230.1,229.2,229.7,231.1,233.1,234.5,235.1,235.5,235.5,234.9,233.3,233.9,233.1,231.4,229.7,229.0,229.8,231.6,229.4,225.7,224.0,225.3,228.9,232.6,234.3,233.3,231.8,229.5,227.9,227.0,227.5,228.6,230.4,231.8,232.6,233.0,233.0,232.8,231.0,231.6,230.8,229.2,227.6,227.0,227.8,229.4,258.6,260.4,264.8,269.2,271.1,269.7,264.9,260.5,253.9,255.9,259.1,263.5,268.3,272.6,275.9,272.5,268.0,263.4,259.4,256.1,263.2,265.1,267.0,267.8,267.0,265.1,263.1,262.4,329.7,331.5,336.0,340.7,342.8,341.1,336.5,331.5,325.9,328.2,331.8,336.7,341.9,346.5,349.9,346.6,342.3,337.5,332.8,328.8,334.4,336.5,338.5,339.3,338.3,336.3,334.3,333.5,-1.6,-6.0,-8.1,-6.5,-2.3,2.5,4.1,2.6,0.4,-1.8,-3.3,-4.2,-3.8,-2.3,-0.1,1.5,2.1,2.5,2.5,1.9,0.2,0.9,-0.0,-1.9,-3.8,-4.5,-3.6,-1.7,-4.3,-8.7,-10.7,-9.2,-5.0,-0.6,1.4,0.2,-1.6,-4.2,-6.1,-7.1,-6.6,-5.3,-3.3,-1.6,-0.6,-0.2,-0.2,-0.4,-2.5,-1.9,-2.7,-4.6,-6.5,-7.1,-6.3,-4.4,653.5,654.2,654.9,655.2,654.8,654.4,653.4,653.1,656.8,654.6,652.8,652.2,653.3,655.1,657.1,655.0,652.9,652.0,652.6,654.5,654.5,654.6,654.9,655.3,655.4,655.3,655.0,654.7,698.6,699.8,701.4,702.5,702.4,701.2,699.6,698.7,699.0,698.2,698.1,699.0,701.5,704.8,708.1,704.7,701.3,698.9,697.9,698.2,700.4,700.9,701.6,702.1,702.1,701.6,700.9,700.4,369.6,31.3,827.8,-0.002,0.103,-0.082
434,0,1656521721.490,0.98,1,-0.089211,0.076314,-0.993085,-0.242625,0.076035,-0.967136,-0.168,0.078,560.0,561.4,565.2,569.2,571.0,569.9,565.9,561.9,554.4,557.1,560.8,565.0,569.1,572.3,574.6,572.3,568.9,565.0,561.0,557.3,563.9,565.6,567.3,567.9,567.1,565.3,563.7,563.1,605.9,606.9,610.2,613.8,615.6,614.6,611.4,607.5,602.4,604.8,607.9,611.8,615.2,617.7,619.3,617.9,615.6,612.6,608.9,605.3,609.2,610.8,612.2,612.7,611.9,610.3,608.9,608.4,231.6,227.5,225.7,227.2,231.1,235.4,237.0,235.5,233.5,231.4,230.0,229.1,229.6,231.1,233.2,234.5,235.1,235.5,235.4,234.8,233.3,233.9,233.1,231.4,229.7,229.0,229.8,231.6,229.6,225.8,224.1,225.4,229.0,232.8,234.5,233.5,231.9,229.7,228.0,227.1,227.6,228.7,230.6,232.0,232.8,233.2,233.2,233.0,231.1,231.7,231.0,229.3,227.8,227.2,227.9,229.6,257.8,259.6,264.0,268.4,270.2,268.8,264.0,259.6,253.0,255.1,258.3,262.6,267.5,271.7,275.0,271.6,267.1,262.6,258.5,255.2,262.3,264.3,266.2,267.0,266.2,264.2,262.3,261.5,328.4,330.1,334.7,339.4,341.5,339.7,335.1,330.2,324.5,326.9,330.4,335.3,340.5,345.1,348.5,345.2,340.9,336.2,331.5,327.4,333.0,335.1,337.1,337.9,337.0,334.9,332.9,332.1,-1.7,-6.1,-8.1,-6.5,-2.2,2.5,4.1,2.5,0.3,-1.9,-3.4,-4.3,-3.8,-2.3,-0.0,1.5,2.1,2.5,2.4,1.8,0.1,0.8,-0.0,-1.9,-3.8,-4.5,-3.6,-1.7,-4.1,-8.5,-10.5,-9.0,-4.8,-0.4,1.5,0.4,-1.4,-4.0,-6.0,-7.0,-6.5,-5.2,-3.0,-1.4,-0.4,-0.0,-0.0,-0.2,-2.3,-1.7,-2.5,-4.4,-6.3,-6.9,-6.1,-4.2,651.1,651.9,652.7,652.9,652.5,652.0,651.0,650.7,654.5,652.3,650.5,649.9,651.0,652.8,654.8,652.7,650.6,649.7,650.3,652.1,652.2,652.3,652.6,652.9,653.1,653.0,652.7,652.3,695.7,696.9,698.6,699.7,699.6,698.4,696.7,695.7,696.0,695.3,695.2,696.2,698.7,702.0,705.3,701.8,698.5,696.0,695.0,695.2,697.5,698.0,698.7,699.3,699.3,698.8,698.1,697.6,369.0,31.2,826.7,-0.004,0.100,-0.076
435,0,1656521721.524,0.98,1,-0.086038,0.080326,-0.993048,-0.242087,0.080152,-0.966938,-0.166,0.082,560.0,561.4,565.2,569.2,571.0,569.9,565.9,561.9,554.4,557.1,560.8,565.0,569.1,572.3,574.5,572.2,568.9,565.0,561.0,557.3,563.9,565.6,567.2,567.8,567.0,565.3,563.6,563.0,606.0,607.0,610.2,613.8,615.6,614.6,611.4,607.5,602.5,604.8,608.0,611.8,615.2,617.7,619.3,617.9,615.6,612.6,609.0,605.3,609.3,610.8,612.3,612.7,611.9,610.3,608.9,608.5,231.6,227.6,225.7,227.2,231.1,235.4,236.9,235.5,233.5,231.5,230.0,229.2,229.6,231.0,233.1,234.5,235.1,235.5,235.4,234.8,233.3,233.9,233.1,231.4,229.7,229.0,229.8,231.6,229.5,225.7,224.0,225.3,228.9,232.7,234.4,233.4,231.8,229.6,227.9,227.1,227.5,228.6,230.4,231.9,232.6,233.0,233.0,232.8,231.0,231.6,230.9,229.2,227.7,227.1,227.8,229.5,258.7,260.5,264.9,269.4,271.2,269.8,265.0,260.6,253.9,256.0,259.3,263.6,268.5,272.7,276.0,272.6,268.1,263.6,259.5,256.2,263.3,265.2,267.2,267.9,267.1,265.2,263.3,262.5,330.2,331.9,336.5,341.2,343.3,341.5,337.0,332.0,326.3,328.7,332.3,337.2,342.4,346.9,350.4,347.1,342.7,338.0,333.3,329.2,334.9,336.9,338.9,339.7,338.8,336.7,334.7,334.0,-1.7,-6.1,-8.1,-6.5,-2.3,2.5,4.1,2.5,0.3,-1.8,-3.4,-4.3,-3.8,-2.3,-0.1,1.4,2.1,2.5,2.4,1.8,0.1,0.8,-0.0,-2.0,-3.8,-4.5,-3.6,-1.7,-4.3,-8.6,-10.6,-9.1,-5.0,-0.6,1.4,0.2,-1.6,-4.2,-6.1,-7.1,-6.6,-5.3,-3.2,-1.5,-0.6,-0.2,-0.2,-0.4,-2.5,-1.8,-2.7,-4.6,-6.4,-7.1,-6.2,-4.3,653.6,654.3,655.1,655.4,655.0,654.5,653.5,653.2,656.9,654.7,652.9,652.4,653.5,655.3,657.3,655.2,653.1,652.2,652.7,654.5,654.6,654.8,655.1,655.4,655.6,655.5,655.1,654.8,699.5,700.7,702.3,703.4,703.3,702.1,700.5,699.5,699.8,699.1,699.0,699.9,702.5,705.8,709.0,705.6,702.3,699.8,698.8,699.1,701.3,701.8,702.5,703.0,703.1,702.6,701.9,701.3,369.2,31.1,827.1,-0.003,0.097,-0.076
436,0,1656521721.557,0.98,1,-0.088169,0.082887,-0.992651,-0.242684,0.083130,-0.966537,-0.167,0.085,560.0,561.4,565.2,569.1,571.0,569.9,565.9,561.9,554.4,557.1,560.8,565.0,569.1,572.3,574.5,572.2,568.9,565.0,561.0,557.3,563.8,565.6,567.2,567.8,567.0,565.3,563.6,563.0,605.8,606.8,610.1,613.7,615.5,614.5,611.3,607.4,602.4,604.7,607.8,611.7,615.1,617.6,619.2,617.8,615.5,612.5,608.9,605.2,609.2,610.7,612.1,612.6,611.8,610.2,608.8,608.3,231.6,227.5,225.7,227.1,231.0,235.4,236.9,235.5,233.5,231.5,230.0,229.2,229.6,231.0,233.0,234.5,235.1,235.5,235.4,234.8,233.3,233.9,233.1,231.3,229.6,229.0,229.8,231.6,229.3,225.6,223.9,225.2,228.7,232.5,234.2,233.2,231.7,229.4,227.7,226.9,227.3,228.4,230.2,231.7,232.5,232.9,232.9,232.7,230.9,231.4,230.7,229.1,227.5,226.9,227.7,229.3,258.5,260.2,264.6,269.0,270.9,269.5,264.8,260.3,253.7,255.8,259.0,263.3,268.2,272.4,275.7,272.3,267.8,263.3,259.2,255.9,263.0,265.0,266.9,267.7,266.8,264.9,263.0,262.2,329.7,331.5,336.0,340.7,342.8,341.1,336.5,331.6,325.9,328.2,331.8,336.7,341.9,346.4,349.9,346.6,342.3,337.6,332.9,328.8,334.4,336.5,338.5,339.3,338.3,336.3,334.3,333.5,-1.7,-6.1,-8.1,-6.5,-2.3,2.4,4.1,2.5,0.3,-1.9,-3.4,-4.3,-3.9,-2.4,-0.1,1.4,2.1,2.5,2.5,1.8,0.1,0.8,-0.1,-2.0,-3.9,-4.5,-3.7,-1.7,-4.4,-8.8,-10.8,-9.3,-5.2,-0.8,1.2,0.1,-1.7,-4.3,-6.3,-7.3,-6.8,-5.5,-3.4,-1.7,-0.8,-0.3,-0.3,-0.5,-2.7,-2.0,-2.9,-4.8,-6.6,-7.3,-6.4,-4.5,652.9,653.6,654.4,654.6,654.3,653.8,652.8,652.5,656.3,654.0,652.2,651.7,652.7,654.6,656.6,654.5,652.4,651.5,652.1,653.9,654.0,654.1,654.4,654.7,654.9,654.8,654.4,654.1,698.8,700.0,701.6,702.7,702.7,701.5,699.9,698.9,699.2,698.5,698.3,699.3,701.8,705.1,708.4,704.9,701.6,699.2,698.1,698.4,700.6,701.1,701.8,702.4,702.4,701.9,701.2,700.7,369.5,31.0,827.8,0.002,0.098,-0.078
437,0,1656521721.590,0.98,1,-0.088802,0.079731,-0.992853,-0.242143,0.079480,-0.966980,-0.167,0.081,560.0,561.4,565.2,569.1,571.0,569.9,565.8,561.8,554.4,557.1,560.7,565.0,569.1,572.2,574.5,572.2,568.9,565.0,561.0,557.3,563.8,565.6,567.2,567.8,567.0,565.3,563.6,563.0,605.9,606.9,610.2,613.8,615.6,614.6,611.3,607.4,602.4,604.7,607.9,611.7,615.2,617.7,619.2,617.9,615.5,612.5,608.9,605.2,609.2,610.8,612.2,612.6,611.8,610.3,608.8,608.4,231.5,227.4,225.6,227.1,231.0,235.3,236.8,235.4,233.3,231.3,229.9,229.1,229.5,230.9,233.0,234.4,235.0,235.4,235.3,234.7,233.2,233.8,233.0,231.3,229.6,228.9,229.7,231.5,229.4,225.7,224.0,225.3,228.9,232.7,234.4,233.4,231.8,229.5,227.8,227.0,227.5,228.6,230.4,231.9,232.6,233.0,233.0,232.8,231.0,231.6,230.8,229.2,227.6,227.1,227.8,229.4,258.4,260.2,264.6,269.0,270.9,269.4,264.6,260.2,253.6,255.7,258.9,263.3,268.1,272.3,275.6,272.3,267.8,263.2,259.1,255.8,262.9,264.9,266.8,267.6,266.8,264.8,262.9,262.1,328.6,330.3,334.9,339.6,341.7,339.9,335.4,330.4,324.7,327.1,330.7,335.6,340.8,345.3,348.8,345.5,341.1,336.4,331.7,327.6,333.3,335.3,337.3,338.1,337.2,335.1,333.1,332.4,-1.8,-6.2,-8.2,-6.6,-2.4,2.4,4.0,2.4,0.2,-2.0,-3.5,-4.4,-4.0,-2.4,-0.1,1.4,2.0,2.4,2.3,1.7,0.0,0.7,-0.1,-2.1,-3.9,-4.6,-3.8,-1.8,-4.3,-8.6,-10.7,-9.1,-5.0,-0.6,1.4,0.2,-1.6,-4.2,-6.1,-7.1,-6.6,-5.3,-3.2,-1.5,-0.6,-0.2,-0.2,-0.4,-2.5,-1.8,-2.7,-4.6,-6.4,-7.1,-6.2,-4.3,652.8,653.6,654.3,654.6,654.2,653.7,652.7,652.4,656.1,653.9,652.1,651.6,652.6,654.5,656.4,654.4,652.3,651.3,651.9,653.7,653.8,653.9,654.3,654.6,654.8,654.7,654.3,654.0,696.3,697.6,699.2,700.3,700.2,699.0,697.4,696.4,696.7,696.0,695.8,696.8,699.4,702.7,705.9,702.5,699.1,696.7,695.6,695.9,698.2,698.7,699.4,699.9,699.9,699.5,698.7,698.2,368.5,31.1,826.0,-0.002,0.099,-0.075
438,0,1656521721.624,0.98,1,-0.083560,0.080036,-0.993284,-0.241917,0.080437,-0.966957,-0.165,0.082,560.0,561.3,565.1,569.1,571.0,569.8,565.8,561.8,554.3,557.0,560.7,564.9,569.0,572.2,574.5,572.2,568.8,565.0,561.0,557.2,563.8,565.5,567.2,567.8,567.0,565.2,563.6,563.0,605.8,606.8,610.1,613.7,615.5,614.5,611.3,607.4,602.4,604.7,607.8,611.6,615.1,617.6,619.2,617.8,615.5,612.4,608.8,605.2,609.1,610.7,612.1,612.6,611.8,610.2,608.8,608.3,231.6,227.5,225.7,227.2,231.1,235.4,236.9,235.5,233.4,231.4,230.0,229.1,229.6,231.0,233.1,234.5,235.1,235.5,235.4,234.8,233.3,233.9,233.1,231.3,229.6,229.0,229.8,231.6,229.4,225.7,223.9,225.2,228.8,232.5,234.3,233.3,231.8,229.5,227.8,226.9,227.4,228.5,230.3,231.7,232.5,232.9,233.0,232.8,230.9,231.5,230.8,229.1,227.6,227.0,227.7,229.4,257.6,259.4,263.8,268.3,270.1,268.7,263.9,259.5,252.8,254.9,258.2,262.5,267.4,271.6,274.9,271.5,267.0,262.5,258.4,255.0,262.2,264.1,266.0,266.8,266.0,264.1,262.2,261.4,329.9,331.6,336.2,340.9,343.0,341.2,336.7,331.7,326.0,328.4,332.0,336.8,342.1,346.6,350.1,346.8,342.4,337.7,333.0,328.9,334.6,336.7,338.6,339.4,338.5,336.4,334.4,333.7,-1.7,-6.1,-8.1,-6.5,-2.3,2.4,4.1,2.5,0.3,-1.9,-3.4,-4.3,-3.9,-2.3,-0.1,1.4,2.1,2.5,2.4,1.8,0.1,0.8,-0.1,-2.0,-3.8,-4.5,-3.7,-1.7,-4.4,-8.7,-10.7,-9.2,-5.1,-0.7,1.3,0.1,-1.6,-4.2,-6.2,-7.2,-6.7,-5.5,-3.4,-1.7,-0.7,-0.3,-0.2,-0.4,-2.6,-1.9,-2.8,-4.7,-6.5,-7.2,-6.3,-4.4,651.0,651.8,652.6,652.9,652.5,652.0,650.9,650.6,654.3,652.1,650.3,649.8,650.9,652.8,654.8,652.7,650.5,649.6,650.1,651.9,652.1,652.2,652.5,652.9,653.0,652.9,652.6,652.2,699.2,700.4,702.0,703.1,703.0,701.8,700.2,699.2,699.5,698.8,698.7,699.6,702.1,705.5,708.7,705.3,701.9,699.5,698.5,698.7,701.0,701.5,702.2,702.7,702.7,702.2,701.5,701.0,369.1,31.0,827.2,-0.001,0.096,-0.077
439,0,1656521721.657,0.98,1,-0.083730,0.078919,-0.993358,-0.239129,0.079460,-0.967731,-0.163,0.081,560.0,561.4,565.1,569.1,571.0,569.9,565.8,561.8,554.3,557.1,560.7,565.0,569.1,572.2,574.5,572.2,568.9,565.0,561.0,557.3,563.8,565.6,567.2,567.8,567.0,565.3,563.6,563.0,605.9,607.0,610.2,613.8,615.6,614.6,611.4,607.5,602.5,604.8,608.0,611.8,615.2,617.7,619.3,617.9,615.6,612.6,608.9,605.3,609.2,610.8,612.3,612.7,611.9,610.3,608.9,608.5,231.6,227.5,225.7,227.1,231.1,235.4,236.9,235.5,233.4,231.4,230.0,229.2,229.6,231.0,233.1,234.5,235.1,235.4,235.4,234.8,233.3,233.9,233.1,231.3,229.6,229.0,229.8,231.5,229.5,225.7,224.0,225.4,228.9,232.7,234.4,233.4,231.8,229.6,227.9,227.1,227.5,228.7,230.5,231.9,232.7,233.1,233.1,232.9,231.1,231.6,230.9,229.2,227.7,227.1,227.8,229.5,257.8,259.6,264.0,268.5,270.3,268.9,264.1,259.7,253.0,255.1,258.4,262.7,267.6,271.8,275.1,271.7,267.2,262.7,258.6,255.3,262.4,264.3,266.3,267.0,266.2,264.3,262.4,261.6,328.9,330.6,335.2,339.9,342.0,340.2,335.6,330.7,325.0,327.4,331.0,335.9,341.1,345.6,349.0,345.7,341.4,336.7,332.0,327.9,333.6,335.6,337.6,338.4,337.5,335.4,333.4,332.6,-1.7,-6.1,-8.1,-6.5,-2.3,2.4,4.1,2.5,0.3,-1.9,-3.4,-4.3,-3.9,-2.3,-0.1,1.4,2.1,2.5,2.4,1.8,0.1,0.8,-0.1,-2.0,-3.8,-4.5,-3.7,-1.7,-4.2,-8.6,-10.6,-9.1,-4.9,-0.5,1.4,0.3,-1.5,-4.1,-6.1,-7.0,-6.6,-5.3,-3.2,-1.5,-0.6,-0.1,-0.1,-0.3,-2.4,-1.8,-2.6,-4.6,-6.4,-7.0,-6.2,-4.3,651.4,652.2,653.0,653.3,652.9,652.4,651.3,651.0,654.7,652.5,650.7,650.2,651.3,653.2,655.2,653.1,651.0,650.0,650.6,652.3,652.5,652.6,652.9,653.3,653.5,653.3,653.0,652.6,696.7,697.9,699.6,700.7,700.6,699.4,697.8,696.8,697.1,696.4,696.2,697.2,699.8,703.1,706.4,702.9,699.6,697.1,696.0,696.3,698.6,699.1,699.8,700.3,700.3,699.8,699.1,698.6,368.3,31.1,825.4,-0.004,0.094,-0.075
440,0,1656521721.690,0.98,1,-0.088577,0.082551,-0.992643,-0.241873,0.082764,-0.966772,-0.167,0.084,559.9,561.3,565.1,569.0,570.9,569.8,565.8,561.8,554.3,557.0,560.7,564.9,569.0,572.2,574.4,572.1,568.8,564.9,560.9,557.2,563.7,565.5,567.1,567.7,566.9,565.2,563.5,562.9,605.9,606.9,610.2,613.8,615.6,614.6,611.3,607.4,602.4,604.8,607.9,611.7,615.2,617.7,619.2,617.9,615.6,612.5,608.9,605.2,609.2,610.8,612.2,612.6,611.9,610.3,608.9,608.4,231.6,227.5,225.7,227.2,231.1,235.4,236.9,235.5,233.4,231.5,230.0,229.2,229.6,231.0,233.1,234.5,235.1,235.5,235.4,234.8,233.3,233.9,233.1,231.3,229.6,229.0,229.8,231.6,229.4,225.7,224.0,225.3,228.9,232.6,234.3,233.3,231.8,229.5,227.8,227.0,227.4,228.6,230.3,231.8,232.6,233.0,233.0,232.8,231.0,231.5,230.8,229.2,227.6,227.0,227.8,229.4,258.5,260.3,264.7,269.1,271.0,269.6,264.8,260.4,253.8,255.8,259.0,263.4,268.2,272.5,275.8,272.4,267.9,263.4,259.3,256.0,263.1,265.0,266.9,267.7,266.9,265.0,263.0,262.3,329.9,331.6,336.2,340.9,343.0,341.2,336.7,331.7,326.0,328.4,331.9,336.8,342.0,346.6,350.1,346.8,342.4,337.7,333.0,328.9,334.6,336.6,338.6,339.4,338.5,336.4,334.4,333.7,-1.7,-6.1,-8.1,-6.5,-2.3,2.4,4.1,2.5,0.3,-1.9,-3.4,-4.3,-3.8,-2.3,-0.1,1.4,2.1,2.5,2.4,1.8,0.1,0.8,-0.1,-2.0,-3.8,-4.5,-3.7,-1.7,-4.3,-8.7,-10.7,-9.2,-5.0,-0.7,1.3,0.2,-1.6,-4.2,-6.2,-7.1,-6.7,-5.4,-3.3,-1.6,-0.7,-0.2,-0.2,-0.4,-2.5,-1.9,-2.8,-4.7,-6.5,-7.2,-6.3,-4.4,653.3,654.1,654.8,655.1,654.7,654.3,653.3,653.0,656.7,654.5,652.6,652.1,653.2,655.0,657.0,654.9,652.8,651.9,652.5,654.3,654.4,654.5,654.8,655.2,655.3,655.2,654.9,654.5,698.9,700.1,701.7,702.8,702.8,701.6,700.0,699.0,699.3,698.6,698.4,699.4,701.9,705.2,708.5,705.1,701.7,699.3,698.3,698.5,700.8,701.3,702.0,702.5,702.5,702.0,701.3,700.8,369.1,31.0,826.7,-0.000,0.100,-0.080
441,0,1656521721.724,0.98,1,-0.092866,0.079918,-0.992466,-0.244140,0.079095,-0.966509,-0.170,0.081,560.1,561.4,565.2,569.2,571.0,569.9,565.9,561.9,554.5,557.2,560.8,565.0,569.1,572.3,574.5,572.2,568.9,565.0,561.1,557.4,563.9,565.6,567.3,567.9,567.0,565.3,563.7,563.1,605.8,606.8,610.1,613.7,615.5,614.5,611.2,607.4,602.3,604.7,607.8,611.7,615.1,617.6,619.2,617.8,615.5,612.4,608.8,605.2,609.1,610.7,612.1,612.6,611.8,610.2,608.8,608.3,231.6,227.5,225.7,227.2,231.0,235.4,236.9,235.4,233.4,231.4,230.0,229.1,229.6,231.0,233.1,234.5,235.1,235.5,235.4,234.8,233.2,233.9,233.1,231.3,229.6,229.0,229.8,231.5,229.5,225.8,224.0,225.4,229.0,232.7,234.4,233.4,231.8,229.6,227.9,227.1,227.5,228.7,230.5,231.9,232.7,233.1,233.1,232.9,231.1,231.6,230.9,229.3,227.7,227.1,227.9,229.5,259.3,261.1,265.5,269.9,271.7,270.3,265.6,261.2,254.6,256.6,259.8,264.1,269.0,273.2,276.5,273.2,268.7,264.1,260.1,256.8,263.9,265.8,267.7,268.5,267.7,265.7,263.8,263.0,329.4,331.2,335.8,340.5,342.5,340.8,336.2,331.2,325.6,327.9,331.5,336.4,341.6,346.2,349.6,346.3,342.0,337.2,332.6,328.5,334.1,336.2,338.2,339.0,338.0,336.0,334.0,333.2,-1.7,-6.1,-8.1,-6.6,-2.3,2.4,4.1,2.5,0.3,-1.9,-3.5,-4.4,-3.9,-2.4,-0.1,1.4,2.1,2.5,2.4,1.8,0.1,0.8,-0.1,-2.0,-3.9,-4.6,-3.7,-1.8,-4.3,-8.6,-10.6,-9.1,-4.9,-0.5,1.4,0.3,-1.5,-4.1,-6.1,-7.1,-6.6,-5.3,-3.1,-1.5,-0.5,-0.1,-0.1,-0.3,-2.4,-1.8,-2.6,-4.6,-6.4,-7.0,-6.2,-4.3,654.9,655.7,656.4,656.6,656.3,655.8,654.8,654.6,658.3,656.1,654.2,653.7,654.7,656.5,658.5,656.4,654.4,653.5,654.1,655.9,656.0,656.1,656.4,656.7,656.9,656.8,656.4,656.1,698.2,699.4,701.1,702.2,702.1,700.9,699.3,698.3,698.6,697.9,697.7,698.7,701.2,704.5,707.8,704.4,701.0,698.6,697.5,697.8,700.1,700.6,701.3,701.8,701.8,701.3,700.6,700.1,369.4,31.1,827.6,-0.002,0.104,-0.079
442,0,1656521721.757,0.98,1,-0.086815,0.082664,-0.992789,-0.242484,0.082964,-0.966601,-0.167,0.084,559.9,561.3,565.1,569.1,570.9,569.8,565.8,561.8,554.3,557.0,560.7,564.9,569.0,572.2,574.4,572.2,568.8,564.9,560.9,557.2,563.7,565.5,567.1,567.7,566.9,565.2,563.5,562.9,605.9,606.9,610.1,613.7,615.6,614.6,611.3,607.4,602.4,604.7,607.9,611.7,615.1,617.6,619.2,617.9,615.5,612.5,608.9,605.2,609.2,610.8,612.2,612.6,611.8,610.2,608.8,608.4,231.7,227.6,225.8,227.3,231.2,235.5,237.1,235.6,233.6,231.6,230.1,229.3,229.7,231.1,233.2,234.6,235.2,235.6,235.5,234.9,233.4,234.0,233.2,231.4,229.7,229.1,229.9,231.7,229.5,225.8,224.0,225.4,228.9,232.7,234.4,233.4,231.9,229.6,227.9,227.1,227.5,228.6,230.4,231.9,232.7,233.1,233.1,232.9,231.1,231.6,230.9,229.2,227.7,227.1,227.9,229.5,258.1,259.8,264.2,268.7,270.5,269.1,264.4,259.9,253.3,255.4,258.6,262.9,267.8,272.0,275.3,272.0,267.5,262.9,258.8,255.5,262.6,264.6,266.5,267.3,266.4,264.5,262.6,261.8,329.8,331.5,336.1,340.8,342.9,341.1,336.6,331.6,325.9,328.3,331.8,336.7,341.9,346.5,350.0,346.7,342.3,337.6,332.9,328.8,334.5,336.5,338.5,339.3,338.4,336.3,334.3,333.6,-1.6,-6.0,-8.0,-6.4,-2.2,2.6,4.2,2.6,0.4,-1.7,-3.3,-4.2,-3.7,-2.2,0.0,1.6,2.2,2.6,2.6,1.9,0.2,0.9,0.1,-1.9,-3.7,-4.4,-3.5,-1.6,-4.2,-8.6,-10.6,-9.1,-4.9,-0.6,1.4,0.3,-1.5,-4.1,-6.1,-7.1,-6.6,-5.3,-3.2,-1.5,-0.6,-0.1,-0.1,-0.3,-2.5,-1.8,-2.7,-4.6,-6.4,-7.1,-6.2,-4.3,652.2,652.9,653.7,653.9,653.6,653.1,652.1,651.8,655.5,653.3,651.5,650.9,652.0,653.9,655.9,653.8,651.7,650.8,651.4,653.2,653.2,653.4,653.7,654.0,654.2,654.0,653.7,653.4,698.8,700.0,701.6,702.7,702.7,701.5,699.9,698.9,699.2,698.5,698.3,699.3,701.8,705.1,708.4,704.9,701.6,699.2,698.1,698.4,700.7,701.1,701.8,702.4,702.4,701.9,701.2,700.7,369.3,31.1,827.6,-0.000,0.097,-0.077
443,0,1656521721.791,0.98,1,-0.086527,0.082080,-0.992863,-0.242958,0.081869,-0.966576,-0.167,0.083,560.1,561.4,565.2,569.2,571.0,569.9,565.9,561.9,554.5,557.2,560.8,565.0,569.1,572.3,574.5,572.3,568.9,565.1,561.1,557.4,563.9,565.6,567.3,567.9,567.1,565.3,563.7,563.1,605.9,606.9,610.1,613.7,615.6,614.5,611.3,607.4,602.4,604.7,607.9,611.7,615.1,617.6,619.2,617.8,615.5,612.5,608.9,605.2,609.2,610.8,612.2,612.6,611.8,610.3,608.8,608.4,231.7,227.6,225.8,227.2,231.1,235.5,237.0,235.6,233.5,231.5,230.1,229.2,229.7,231.1,233.2,234.6,235.2,235.6,235.5,234.9,233.3,234.0,233.2,231.4,229.7,229.1,229.9,231.6,229.5,225.8,224.1,225.4,228.9,232.7,234.4,233.4,231.9,229.6,227.9,227.1,227.5,228.6,230.4,231.9,232.7,233.1,233.1,232.9,231.1,231.6,230.9,229.2,227.7,227.1,227.9,229.5,258.8,260.5,264.9,269.4,271.2,269.8,265.0,260.6,254.0,256.0,259.3,263.6,268.5,272.7,276.0,272.6,268.1,263.6,259.5,256.2,263.3,265.2,267.2,268.0,267.1,265.2,263.3,262.5,330.5,332.3,336.8,341.5,343.6,341.9,337.3,332.4,326.7,329.1,332.6,337.5,342.7,347.3,350.7,347.4,343.1,338.4,333.7,329.6,335.2,337.3,339.3,340.1,339.2,337.1,335.1,334.3,-1.6,-6.0,-8.0,-6.4,-2.2,2.5,4.2,2.6,0.4,-1.8,-3.4,-4.3,-3.8,-2.2,0.0,1.5,2.2,2.6,2.5,1.9,0.2,0.9,0.0,-1.9,-3.8,-4.4,-3.6,-1.7,-4.2,-8.6,-10.6,-9.1,-4.9,-0.6,1.4,0.3,-1.5,-4.1,-6.1,-7.1,-6.6,-5.3,-3.2,-1.5,-0.6,-0.1,-0.1,-0.3,-2.5,-1.8,-2.7,-4.6,-6.4,-7.1,-6.2,-4.3,653.5,654.3,655.0,655.3,655.0,654.5,653.5,653.2,656.8,654.6,652.8,652.3,653.4,655.3,657.2,655.2,653.1,652.1,652.7,654.5,654.6,654.7,655.0,655.4,655.5,655.4,655.1,654.7,700.5,701.6,703.2,704.3,704.3,703.1,701.5,700.5,700.8,700.1,699.9,700.9,703.4,706.7,710.0,706.5,703.2,700.8,699.7,700.0,702.3,702.7,703.5,704.0,704.0,703.5,702.8,702.3,369.7,31.1,828.2,0.000,0.098,-0.078
444,0,1656521721.824,0.98,1,-0.086878,0.083168,-0.992741,-0.242528,0.082719,-0.966612,-0.167,0.084,560.1,561.4,565.2,569.2,571.0,569.9,565.9,561.9,554.5,557.2,560.8,565.0,569.1,572.3,574.5,572.2,568.9,565.0,561.1,557.4,563.9,565.6,567.2,567.8,567.0,565.3,563.7,563.1,605.9,606.9,610.2,613.8,615.6,614.5,611.3,607.4,602.4,604.8,607.9,611.7,615.1,617.6,619.2,617.8,615.5,612.5,608.9,605.2,609.2,610.8,612.2,612.6,611.8,610.3,608.8,608.4,231.6,227.6,225.8,227.2,231.1,235.5,237.0,235.5,233.5,231.5,230.0,229.2,229.7,231.1,233.1,234.5,235.1,235.5,235.4,234.8,233.3,233.9,233.2,231.4,229.7,229.0,229.8,231.6,229.6,225.8,224.1,225.5,229.0,232.8,234.5,233.5,231.9,229.7,228.0,227.2,227.6,228.7,230.5,232.0,232.8,233.1,233.1,232.9,231.1,231.7,231.0,229.3,227.8,227.2,227.9,229.6,259.2,261.0,265.4,269.9,271.7,270.3,265.5,261.1,254.4,256.5,259.8,264.1,269.0,273.2,276.5,273.1,268.6,264.1,260.0,256.7,263.8,265.7,267.6,268.4,267.6,265.7,263.8,263.0,330.7,332.4,337.0,341.7,343.8,342.0,337.5,332.5,326.8,329.2,332.8,337.7,342.9,347.4,350.9,347.6,343.2,338.5,333.8,329.7,335.4,337.5,339.5,340.2,339.3,337.3,335.3,334.5,-1.7,-6.1,-8.1,-6.5,-2.2,2.5,4.1,2.5,0.3,-1.8,-3.4,-4.3,-3.8,-2.3,-0.0,1.5,2.1,2.6,2.5,1.8,0.2,0.9,-0.0,-1.9,-3.8,-4.5,-3.6,-1.7,-4.2,-8.5,-10.5,-9.0,-4.8,-0.5,1.5,0.3,-1.5,-4.1,-6.0,-7.0,-6.5,-5.2,-3.1,-1.4,-0.5,-0.0,-0.0,-0.3,-2.4,-1.7,-2.6,-4.5,-6.3,-7.0,-6.1,-4.2,654.7,655.5,656.2,656.5,656.2,655.7,654.7,654.4,658.1,655.8,654.0,653.5,654.6,656.5,658.5,656.4,654.3,653.3,653.9,655.7,655.8,655.9,656.3,656.6,656.7,656.6,656.3,656.0,700.7,701.9,703.5,704.6,704.6,703.4,701.8,700.8,701.1,700.4,700.2,701.2,703.7,707.0,710.3,706.8,703.5,701.1,700.0,700.3,702.6,703.0,703.7,704.3,704.3,703.8,703.1,702.6,369.4,31.2,827.9,0.002,0.098,-0.076
445,0,1656521721.857,0.98,1,-0.084513,0.082756,-0.992980,-0.241752,0.082986,-0.966783,-0.165,0.084,560.0,561.4,565.2,569.1,571.0,569.9,565.8,561.9,554.4,557.1,560.8,565.0,569.1,572.2,574.5,572.2,568.9,565.0,561.0,557.3,563.8,565.6,567.2,567.8,567.0,565.3,563.6,563.0,605.8,606.8,610.1,613.7,615.5,614.5,611.2,607.4,602.4,604.7,607.8,611.6,615.1,617.6,619.1,617.8,615.5,612.4,608.8,605.2,609.1,610.7,612.1,612.6,611.8,610.2,608.8,608.3,231.6,227.5,225.7,227.2,231.1,235.4,236.9,235.5,233.4,231.4,230.0,229.1,229.6,231.0,233.1,234.5,235.1,235.5,235.4,234.8,233.3,233.9,233.1,231.3,229.6,229.0,229.8,231.5,229.4,225.7,224.0,225.3,228.9,232.6,234.3,233.3,231.8,229.5,227.8,227.0,227.4,228.6,230.4,231.8,232.6,233.0,233.0,232.8,231.0,231.6,230.8,229.2,227.6,227.0,227.8,229.4,258.4,260.2,264.6,269.0,270.9,269.5,264.7,260.3,253.6,255.7,258.9,263.3,268.2,272.4,275.6,272.3,267.8,263.2,259.2,255.8,263.0,264.9,266.8,267.6,266.8,264.9,262.9,262.1,330.4,332.1,336.7,341.4,343.5,341.7,337.2,332.2,326.5,328.9,332.4,337.3,342.5,347.1,350.6,347.3,342.9,338.2,333.5,329.4,335.1,337.1,339.1,339.9,339.0,336.9,334.9,334.2,-1.7,-6.1,-8.1,-6.5,-2.3,2.4,4.1,2.5,0.3,-1.9,-3.5,-4.3,-3.9,-2.3,-0.1,1.4,2.1,2.5,2.4,1.8,0.1,0.8,-0.1,-2.0,-3.8,-4.5,-3.7,-1.8,-4.3,-8.7,-10.7,-9.2,-5.0,-0.7,1.3,0.2,-1.6,-4.2,-6.2,-7.2,-6.7,-5.4,-3.3,-1.6,-0.6,-0.2,-0.2,-0.4,-2.5,-1.9,-2.7,-4.7,-6.5,-7.1,-6.3,-4.4,652.8,653.6,654.3,654.6,654.3,653.8,652.7,652.4,656.1,653.9,652.1,651.6,652.7,654.6,656.6,654.5,652.4,651.4,652.0,653.7,653.9,654.0,654.3,654.7,654.8,654.7,654.4,654.0,700.2,701.4,703.0,704.1,704.1,702.9,701.3,700.3,700.6,699.9,699.7,700.7,703.2,706.5,709.8,706.3,703.0,700.6,699.5,699.8,702.1,702.5,703.3,703.8,703.8,703.3,702.6,702.1,369.1,31.1,827.3,0.002,0.096,-0.077
446,0,1656521721.891,0.98,1,-0.087817,0.082595,-0.992707,-0.241592,0.083073,-0.966815,-0.167,0.084,560.1,561.4,565.2,569.2,571.0,569.9,565.9,561.9,554.5,557.2,560.8,565.0,569.1,572.3,574.5,572.2,568.9,565.0,561.1,557.4,563.9,565.6,567.3,567.8,567.0,565.3,563.6,563.1,605.8,606.8,610.1,613.7,615.5,614.5,611.2,607.4,602.3,604.7,607.8,611.6,615.0,617.5,619.1,617.8,615.4,612.4,608.8,605.2,609.1,610.7,612.1,612.5,611.7,610.2,608.8,608.3,231.6,227.6,225.7,227.2,231.1,235.4,237.0,235.5,233.5,231.5,230.0,229.2,229.6,231.0,233.1,234.5,235.1,235.5,235.5,234.9,233.3,233.9,233.1,231.4,229.7,229.0,229.8,231.6,229.4,225.7,223.9,225.3,228.8,232.6,234.3,233.3,231.8,229.5,227.8,226.9,227.4,228.5,230.3,231.8,232.6,233.0,233.0,232.8,230.9,231.5,230.8,229.1,227.6,227.0,227.8,229.4,258.8,260.5,264.9,269.4,271.2,269.8,265.1,260.7,254.0,256.1,259.3,263.6,268.5,272.7,276.0,272.7,268.2,263.6,259.5,256.2,263.3,265.3,267.2,268.0,267.2,265.2,263.3,262.5,329.9,331.7,336.2,340.9,343.0,341.3,336.7,331.8,326.1,328.4,332.0,336.9,342.1,346.6,350.1,346.8,342.5,337.8,333.1,329.0,334.6,336.7,338.7,339.4,338.5,336.5,334.5,333.7,-1.7,-6.1,-8.1,-6.5,-2.3,2.5,4.1,2.5,0.3,-1.8,-3.4,-4.3,-3.8,-2.3,-0.1,1.5,2.1,2.6,2.5,1.9,0.1,0.8,-0.0,-2.0,-3.8,-4.5,-3.6,-1.7,-4.4,-8.7,-10.7,-9.2,-5.1,-0.7,1.3,0.2,-1.6,-4.2,-6.2,-7.2,-6.7,-5.5,-3.4,-1.6,-0.7,-0.2,-0.2,-0.4,-2.6,-1.9,-2.8,-4.7,-6.5,-7.2,-6.3,-4.4,653.6,654.4,655.1,655.4,655.0,654.6,653.6,653.3,657.0,654.7,652.9,652.4,653.5,655.3,657.3,655.2,653.2,652.2,652.8,654.6,654.7,654.8,655.1,655.5,655.6,655.5,655.2,654.8,699.3,700.5,702.1,703.2,703.2,702.0,700.4,699.4,699.7,699.0,698.8,699.8,702.3,705.6,708.9,705.5,702.1,699.7,698.6,698.9,701.2,701.6,702.4,702.9,702.9,702.4,701.7,701.2,370.0,31.1,829.0,0.003,0.098,-0.080
447,0,1656521721.924,0.98,1,-0.091055,0.081882,-0.992474,-0.244374,0.081620,-0.966240,-0.170,0.083,559.9,561.3,565.0,569.0,570.9,569.8,565.7,561.8,554.3,557.0,560.7,564.8,568.9,572.1,574.4,572.1,568.7,564.9,560.9,557.2,563.7,565.5,567.1,567.7,566.9,565.2,563.5,562.9,605.7,606.8,610.0,613.6,615.4,614.4,611.2,607.3,602.3,604.6,607.7,611.6,615.0,617.5,619.1,617.7,615.4,612.3,608.7,605.1,609.0,610.6,612.0,612.5,611.7,610.1,608.7,608.3,231.5,227.5,225.7,227.1,231.0,235.4,236.9,235.4,233.4,231.4,230.0,229.1,229.6,231.0,233.1,234.5,235.0,235.4,235.4,234.8,233.2,233.9,233.1,231.3,229.6,229.0,229.8,231.5,229.4,225.7,223.9,225.3,228.8,232.6,234.3,233.3,231.8,229.5,227.8,227.0,227.4,228.5,230.3,231.8,232.6,233.0,233.0,232.8,231.0,231.5,230.8,229.1,227.6,227.0,227.8,229.4,258.8,260.6,265.0,269.4,271.3,269.9,265.1,260.7,254.1,256.1,259.4,263.7,268.6,272.8,276.1,272.7,268.2,263.6,259.6,256.3,263.4,265.3,267.2,268.0,267.2,265.3,263.4,262.6,329.6,331.3,335.9,340.6,342.7,340.9,336.4,331.4,325.7,328.1,331.7,336.6,341.8,346.3,349.8,346.5,342.1,337.4,332.7,328.6,334.3,336.4,338.4,339.1,338.2,336.1,334.1,333.4,-1.8,-6.1,-8.1,-6.6,-2.3,2.4,4.1,2.5,0.3,-1.9,-3.5,-4.4,-3.9,-2.4,-0.1,1.4,2.0,2.5,2.4,1.8,0.1,0.8,-0.1,-2.0,-3.9,-4.6,-3.7,-1.8,-4.4,-8.7,-10.7,-9.2,-5.0,-0.7,1.3,0.2,-1.6,-4.2,-6.2,-7.2,-6.7,-5.4,-3.3,-1.6,-0.7,-0.2,-0.2,-0.4,-2.6,-1.9,-2.8,-4.7,-6.5,-7.2,-6.3,-4.4,654.1,654.9,655.6,655.9,655.5,655.0,654.0,653.8,657.5,655.3,653.5,652.9,654.0,655.8,657.8,655.7,653.6,652.7,653.3,655.1,655.2,655.3,655.6,656.0,656.1,656.0,655.7,655.3,698.8,700.0,701.6,702.7,702.6,701.4,699.8,698.8,699.1,698.4,698.3,699.2,701.7,705.1,708.3,704.9,701.5,699.1,698.1,698.4,700.6,701.1,701.8,702.3,702.3,701.9,701.1,700.6,369.3,31.1,827.6,0.002,0.103,-0.079
448,0,1656521721.957,0.98,1,-0.089662,0.079088,-0.992827,-0.242796,0.078337,-0.966909,-0.168,0.080,560.0,561.3,565.1,569.1,570.9,569.8,565.8,561.8,554.4,557.1,560.7,564.9,569.0,572.2,574.5,572.2,568.8,564.9,561.0,557.3,563.8,565.5,567.2,567.8,567.0,565.2,563.6,563.0,605.7,606.7,610.0,613.6,615.4,614.4,611.1,607.3,602.2,604.5,607.7,611.5,615.0,617.5,619.1,617.7,615.4,612.3,608.7,605.1,609.0,610.6,612.0,612.5,611.6,610.1,608.6,608.2,231.6,227.6,225.7,227.2,231.1,235.4,237.0,235.5,233.5,231.5,230.0,229.2,229.6,231.1,233.1,234.6,235.1,235.5,235.5,234.9,233.3,233.9,233.1,231.4,229.7,229.0,229.8,231.6,229.5,225.8,224.0,225.3,228.9,232.7,234.4,233.4,231.9,229.6,227.9,227.0,227.5,228.6,230.4,231.9,232.7,233.1,233.1,232.9,231.1,231.6,230.9,229.2,227.7,227.1,227.8,229.5,258.3,260.1,264.5,268.9,270.8,269.4,264.6,260.2,253.6,255.6,258.8,263.2,268.0,272.3,275.5,272.2,267.7,263.1,259.1,255.8,262.9,264.8,266.7,267.5,266.7,264.8,262.8,262.0,328.5,330.3,334.8,339.5,341.6,339.9,335.3,330.4,324.7,327.0,330.6,335.5,340.7,345.2,348.7,345.4,341.1,336.4,331.7,327.6,333.2,335.3,337.3,338.1,337.1,335.1,333.1,332.3,-1.7,-6.1,-8.1,-6.5,-2.2,2.5,4.1,2.5,0.3,-1.9,-3.4,-4.3,-3.8,-2.3,-0.0,1.5,2.2,2.6,2.5,1.9,0.2,0.8,-0.0,-1.9,-3.8,-4.5,-3.6,-1.7,-4.2,-8.6,-10.6,-9.1,-4.9,-0.6,1.4,0.3,-1.5,-4.1,-6.1,-7.1,-6.6,-5.3,-3.2,-1.5,-0.6,-0.1,-0.1,-0.3,-2.4,-1.8,-2.7,-4.6,-6.4,-7.0,-6.2,-4.3,652.7,653.4,654.2,654.4,654.1,653.6,652.6,652.3,656.0,653.8,652.0,651.4,652.5,654.4,656.3,654.3,652.2,651.3,651.9,653.7,653.7,653.8,654.2,654.5,654.6,654.5,654.2,653.9,696.6,697.8,699.5,700.6,700.5,699.3,697.7,696.7,696.9,696.3,696.1,697.1,699.6,703.0,706.2,702.8,699.4,697.0,695.9,696.2,698.5,698.9,699.7,700.2,700.2,699.7,699.0,698.5,369.0,31.3,826.9,-0.002,0.102,-0.081
449,0,1656521721.991,0.98,1,-0.088292,0.078930,-0.992963,-0.242349,0.078541,-0.967005,-0.167,0.080,560.0,561.4,565.2,569.1,571.0,569.9,565.8,561.8,554.4,557.1,560.7,564.9,569.1,572.2,574.5,572.2,568.8,565.0,561.0,557.3,563.8,565.6,567.2,567.8,567.0,565.3,563.6,563.0,605.8,606.8,610.1,613.7,615.5,614.5,611.2,607.4,602.3,604.7,607.8,611.7,615.1,617.6,619.2,617.8,615.5,612.4,608.8,605.2,609.1,610.7,612.1,612.6,611.8,610.2,608.8,608.3,231.7,227.7,225.8,227.3,231.2,235.6,237.1,235.6,233.6,231.5,230.1,229.3,229.7,231.2,233.2,234.6,235.2,235.6,235.6,235.0,233.4,234.0,233.2,231.5,229.8,229.1,229.9,231.7,229.7,225.9,224.2,225.5,229.1,232.8,234.6,233.6,232.0,229.8,228.0,227.2,227.7,228.8,230.6,232.1,232.9,233.2,233.2,233.0,231.2,231.8,231.0,229.4,227.8,227.3,228.0,229.6,258.1,259.9,264.3,268.7,270.6,269.2,264.4,260.0,253.4,255.4,258.7,263.0,267.9,272.1,275.3,272.0,267.5,263.0,258.9,255.6,262.7,264.6,266.5,267.3,266.5,264.6,262.7,261.9,328.9,330.7,335.2,339.9,342.0,340.3,335.7,330.7,325.0,327.4,331.0,335.9,341.1,345.6,349.1,345.8,341.5,336.7,332.0,327.9,333.6,335.7,337.7,338.4,337.5,335.5,333.5,332.7,-1.6,-6.0,-7.9,-6.4,-2.1,2.6,4.2,2.6,0.4,-1.8,-3.3,-4.2,-3.7,-2.2,0.1,1.6,2.3,2.7,2.6,2.0,0.3,1.0,0.1,-1.8,-3.7,-4.4,-3.5,-1.6,-4.1,-8.4,-10.4,-8.9,-4.7,-0.4,1.6,0.5,-1.3,-3.9,-5.9,-6.9,-6.4,-5.1,-3.0,-1.3,-0.3,0.1,0.1,-0.1,-2.3,-1.6,-2.5,-4.4,-6.2,-6.9,-6.0,-4.1,652.1,652.9,653.6,653.9,653.6,653.1,652.1,651.8,655.5,653.3,651.5,650.9,652.0,653.8,655.8,653.7,651.7,650.7,651.3,653.1,653.2,653.3,653.6,654.0,654.1,654.0,653.7,653.4,697.1,698.3,700.0,701.1,701.0,699.8,698.2,697.2,697.5,696.8,696.6,697.6,700.1,703.5,706.7,703.3,699.9,697.5,696.4,696.7,699.0,699.5,700.2,700.7,700.7,700.2,699.5,699.0,369.4,31.3,827.8,-0.003,0.100,-0.079
450,0,1656521722.024,0.98,1,-0.093062,0.078984,-0.992523,-0.244848,0.077963,-0.966422,-0.171,0.080,560.0,561.3,565.1,569.1,570.9,569.8,565.8,561.8,554.4,557.1,560.7,564.9,569.0,572.2,574.4,572.1,568.8,564.9,560.9,557.3,563.8,565.5,567.1,567.7,566.9,565.2,563.6,563.0,605.8,606.8,610.1,613.7,615.5,614.5,611.2,607.3,602.3,604.7,607.8,611.6,615.1,617.6,619.2,617.8,615.5,612.4,608.8,605.1,609.1,610.7,612.1,612.6,611.8,610.2,608.8,608.3,231.6,227.5,225.7,227.2,231.1,235.4,236.9,235.4,233.4,231.4,230.0,229.1,229.6,231.0,233.1,234.5,235.1,235.5,235.4,234.8,233.2,233.9,233.1,231.3,229.6,229.0,229.8,231.5,229.5,225.8,224.1,225.4,229.0,232.7,234.4,233.4,231.9,229.6,227.9,227.1,227.6,228.7,230.5,232.0,232.7,233.1,233.1,232.9,231.1,231.7,230.9,229.3,227.7,227.2,227.9,229.5,259.3,261.1,265.5,269.9,271.8,270.3,265.6,261.2,254.6,256.6,259.8,264.2,269.0,273.3,276.5,273.2,268.7,264.1,260.1,256.8,263.9,265.8,267.7,268.5,267.7,265.8,263.8,263.1,329.5,331.2,335.8,340.5,342.6,340.8,336.2,331.2,325.6,328.0,331.5,336.4,341.6,346.2,349.6,346.3,342.0,337.2,332.6,328.5,334.1,336.2,338.2,339.0,338.1,336.0,334.0,333.2,-1.7,-6.1,-8.1,-6.5,-2.3,2.4,4.1,2.5,0.3,-1.9,-3.5,-4.4,-3.9,-2.3,-0.1,1.5,2.1,2.5,2.4,1.8,0.1,0.8,-0.1,-2.0,-3.9,-4.5,-3.7,-1.8,-4.2,-8.6,-10.6,-9.0,-4.9,-0.5,1.5,0.3,-1.5,-4.1,-6.0,-7.0,-6.5,-5.2,-3.1,-1.4,-0.5,-0.1,-0.1,-0.3,-2.4,-1.7,-2.6,-4.5,-6.3,-7.0,-6.1,-4.2,655.3,656.0,656.8,657.0,656.6,656.1,655.1,654.9,658.7,656.4,654.6,654.0,655.1,656.9,658.8,656.8,654.7,653.8,654.4,656.3,656.3,656.4,656.7,657.1,657.2,657.1,656.8,656.5,698.3,699.5,701.2,702.3,702.2,701.0,699.3,698.4,698.7,698.0,697.8,698.8,701.3,704.6,707.9,704.4,701.1,698.6,697.6,697.9,700.1,700.6,701.3,701.9,701.9,701.4,700.7,700.2,369.6,31.2,828.1,-0.001,0.104,-0.078
451,0,1656521722.058,0.98,1,-0.093143,0.085456,-0.991979,-0.243370,0.084635,-0.966234,-0.170,0.087,559.9,561.3,565.1,569.0,570.9,569.8,565.7,561.8,554.4,557.1,560.7,564.9,568.9,572.1,574.4,572.1,568.7,564.9,560.9,557.3,563.7,565.5,567.1,567.7,566.9,565.2,563.5,562.9,605.7,606.7,610.0,613.5,615.3,614.3,611.0,607.2,602.2,604.5,607.7,611.5,614.9,617.4,619.0,617.6,615.3,612.2,608.6,605.0,609.0,610.5,611.9,612.4,611.6,610.0,608.6,608.2,231.6,227.5,225.7,227.2,231.0,235.4,236.9,235.4,233.4,231.4,230.0,229.2,229.6,231.0,233.0,234.4,235.0,235.4,235.4,234.8,233.2,233.9,233.1,231.3,229.6,229.0,229.8,231.5,229.5,225.8,224.1,225.4,229.0,232.7,234.4,233.4,231.8,229.6,228.0,227.1,227.6,228.7,230.5,231.9,232.7,233.1,233.1,232.9,231.1,231.6,230.9,229.3,227.7,227.1,227.9,229.5,260.1,261.9,266.2,270.7,272.5,271.1,266.4,262.0,255.4,257.4,260.6,264.9,269.8,274.0,277.3,273.9,269.4,264.9,260.8,257.6,264.6,266.6,268.5,269.3,268.5,266.5,264.6,263.8,330.4,332.2,336.8,341.5,343.6,341.8,337.2,332.2,326.5,328.9,332.5,337.4,342.6,347.2,350.6,347.3,343.0,338.2,333.5,329.5,335.1,337.2,339.2,340.0,339.1,337.0,335.0,334.2,-1.7,-6.1,-8.1,-6.6,-2.3,2.4,4.1,2.5,0.2,-1.9,-3.4,-4.3,-3.9,-2.4,-0.1,1.4,2.0,2.5,2.4,1.8,0.1,0.8,-0.1,-2.0,-3.9,-4.6,-3.7,-1.8,-4.2,-8.6,-10.6,-9.1,-4.9,-0.5,1.5,0.3,-1.6,-4.1,-6.0,-7.0,-6.5,-5.2,-3.2,-1.5,-0.5,-0.1,-0.1,-0.4,-2.4,-1.8,-2.6,-4.5,-6.4,-7.1,-6.2,-4.3,657.2,657.9,658.6,658.9,658.5,658.1,657.1,656.9,660.6,658.4,656.5,655.9,657.0,658.8,660.8,658.7,656.7,655.8,656.4,658.3,658.3,658.4,658.7,659.0,659.1,659.0,658.7,658.4,700.7,701.9,703.5,704.6,704.6,703.4,701.8,700.8,701.1,700.4,700.2,701.2,703.7,707.0,710.3,706.9,703.5,701.1,700.1,700.3,702.6,703.1,703.8,704.3,704.3,703.8,703.1,702.6,368.9,31.2,826.9,0.001,0.103,-0.079
452,0,1656521722.091,0.98,1,-0.089491,0.081563,-0.992642,-0.242185,0.081474,-0.966803,-0.168,0.083,560.0,561.3,565.1,569.1,570.9,569.8,565.8,561.8,554.4,557.1,560.7,564.9,569.0,572.2,574.4,572.2,568.8,565.0,561.0,557.3,563.8,565.5,567.2,567.8,567.0,565.2,563.6,563.0,605.8,606.8,610.0,613.6,615.5,614.4,611.2,607.3,602.3,604.6,607.8,611.6,615.0,617.5,619.1,617.7,615.4,612.4,608.8,605.1,609.1,610.6,612.1,612.5,611.7,610.1,608.7,608.3,231.6,227.6,225.7,227.2,231.1,235.4,236.9,235.5,233.5,231.5,230.0,229.2,229.6,231.0,233.1,234.5,235.1,235.5,235.4,234.8,233.3,233.9,233.1,231.4,229.7,229.0,229.8,231.6,229.5,225.7,224.0,225.3,228.9,232.7,234.4,233.4,231.8,229.6,227.9,227.0,227.5,228.6,230.4,231.9,232.7,233.1,233.1,232.9,231.0,231.6,230.9,229.2,227.7,227.1,227.8,229.5,258.7,260.5,264.9,269.3,271.1,269.7,265.0,260.5,253.9,256.0,259.2,263.5,268.4,272.6,275.9,272.6,268.1,263.5,259.4,256.2,263.2,265.2,267.1,267.9,267.1,265.1,263.2,262.4,329.4,331.1,335.7,340.4,342.5,340.8,336.2,331.2,325.5,327.9,331.5,336.4,341.6,346.1,349.6,346.3,341.9,337.2,332.5,328.4,334.1,336.2,338.2,338.9,338.0,335.9,334.0,333.2,-1.7,-6.1,-8.1,-6.5,-2.3,2.5,4.1,2.5,0.3,-1.9,-3.4,-4.3,-3.8,-2.3,-0.0,1.5,2.1,2.5,2.5,1.8,0.1,0.8,-0.0,-2.0,-3.8,-4.5,-3.6,-1.7,-4.3,-8.6,-10.6,-9.1,-4.9,-0.6,1.4,0.2,-1.5,-4.1,-6.1,-7.1,-6.6,-5.3,-3.2,-1.5,-0.6,-0.1,-0.1,-0.3,-2.5,-1.8,-2.7,-4.6,-6.4,-7.1,-6.2,-4.3,653.6,654.4,655.1,655.4,655.0,654.5,653.5,653.3,657.0,654.7,652.9,652.4,653.5,655.3,657.3,655.2,653.1,652.2,652.8,654.6,654.7,654.8,655.1,655.4,655.6,655.5,655.2,654.8,698.3,699.5,701.1,702.2,702.2,701.0,699.4,698.4,698.7,698.0,697.8,698.8,701.3,704.6,707.9,704.5,701.1,698.7,697.6,697.9,700.2,700.6,701.4,701.9,701.9,701.4,700.7,700.2,369.0,31.1,826.8,0.000,0.101,-0.079
453,0,1656521722.124,0.98,1,-0.088737,0.083268,-0.992568,-0.241441,0.082355,-0.966915,-0.167,0.084,560.0,561.4,565.2,569.2,571.0,569.9,565.8,561.9,554.4,557.1,560.8,565.0,569.1,572.2,574.5,572.2,568.9,565.0,561.0,557.3,563.8,565.6,567.2,567.8,567.0,565.3,563.6,563.0,605.9,606.9,610.1,613.7,615.6,614.5,611.3,607.4,602.4,604.7,607.9,611.7,615.1,617.6,619.2,617.8,615.5,612.5,608.9,605.2,609.2,610.7,612.2,612.6,611.8,610.2,608.8,608.4,231.6,227.5,225.7,227.2,231.1,235.4,236.9,235.5,233.4,231.4,230.0,229.2,229.6,231.1,233.1,234.5,235.1,235.5,235.4,234.8,233.3,233.9,233.1,231.4,229.7,229.0,229.8,231.6,229.5,225.8,224.0,225.4,228.9,232.7,234.4,233.4,231.9,229.6,227.9,227.1,227.5,228.6,230.4,231.9,232.7,233.1,233.1,232.9,231.1,231.6,230.9,229.2,227.7,227.1,227.9,229.5,258.9,260.7,265.1,269.6,271.4,270.0,265.2,260.8,254.1,256.2,259.5,263.8,268.7,272.9,276.2,272.8,268.3,263.7,259.7,256.4,263.5,265.4,267.3,268.1,267.3,265.4,263.5,262.7,328.7,330.4,335.0,339.7,341.8,340.0,335.5,330.5,324.8,327.2,330.8,335.7,340.9,345.4,348.8,345.5,341.2,336.5,331.8,327.7,333.4,335.4,337.4,338.2,337.3,335.2,333.2,332.4,-1.7,-6.1,-8.1,-6.5,-2.2,2.5,4.1,2.5,0.3,-1.9,-3.4,-4.3,-3.8,-2.3,-0.0,1.5,2.1,2.5,2.4,1.8,0.1,0.8,-0.0,-2.0,-3.8,-4.5,-3.6,-1.7,-4.2,-8.6,-10.6,-9.1,-4.9,-0.5,1.5,0.3,-1.5,-4.1,-6.1,-7.0,-6.6,-5.3,-3.2,-1.5,-0.6,-0.1,-0.1,-0.3,-2.4,-1.8,-2.6,-4.5,-6.4,-7.0,-6.2,-4.2,654.1,654.8,655.6,655.9,655.5,655.0,654.0,653.7,657.4,655.2,653.4,652.8,653.9,655.8,657.8,655.7,653.6,652.6,653.2,655.0,655.1,655.2,655.6,655.9,656.1,655.9,655.6,655.3,696.5,697.7,699.4,700.5,700.4,699.2,697.6,696.6,696.8,696.2,696.0,697.0,699.6,702.9,706.2,702.7,699.4,696.9,695.8,696.1,698.4,698.9,699.6,700.1,700.1,699.6,698.9,698.4,368.4,31.2,825.7,0.003,0.100,-0.078
454,0,1656521722.157,0.98,1,-0.087593,0.081109,-0.992849,-0.242663,0.080738,-0.966745,-0.167,0.082,559.9,561.3,565.1,569.0,570.9,569.8,565.8,561.8,554.3,557.0,560.7,564.9,569.0,572.2,574.4,572.1,568.8,564.9,560.9,557.2,563.7,565.5,567.1,567.7,566.9,565.2,563.5,562.9,605.8,606.8,610.0,613.6,615.5,614.5,611.2,607.3,602.3,604.6,607.8,611.6,615.0,617.5,619.1,617.8,615.4,612.4,608.8,605.1,609.1,610.7,612.1,612.5,611.7,610.1,608.7,608.3,231.7,227.6,225.8,227.3,231.1,235.5,237.0,235.6,233.5,231.5,230.1,229.2,229.7,231.1,233.2,234.6,235.2,235.6,235.5,234.9,233.4,234.0,233.2,231.4,229.7,229.1,229.9,231.7,229.5,225.7,224.0,225.3,228.9,232.6,234.3,233.4,231.8,229.6,227.9,227.0,227.4,228.6,230.4,231.8,232.6,233.0,233.0,232.9,231.0,231.6,230.8,229.2,227.6,227.1,227.8,229.4,258.4,260.1,264.5,268.9,270.8,269.4,264.6,260.2,253.6,255.6,258.9,263.2,268.1,272.3,275.6,272.2,267.7,263.2,259.1,255.8,262.9,264.8,266.8,267.5,266.7,264.8,262.9,262.1,329.4,331.1,335.6,340.4,342.5,340.7,336.2,331.2,325.5,327.9,331.4,336.3,341.5,346.1,349.5,346.2,341.9,337.2,332.5,328.4,334.1,336.1,338.1,338.9,338.0,335.9,333.9,333.2,-1.6,-6.0,-8.0,-6.4,-2.2,2.5,4.2,2.6,0.4,-1.8,-3.4,-4.3,-3.8,-2.2,0.0,1.5,2.2,2.6,2.6,1.9,0.2,0.9,0.0,-1.9,-3.7,-4.4,-3.6,-1.6,-4.3,-8.6,-10.7,-9.2,-5.0,-0.6,1.4,0.2,-1.5,-4.2,-6.1,-7.1,-6.7,-5.4,-3.3,-1.6,-0.6,-0.2,-0.1,-0.3,-2.5,-1.8,-2.7,-4.6,-6.4,-7.1,-6.2,-4.3,652.9,653.7,654.4,654.7,654.3,653.8,652.8,652.5,656.2,654.0,652.2,651.7,652.8,654.6,656.6,654.5,652.4,651.5,652.1,653.9,653.9,654.1,654.4,654.7,654.9,654.8,654.4,654.1,698.2,699.4,701.0,702.1,702.1,700.9,699.2,698.3,698.5,697.8,697.7,698.7,701.2,704.5,707.8,704.3,701.0,698.5,697.5,697.8,700.0,700.5,701.2,701.7,701.8,701.3,700.6,700.1,369.3,31.2,827.6,0.001,0.099,-0.081
455,0,1656521722.191,0.98,1,-0.086344,0.081557,-0.992922,-0.240443,0.080855,-0.967290,-0.165,0.083,560.0,561.4,565.1,569.1,570.9,569.8,565.8,561.8,554.4,557.1,560.7,564.9,569.0,572.2,574.4,572.2,568.8,565.0,561.0,557.3,563.8,565.5,567.2,567.8,567.0,565.2,563.6,563.0,605.8,606.9,610.1,613.7,615.5,614.5,611.2,607.4,602.3,604.7,607.8,611.7,615.1,617.6,619.1,617.8,615.4,612.4,608.8,605.2,609.1,610.7,612.1,612.6,611.8,610.2,608.8,608.3,231.5,227.5,225.7,227.2,231.0,235.4,236.9,235.4,233.4,231.4,230.0,229.2,229.6,231.0,233.1,234.4,235.0,235.4,235.3,234.8,233.2,233.9,233.1,231.3,229.6,229.0,229.8,231.5,229.5,225.8,224.0,225.4,228.9,232.7,234.4,233.4,231.8,229.6,227.9,227.1,227.6,228.7,230.5,231.9,232.7,233.0,233.0,232.8,231.0,231.6,230.9,229.2,227.7,227.1,227.8,229.5,259.4,261.2,265.6,270.0,271.9,270.5,265.7,261.3,254.6,256.7,259.9,264.3,269.1,273.4,276.6,273.3,268.8,264.2,260.1,256.8,263.9,265.9,267.8,268.6,267.8,265.8,263.9,263.1,330.5,332.3,336.8,341.5,343.6,341.9,337.3,332.3,326.6,329.0,332.6,337.5,342.7,347.2,350.7,347.4,343.0,338.3,333.6,329.5,335.2,337.3,339.3,340.0,339.1,337.1,335.1,334.3,-1.8,-6.1,-8.1,-6.5,-2.3,2.4,4.1,2.5,0.2,-1.9,-3.5,-4.3,-3.9,-2.3,-0.1,1.4,2.0,2.5,2.4,1.7,0.1,0.8,-0.1,-2.0,-3.9,-4.6,-3.7,-1.8,-4.3,-8.6,-10.6,-9.1,-4.9,-0.6,1.4,0.2,-1.6,-4.1,-6.1,-7.0,-6.5,-5.3,-3.2,-1.5,-0.6,-0.1,-0.2,-0.4,-2.5,-1.8,-2.7,-4.6,-6.4,-7.1,-6.2,-4.3,655.3,656.1,656.9,657.1,656.8,656.3,655.3,655.0,658.6,656.4,654.6,654.1,655.2,657.1,659.1,657.0,654.9,653.9,654.5,656.3,656.4,656.5,656.8,657.2,657.3,657.2,656.9,656.5,700.5,701.7,703.3,704.4,704.4,703.2,701.6,700.6,700.8,700.1,700.0,701.0,703.5,706.8,710.1,706.7,703.3,700.9,699.8,700.1,702.3,702.8,703.5,704.1,704.1,703.6,702.9,702.4,368.8,31.2,826.4,-0.003,0.099,-0.078
456,0,1656521722.224,0.98,1,-0.087325,0.082941,-0.992721,-0.240712,0.082434,-0.967090,-0.166,0.084,560.0,561.3,565.1,569.0,570.8,569.8,565.7,561.8,554.4,557.1,560.7,564.9,568.9,572.1,574.3,572.1,568.7,564.9,560.9,557.3,563.7,565.5,567.1,567.7,566.9,565.2,563.5,562.9,605.8,606.8,610.0,613.6,615.4,614.4,611.1,607.3,602.3,604.6,607.8,611.6,615.0,617.5,619.0,617.7,615.4,612.3,608.7,605.1,609.1,610.6,612.0,612.5,611.7,610.1,608.7,608.3,231.7,227.7,225.8,227.3,231.1,235.5,237.0,235.5,233.5,231.5,230.1,229.3,229.7,231.1,233.1,234.5,235.1,235.5,235.5,234.9,233.3,234.0,233.2,231.4,229.7,229.1,229.9,231.7,229.5,225.8,224.1,225.4,229.0,232.7,234.4,233.4,231.9,229.7,228.0,227.2,227.6,228.7,230.5,231.9,232.7,233.1,233.1,232.9,231.1,231.7,230.9,229.3,227.7,227.2,227.9,229.5,260.4,262.2,266.6,271.0,272.9,271.5,266.7,262.3,255.6,257.7,260.9,265.3,270.1,274.4,277.6,274.3,269.8,265.2,261.2,257.9,265.0,266.9,268.8,269.6,268.8,266.9,264.9,264.2,331.8,333.5,338.1,342.8,344.9,343.1,338.5,333.6,327.9,330.3,333.8,338.7,343.9,348.5,352.0,348.6,344.3,339.6,334.9,330.8,336.5,338.5,340.5,341.3,340.4,338.3,336.3,335.5,-1.6,-6.0,-8.0,-6.4,-2.2,2.5,4.2,2.6,0.4,-1.8,-3.3,-4.2,-3.8,-2.2,-0.0,1.5,2.2,2.6,2.5,1.9,0.2,0.9,0.0,-1.9,-3.8,-4.5,-3.6,-1.7,-4.2,-8.6,-10.6,-9.1,-4.9,-0.5,1.5,0.3,-1.5,-4.1,-6.0,-7.0,-6.5,-5.2,-3.2,-1.5,-0.5,-0.1,-0.1,-0.3,-2.4,-1.8,-2.6,-4.5,-6.4,-7.0,-6.2,-4.2,658.0,658.8,659.5,659.8,659.4,659.0,658.0,657.7,661.4,659.1,657.3,656.8,657.9,659.7,661.7,659.6,657.5,656.6,657.2,659.0,659.1,659.2,659.5,659.9,660.0,659.9,659.6,659.2,703.3,704.5,706.1,707.2,707.1,706.0,704.3,703.4,703.6,702.9,702.8,703.7,706.3,709.6,712.9,709.4,706.1,703.6,702.6,702.9,705.1,705.6,706.3,706.8,706.9,706.4,705.7,705.1,369.3,31.2,827.5,-0.002,0.099,-0.080
457,0,1656521722.257,0.98,1,-0.088219,0.082386,-0.992688,-0.241181,0.081588,-0.967045,-0.167,0.083,560.0,561.4,565.1,569.1,571.0,569.8,565.8,561.8,554.4,557.1,560.7,564.9,569.0,572.2,574.5,572.2,568.8,565.0,561.0,557.3,563.8,565.5,567.2,567.8,567.0,565.3,563.6,563.0,605.8,606.9,610.1,613.7,615.5,614.5,611.2,607.4,602.3,604.7,607.8,611.7,615.1,617.6,619.2,617.8,615.5,612.4,608.8,605.2,609.1,610.7,612.1,612.6,611.8,610.2,608.8,608.3,231.6,227.6,225.8,227.2,231.1,235.5,237.0,235.5,233.5,231.5,230.0,229.2,229.7,231.1,233.2,234.6,235.2,235.6,235.5,234.9,233.3,234.0,233.2,231.4,229.7,229.1,229.9,231.6,229.6,225.8,224.1,225.4,229.0,232.8,234.5,233.5,231.9,229.7,228.0,227.2,227.6,228.7,230.5,232.0,232.8,233.2,233.2,233.0,231.1,231.7,231.0,229.3,227.8,227.2,227.9,229.6,258.7,260.4,264.8,269.3,271.1,269.7,264.9,260.5,253.9,256.0,259.2,263.5,268.4,272.6,275.9,272.5,268.0,263.5,259.4,256.1,263.2,265.1,267.1,267.9,267.0,265.1,263.2,262.4,328.9,330.6,335.1,339.9,342.0,340.2,335.6,330.7,325.0,327.4,330.9,335.8,341.0,345.6,349.0,345.7,341.4,336.7,332.0,327.9,333.5,335.6,337.6,338.4,337.5,335.4,333.4,332.6,-1.6,-6.0,-8.0,-6.4,-2.2,2.5,4.2,2.6,0.3,-1.8,-3.4,-4.3,-3.8,-2.3,0.0,1.5,2.2,2.6,2.5,1.9,0.2,0.9,0.0,-1.9,-3.8,-4.5,-3.6,-1.7,-4.1,-8.5,-10.5,-9.0,-4.8,-0.4,1.5,0.4,-1.4,-4.0,-6.0,-7.0,-6.5,-5.2,-3.1,-1.4,-0.4,0.0,0.0,-0.2,-2.3,-1.7,-2.5,-4.5,-6.3,-7.0,-6.1,-4.2,653.5,654.2,654.9,655.2,654.9,654.4,653.4,653.2,656.9,654.6,652.8,652.2,653.3,655.2,657.1,655.1,653.0,652.1,652.7,654.5,654.5,654.7,655.0,655.3,655.5,655.3,655.0,654.7,697.0,698.1,699.8,700.9,700.9,699.7,698.1,697.1,697.3,696.6,696.5,697.4,700.0,703.3,706.6,703.2,699.8,697.4,696.3,696.6,698.8,699.3,700.0,700.5,700.6,700.1,699.3,698.8,369.3,31.2,827.4,-0.000,0.100,-0.079
458,0,1656521722.291,0.98,1,-0.089494,0.083435,-0.992487,-0.243075,0.083445,-0.966412,-0.168,0.085,559.9,561.2,565.0,569.0,570.8,569.7,565.7,561.7,554.3,557.0,560.6,564.8,568.9,572.1,574.3,572.1,568.7,564.8,560.9,557.2,563.7,565.4,567.1,567.7,566.9,565.1,563.5,562.9,605.7,606.7,610.0,613.6,615.4,614.4,611.1,607.2,602.2,604.6,607.7,611.5,615.0,617.5,619.0,617.7,615.3,612.3,608.7,605.0,609.0,610.6,612.0,612.4,611.6,610.1,608.6,608.2,231.7,227.7,225.8,227.3,231.2,235.5,237.1,235.6,233.6,231.6,230.1,229.3,229.7,231.1,233.2,234.6,235.2,235.6,235.6,235.0,233.4,234.0,233.2,231.5,229.8,229.1,229.9,231.7,229.5,225.8,224.1,225.4,229.0,232.7,234.4,233.4,231.9,229.6,227.9,227.1,227.5,228.7,230.5,231.9,232.7,233.1,233.1,232.9,231.1,231.7,230.9,229.3,227.7,227.1,227.9,229.5,258.6,260.4,264.8,269.2,271.1,269.7,264.9,260.5,253.9,255.9,259.2,263.5,268.3,272.6,275.9,272.5,268.0,263.5,259.4,256.1,263.2,265.1,267.0,267.8,267.0,265.1,263.1,262.4,330.0,331.8,336.3,341.0,343.1,341.4,336.8,331.9,326.2,328.6,332.1,337.0,342.2,346.8,350.2,346.9,342.6,337.9,333.2,329.1,334.7,336.8,338.8,339.6,338.6,336.6,334.6,333.8,-1.6,-6.0,-8.0,-6.4,-2.2,2.6,4.2,2.7,0.4,-1.7,-3.3,-4.2,-3.7,-2.2,0.0,1.6,2.2,2.7,2.6,2.0,0.3,0.9,0.1,-1.9,-3.7,-4.4,-3.5,-1.6,-4.2,-8.6,-10.6,-9.1,-4.9,-0.5,1.5,0.3,-1.5,-4.1,-6.1,-7.0,-6.6,-5.3,-3.2,-1.5,-0.5,-0.1,-0.1,-0.3,-2.4,-1.7,-2.6,-4.5,-6.4,-7.0,-6.1,-4.2,653.8,654.5,655.2,655.5,655.1,654.7,653.7,653.5,657.2,654.9,653.1,652.5,653.6,655.4,657.4,655.3,653.3,652.4,653.0,654.8,654.8,655.0,655.3,655.6,655.7,655.6,655.3,655.0,699.8,701.0,702.6,703.7,703.7,702.5,700.9,699.9,700.2,699.5,699.3,700.3,702.8,706.1,709.4,705.9,702.6,700.2,699.2,699.4,701.7,702.2,702.9,703.4,703.4,702.9,702.2,701.7,369.9,31.2,829.0,0.001,0.100,-0.080
459,0,1656521722.324,0.98,1,-0.090739,0.079934,-0.992662,-0.244528,0.079421,-0.966384,-0.169,0.081,559.9,561.3,565.0,569.0,570.9,569.8,565.7,561.7,554.3,557.0,560.6,564.8,568.9,572.1,574.4,572.1,568.7,564.9,560.9,557.2,563.7,565.5,567.1,567.7,566.9,565.2,563.5,562.9,605.7,606.8,610.0,613.6,615.4,614.4,611.2,607.3,602.3,604.6,607.7,611.6,615.0,617.5,619.1,617.7,615.4,612.3,608.7,605.1,609.0,610.6,612.0,612.5,611.7,610.1,608.7,608.2,231.6,227.6,225.7,227.2,231.1,235.4,236.9,235.5,233.5,231.5,230.0,229.2,229.6,231.0,233.1,234.5,235.1,235.5,235.4,234.8,233.3,233.9,233.1,231.3,229.6,229.0,229.8,231.6,229.5,225.7,224.0,225.3,228.9,232.7,234.4,233.4,231.8,229.6,227.9,227.0,227.5,228.6,230.4,231.9,232.7,233.1,233.0,232.9,231.0,231.6,230.9,229.2,227.7,227.1,227.8,229.5,258.6,260.4,264.8,269.2,271.0,269.7,264.9,260.5,253.9,255.9,259.1,263.4,268.3,272.5,275.8,272.5,268.0,263.4,259.4,256.1,263.2,265.1,267.0,267.8,267.0,265.0,263.1,262.3,329.5,331.3,335.8,340.6,342.6,340.9,336.3,331.4,325.7,328.0,331.6,336.5,341.7,346.3,349.7,346.4,342.1,337.3,332.7,328.6,334.2,336.3,338.3,339.1,338.2,336.1,334.1,333.3,-1.7,-6.1,-8.1,-6.5,-2.3,2.4,4.1,2.5,0.3,-1.9,-3.4,-4.3,-3.9,-2.3,-0.1,1.5,2.1,2.5,2.5,1.8,0.1,0.8,-0.1,-2.0,-3.8,-4.5,-3.6,-1.7,-4.3,-8.6,-10.6,-9.1,-4.9,-0.6,1.4,0.2,-1.5,-4.1,-6.1,-7.1,-6.6,-5.3,-3.2,-1.5,-0.6,-0.1,-0.1,-0.3,-2.5,-1.8,-2.7,-4.6,-6.4,-7.1,-6.2,-4.3,653.6,654.4,655.1,655.3,655.0,654.5,653.5,653.3,657.0,654.8,652.9,652.4,653.4,655.2,657.2,655.1,653.1,652.2,652.8,654.6,654.7,654.8,655.1,655.4,655.6,655.4,655.1,654.8,698.7,699.9,701.5,702.6,702.5,701.3,699.7,698.7,699.0,698.3,698.2,699.1,701.6,704.9,708.2,704.8,701.4,699.0,698.0,698.3,700.5,701.0,701.7,702.2,702.2,701.8,701.1,700.5,369.8,31.2,828.9,-0.002,0.103,-0.080
460,0,1656521722.357,0.98,1,-0.089512,0.080523,-0.992725,-0.242207,0.078842,-0.967016,-0.168,0.081,559.9,561.3,565.0,569.0,570.8,569.7,565.7,561.7,554.3,557.0,560.6,564.8,568.9,572.1,574.3,572.1,568.7,564.9,560.9,557.2,563.7,565.4,567.1,567.7,566.9,565.1,563.5,562.9,605.6,606.6,609.9,613.5,615.3,614.3,611.0,607.2,602.2,604.5,607.6,611.5,614.9,617.4,619.0,617.6,615.3,612.2,608.6,605.0,608.9,610.5,611.9,612.4,611.6,610.0,608.6,608.1,231.6,227.5,225.7,227.1,231.0,235.4,236.9,235.4,233.4,231.4,230.0,229.1,229.6,231.0,233.0,234.4,235.0,235.4,235.4,234.8,233.2,233.9,233.1,231.3,229.6,229.0,229.8,231.5,229.4,225.7,224.0,225.3,228.9,232.6,234.3,233.3,231.7,229.5,227.8,227.0,227.5,228.6,230.4,231.8,232.6,233.0,233.0,232.8,231.0,231.5,230.8,229.2,227.6,227.0,227.8,229.4,259.2,261.0,265.4,269.8,271.7,270.3,265.5,261.1,254.5,256.5,259.8,264.1,269.0,273.2,276.5,273.1,268.6,264.1,260.0,256.7,263.8,265.7,267.7,268.4,267.6,265.7,263.8,263.0,329.7,331.4,336.0,340.7,342.8,341.0,336.4,331.5,325.8,328.2,331.8,336.7,341.9,346.4,349.9,346.6,342.2,337.5,332.8,328.7,334.4,336.4,338.4,339.2,338.3,336.2,334.2,333.5,-1.7,-6.1,-8.1,-6.6,-2.3,2.4,4.0,2.5,0.3,-1.9,-3.5,-4.4,-3.9,-2.4,-0.1,1.4,2.0,2.5,2.4,1.8,0.1,0.8,-0.1,-2.0,-3.9,-4.6,-3.7,-1.8,-4.4,-8.7,-10.7,-9.2,-5.0,-0.7,1.3,0.2,-1.6,-4.2,-6.2,-7.1,-6.7,-5.4,-3.3,-1.6,-0.7,-0.2,-0.2,-0.4,-2.6,-1.9,-2.8,-4.7,-6.5,-7.2,-6.3,-4.4,655.2,656.0,656.7,657.0,656.6,656.1,655.1,654.9,658.6,656.4,654.5,654.0,655.1,656.9,658.9,656.8,654.7,653.8,654.4,656.2,656.3,656.4,656.7,657.0,657.2,657.1,656.8,656.4,699.2,700.4,702.0,703.2,703.1,701.9,700.2,699.3,699.5,698.8,698.7,699.7,702.2,705.5,708.8,705.3,702.0,699.6,698.5,698.8,701.0,701.5,702.2,702.8,702.8,702.3,701.6,701.1,369.1,31.2,827.1,-0.004,0.103,-0.082
461,0,1656521722.391,0.98,1,-0.094122,0.079998,-0.992341,-0.247514,0.078892,-0.965667,-0.173,0.081,559.8,561.2,564.9,568.9,570.8,569.7,565.6,561.7,554.2,556.9,560.5,564.7,568.8,572.0,574.3,572.0,568.6,564.8,560.8,557.1,563.6,565.4,567.0,567.6,566.8,565.1,563.4,562.8,605.6,606.6,609.9,613.5,615.4,614.4,611.1,607.2,602.1,604.5,607.6,611.5,614.9,617.5,619.1,617.7,615.3,612.3,608.6,605.0,609.0,610.5,612.0,612.4,611.6,610.0,608.6,608.2,231.5,227.5,225.7,227.1,231.0,235.4,236.9,235.4,233.4,231.4,229.9,229.1,229.5,231.0,233.1,234.5,235.1,235.5,235.4,234.8,233.2,233.9,233.1,231.3,229.6,229.0,229.8,231.5,229.4,225.6,223.9,225.2,228.8,232.5,234.3,233.3,231.7,229.5,227.8,226.9,227.4,228.5,230.3,231.8,232.6,232.9,233.0,232.8,230.9,231.5,230.7,229.1,227.5,227.0,227.7,229.4,258.3,260.1,264.5,268.9,270.7,269.3,264.6,260.2,253.6,255.6,258.8,263.1,268.0,272.2,275.5,272.1,267.6,263.1,259.0,255.8,262.8,264.8,266.7,267.5,266.7,264.7,262.8,262.0,328.2,329.9,334.5,339.2,341.3,339.5,335.0,330.0,324.3,326.7,330.2,335.1,340.3,344.9,348.4,345.1,340.7,336.0,331.3,327.2,332.9,334.9,336.9,337.7,336.8,334.7,332.7,332.0,-1.8,-6.1,-8.1,-6.6,-2.3,2.4,4.0,2.5,0.3,-1.9,-3.5,-4.4,-3.9,-2.4,-0.1,1.4,2.1,2.5,2.4,1.8,0.1,0.8,-0.1,-2.0,-3.9,-4.6,-3.7,-1.8,-4.4,-8.7,-10.8,-9.2,-5.1,-0.7,1.3,0.1,-1.6,-4.3,-6.2,-7.2,-6.7,-5.4,-3.3,-1.6,-0.7,-0.2,-0.2,-0.4,-2.6,-1.9,-2.8,-4.7,-6.5,-7.2,-6.3,-4.4,653.1,653.9,654.6,654.8,654.4,653.9,653.0,652.7,656.5,654.3,652.4,651.8,652.9,654.7,656.6,654.6,652.5,651.7,652.3,654.1,654.1,654.2,654.5,654.9,655.0,654.9,654.6,654.3,696.1,697.3,698.9,699.9,699.9,698.7,697.1,696.1,696.4,695.7,695.5,696.5,699.0,702.3,705.5,702.1,698.8,696.4,695.3,695.6,697.9,698.3,699.0,699.6,699.6,699.1,698.4,697.9,370.1,31.1,829.6,0.001,0.108,-0.083
462,0,1656521722.424,0.98,1,-0.086530,0.083196,-0.992769,-0.241762,0.083647,-0.966723,-0.166,0.085,559.8,561.1,564.9,568.8,570.7,569.6,565.6,561.6,554.1,556.8,560.5,564.7,568.8,571.9,574.2,571.9,568.6,564.7,560.8,557.1,563.6,565.3,566.9,567.5,566.7,565.0,563.3,562.7,605.7,606.7,609.9,613.5,615.3,614.3,611.1,607.2,602.2,604.5,607.7,611.5,614.9,617.4,619.0,617.6,615.3,612.2,608.6,605.0,609.0,610.5,611.9,612.4,611.6,610.0,608.6,608.2,231.6,227.5,225.7,227.1,231.0,235.4,236.9,235.4,233.4,231.4,230.0,229.2,229.6,231.0,233.0,234.4,235.0,235.4,235.4,234.8,233.2,233.9,233.1,231.3,229.6,229.0,229.8,231.5,229.3,225.6,223.9,225.2,228.7,232.5,234.2,233.2,231.6,229.4,227.7,226.9,227.3,228.4,230.2,231.7,232.4,232.8,232.8,232.7,230.8,231.4,230.7,229.0,227.5,226.9,227.7,229.3,259.0,260.8,265.2,269.6,271.5,270.1,265.3,260.9,254.2,256.3,259.5,263.8,268.7,273.0,276.2,272.9,268.4,263.8,259.7,256.4,263.5,265.5,267.4,268.2,267.4,265.4,263.5,262.7,330.8,332.5,337.1,341.8,343.9,342.2,337.6,332.6,326.9,329.3,332.9,337.8,343.0,347.5,351.0,347.7,343.3,338.6,333.9,329.8,335.5,337.6,339.6,340.3,339.4,337.4,335.4,334.6,-1.7,-6.1,-8.1,-6.6,-2.3,2.4,4.0,2.5,0.3,-1.9,-3.4,-4.3,-3.9,-2.4,-0.2,1.4,2.0,2.4,2.4,1.8,0.1,0.8,-0.1,-2.0,-3.9,-4.6,-3.7,-1.8,-4.5,-8.9,-10.9,-9.4,-5.2,-0.8,1.2,0.0,-1.8,-4.4,-6.3,-7.3,-6.8,-5.5,-3.5,-1.8,-0.8,-0.4,-0.4,-0.6,-2.7,-2.0,-2.9,-4.8,-6.7,-7.3,-6.4,-4.5,655.0,655.8,656.5,656.8,656.5,656.0,654.9,654.6,658.3,656.1,654.3,653.8,654.9,656.7,658.7,656.6,654.5,653.6,654.2,656.0,656.1,656.2,656.5,656.9,657.0,656.9,656.6,656.2,701.5,702.7,704.3,705.4,705.4,704.2,702.6,701.6,701.9,701.2,701.0,702.0,704.5,707.8,711.1,707.6,704.3,701.9,700.8,701.1,703.4,703.9,704.6,705.1,705.1,704.6,703.9,703.4,368.9,31.0,827.1,0.001,0.099,-0.081
463,0,1656521722.457,0.98,1,-0.087227,0.080456,-0.992934,-0.243239,0.080733,-0.966601,-0.167,0.082,559.7,561.1,564.9,568.9,570.7,569.6,565.6,561.6,554.1,556.8,560.5,564.7,568.8,572.0,574.2,571.9,568.6,564.7,560.7,557.0,563.5,565.3,566.9,567.5,566.7,565.0,563.3,562.7,605.6,606.6,609.9,613.5,615.3,614.3,611.0,607.1,602.1,604.4,607.6,611.4,614.9,617.4,619.0,617.6,615.3,612.2,608.6,604.9,608.9,610.5,611.9,612.4,611.6,610.0,608.6,608.1,231.5,227.5,225.6,227.1,231.0,235.4,236.9,235.4,233.4,231.4,229.9,229.1,229.5,231.0,233.0,234.4,235.0,235.4,235.4,234.8,233.2,233.8,233.0,231.3,229.6,228.9,229.7,231.5,229.4,225.6,223.9,225.2,228.8,232.5,234.3,233.3,231.7,229.5,227.7,226.9,227.3,228.5,230.3,231.7,232.5,232.9,232.9,232.8,230.9,231.5,230.7,229.1,227.5,227.0,227.7,229.3,257.7,259.5,263.9,268.3,270.2,268.8,264.0,259.5,252.9,255.0,258.2,262.6,267.4,271.7,274.9,271.6,267.1,262.5,258.4,255.1,262.2,264.2,266.1,266.9,266.1,264.1,262.2,261.4,328.9,330.6,335.1,339.9,342.0,340.2,335.6,330.7,325.0,327.4,330.9,335.8,341.0,345.6,349.0,345.7,341.4,336.7,332.0,327.9,333.6,335.6,337.6,338.4,337.5,335.4,333.4,332.6,-1.8,-6.2,-8.2,-6.6,-2.3,2.4,4.0,2.4,0.2,-1.9,-3.5,-4.4,-3.9,-2.4,-0.1,1.4,2.0,2.4,2.4,1.7,0.0,0.7,-0.1,-2.0,-3.9,-4.6,-3.7,-1.8,-4.4,-8.8,-10.8,-9.3,-5.1,-0.7,1.3,0.1,-1.7,-4.3,-6.3,-7.3,-6.8,-5.5,-3.4,-1.7,-0.7,-0.3,-0.3,-0.5,-2.6,-1.9,-2.8,-4.7,-6.6,-7.2,-6.3,-4.4,651.8,652.6,653.3,653.6,653.2,652.7,651.7,651.4,655.1,652.9,651.1,650.6,651.7,653.5,655.5,653.4,651.3,650.4,651.0,652.8,652.9,653.0,653.3,653.7,653.8,653.7,653.4,653.0,697.6,698.7,700.4,701.5,701.4,700.2,698.6,697.6,697.9,697.2,697.0,698.0,700.5,703.8,707.1,703.7,700.3,697.9,696.9,697.1,699.4,699.9,700.6,701.1,701.1,700.6,699.9,699.4,368.9,31.0,827.5,0.001,0.100,-0.078
464,0,1656521722.491,0.98,1,-0.091925,0.079751,-0.992567,-0.244866,0.080012,-0.966250,-0.170,0.081,559.6,561.0,564.8,568.8,570.6,569.5,565.5,561.5,554.0,556.7,560.4,564.6,568.7,571.9,574.2,571.9,568.5,564.6,560.6,556.9,563.5,565.2,566.9,567.5,566.6,564.9,563.2,562.6,605.5,606.6,609.8,613.4,615.3,614.2,611.0,607.1,602.1,604.4,607.5,611.4,614.8,617.3,618.9,617.5,615.2,612.2,608.5,604.9,608.9,610.4,611.9,612.3,611.5,609.9,608.5,608.1,231.4,227.4,225.5,227.0,230.9,235.3,236.8,235.3,233.3,231.3,229.8,229.0,229.4,230.8,232.9,234.4,235.0,235.4,235.3,234.7,233.1,233.8,233.0,231.2,229.5,228.8,229.6,231.4,229.2,225.5,223.8,225.1,228.7,232.4,234.1,233.1,231.6,229.3,227.6,226.8,227.2,228.3,230.2,231.6,232.4,232.8,232.8,232.7,230.8,231.4,230.6,229.0,227.4,226.8,227.6,229.2,257.5,259.3,263.6,268.1,269.9,268.5,263.8,259.4,252.8,254.8,258.0,262.3,267.2,271.4,274.7,271.3,266.8,262.3,258.2,255.0,262.0,264.0,265.9,266.7,265.9,263.9,262.0,261.2,328.3,330.1,334.6,339.3,341.4,339.7,335.1,330.2,324.5,326.8,330.4,335.3,340.5,345.0,348.5,345.2,340.9,336.1,331.5,327.4,333.0,335.1,337.1,337.8,336.9,334.9,332.9,332.1,-1.9,-6.3,-8.3,-6.7,-2.4,2.3,3.9,2.4,0.2,-2.0,-3.6,-4.5,-4.0,-2.5,-0.2,1.3,1.9,2.4,2.3,1.7,-0.0,0.6,-0.2,-2.1,-4.0,-4.7,-3.8,-1.9,-4.5,-8.9,-10.9,-9.4,-5.2,-0.9,1.1,-0.0,-1.8,-4.4,-6.4,-7.4,-6.9,-5.6,-3.5,-1.8,-0.8,-0.4,-0.4,-0.6,-2.7,-2.1,-3.0,-4.9,-6.7,-7.3,-6.5,-4.6,651.5,652.3,653.0,653.2,652.9,652.4,651.4,651.2,654.9,652.7,650.8,650.3,651.3,653.1,655.1,653.0,651.0,650.1,650.7,652.5,652.6,652.7,653.0,653.3,653.5,653.3,653.0,652.7,696.6,697.8,699.4,700.5,700.4,699.3,697.6,696.7,696.9,696.2,696.1,697.0,699.6,702.9,706.1,702.7,699.4,696.9,695.9,696.2,698.4,698.9,699.6,700.1,700.2,699.7,699.0,698.4,369.3,31.0,828.3,-0.000,0.104,-0.080
465,0,1656521722.524,0.98,1,-0.086033,0.082459,-0.992874,-0.240076,0.082495,-0.967242,-0.165,0.084,559.9,561.2,565.0,568.9,570.8,569.7,565.6,561.7,554.2,557.0,560.6,564.8,568.9,572.0,574.3,572.0,568.7,564.8,560.8,557.1,563.6,565.4,567.0,567.6,566.8,565.1,563.4,562.8,605.6,606.7,609.9,613.5,615.3,614.3,611.0,607.1,602.1,604.5,607.6,611.5,614.9,617.4,618.9,617.6,615.2,612.2,608.6,604.9,608.9,610.5,611.9,612.4,611.6,610.0,608.6,608.1,231.4,227.4,225.6,227.1,230.9,235.3,236.8,235.3,233.3,231.3,229.9,229.1,229.5,230.9,233.0,234.3,234.9,235.3,235.2,234.7,233.1,233.8,233.0,231.2,229.5,228.9,229.7,231.4,229.4,225.7,224.0,225.4,228.9,232.7,234.4,233.3,231.7,229.6,227.9,227.1,227.5,228.7,230.4,231.9,232.6,233.0,233.0,232.8,231.0,231.6,230.8,229.2,227.7,227.1,227.8,229.4,259.5,261.2,265.6,270.1,271.9,270.5,265.7,261.3,254.6,256.7,260.0,264.3,269.2,273.4,276.7,273.4,268.9,264.3,260.2,256.9,264.0,266.0,267.9,268.7,267.9,265.9,264.0,263.2,330.6,332.3,336.9,341.6,343.7,341.9,337.3,332.4,326.7,329.1,332.7,337.6,342.8,347.3,350.8,347.5,343.1,338.4,333.7,329.6,335.3,337.3,339.3,340.1,339.2,337.2,335.1,334.4,-1.9,-6.3,-8.2,-6.7,-2.4,2.3,4.0,2.4,0.1,-2.0,-3.6,-4.4,-4.0,-2.4,-0.2,1.3,1.9,2.3,2.3,1.6,-0.0,0.7,-0.2,-2.1,-4.0,-4.7,-3.8,-1.9,-4.3,-8.7,-10.7,-9.1,-5.0,-0.6,1.4,0.2,-1.6,-4.2,-6.1,-7.1,-6.6,-5.3,-3.2,-1.5,-0.6,-0.2,-0.2,-0.4,-2.5,-1.8,-2.7,-4.6,-6.4,-7.1,-6.2,-4.3,655.9,656.7,657.4,657.7,657.4,656.9,655.9,655.6,659.2,657.0,655.2,654.7,655.8,657.7,659.7,657.6,655.5,654.5,655.1,656.9,657.0,657.1,657.4,657.8,657.9,657.8,657.5,657.1,701.2,702.3,704.0,705.1,705.0,703.9,702.2,701.2,701.5,700.8,700.6,701.6,704.1,707.5,710.8,707.3,704.0,701.5,700.5,700.7,703.0,703.5,704.2,704.7,704.7,704.3,703.5,703.0,368.5,31.0,826.4,-0.003,0.098,-0.076
466,0,1656521722.557,0.98,1,-0.087046,0.080206,-0.992970,-0.241568,0.080389,-0.967048,-0.166,0.082,559.7,561.0,564.8,568.8,570.7,569.6,565.5,561.5,554.1,556.8,560.4,564.6,568.7,571.9,574.2,571.9,568.5,564.7,560.7,557.0,563.5,565.2,566.9,567.5,566.7,564.9,563.3,562.7,605.7,606.7,609.9,613.5,615.4,614.3,611.1,607.2,602.2,604.5,607.7,611.5,614.9,617.4,619.0,617.7,615.3,612.3,608.7,605.0,609.0,610.5,612.0,612.4,611.6,610.0,608.6,608.2,231.6,227.5,225.7,227.1,231.0,235.4,236.9,235.5,233.4,231.4,230.0,229.2,229.6,231.0,233.1,234.5,235.0,235.4,235.4,234.8,233.2,233.9,233.1,231.3,229.6,229.0,229.8,231.5,229.4,225.7,224.0,225.3,228.9,232.6,234.3,233.3,231.8,229.5,227.8,227.0,227.5,228.6,230.4,231.8,232.6,233.0,233.0,232.8,231.0,231.6,230.8,229.2,227.6,227.0,227.8,229.4,258.0,259.8,264.2,268.6,270.5,269.1,264.3,259.9,253.2,255.3,258.5,262.9,267.8,272.0,275.2,271.9,267.4,262.8,258.8,255.5,262.6,264.5,266.4,267.2,266.4,264.5,262.5,261.7,328.6,330.4,334.9,339.7,341.8,340.0,335.4,330.5,324.8,327.2,330.7,335.6,340.8,345.4,348.8,345.5,341.2,336.5,331.8,327.7,333.3,335.4,337.4,338.2,337.3,335.2,333.2,332.4,-1.7,-6.1,-8.1,-6.5,-2.3,2.4,4.1,2.5,0.3,-1.9,-3.4,-4.3,-3.9,-2.3,-0.1,1.4,2.0,2.5,2.4,1.8,0.1,0.8,-0.1,-2.0,-3.9,-4.6,-3.7,-1.8,-4.3,-8.7,-10.7,-9.2,-5.0,-0.6,1.4,0.2,-1.6,-4.2,-6.1,-7.1,-6.6,-5.3,-3.3,-1.6,-0.6,-0.2,-0.2,-0.4,-2.5,-1.8,-2.7,-4.6,-6.5,-7.1,-6.2,-4.3,652.7,653.5,654.2,654.5,654.1,653.6,652.6,652.3,656.0,653.8,652.0,651.5,652.6,654.4,656.4,654.3,652.2,651.3,651.8,653.7,653.7,653.9,654.2,654.5,654.7,654.6,654.2,653.9,697.0,698.2,699.8,700.9,700.8,699.7,698.0,697.0,697.3,696.6,696.5,697.4,700.0,703.3,706.6,703.1,699.8,697.3,696.3,696.5,698.8,699.3,700.0,700.5,700.5,700.1,699.4,698.8,368.6,31.1,826.8,-0.003,0.099,-0.076
467,0,1656521722.591,0.98,1,-0.089284,0.083600,-0.992491,-0.243403,0.083040,-0.966364,-0.168,0.085,559.7,561.1,564.9,568.8,570.7,569.6,565.5,561.5,554.1,556.8,560.4,564.6,568.7,571.9,574.2,571.9,568.5,564.7,560.7,557.0,563.5,565.2,566.9,567.5,566.7,565.0,563.3,562.7,605.6,606.7,609.9,613.5,615.3,614.3,611.0,607.2,602.2,604.5,607.7,611.5,614.9,617.4,619.0,617.6,615.3,612.2,608.6,605.0,608.9,610.5,612.0,612.4,611.6,610.0,608.6,608.2,231.5,227.5,225.7,227.1,231.0,235.4,236.9,235.4,233.4,231.4,229.9,229.1,229.6,231.0,233.1,234.5,235.1,235.5,235.4,234.8,233.2,233.9,233.1,231.3,229.6,229.0,229.8,231.5,229.5,225.8,224.1,225.4,229.0,232.7,234.4,233.4,231.8,229.6,227.9,227.1,227.5,228.7,230.5,231.9,232.7,233.1,233.1,232.9,231.1,231.6,230.9,229.3,227.7,227.1,227.9,229.5,258.3,260.0,264.4,268.8,270.7,269.3,264.5,260.1,253.5,255.6,258.8,263.1,268.0,272.2,275.5,272.1,267.6,263.1,259.0,255.7,262.8,264.7,266.7,267.4,266.6,264.7,262.8,262.0,329.3,331.0,335.6,340.3,342.4,340.6,336.1,331.1,325.4,327.8,331.4,336.3,341.5,346.0,349.5,346.2,341.8,337.1,332.4,328.3,334.0,336.1,338.1,338.8,337.9,335.9,333.9,333.1,-1.8,-6.2,-8.1,-6.5,-2.3,2.4,4.1,2.5,0.2,-1.9,-3.5,-4.4,-3.9,-2.4,-0.1,1.4,2.1,2.5,2.4,1.8,0.1,0.8,-0.1,-2.0,-3.9,-4.6,-3.7,-1.8,-4.2,-8.6,-10.6,-9.1,-4.9,-0.5,1.5,0.3,-1.5,-4.1,-6.1,-7.0,-6.5,-5.3,-3.2,-1.5,-0.5,-0.1,-0.1,-0.3,-2.4,-1.8,-2.6,-4.5,-6.4,-7.0,-6.2,-4.3,653.3,654.0,654.7,655.0,654.6,654.2,653.2,652.9,656.6,654.4,652.6,652.0,653.1,654.9,656.9,654.8,652.8,651.9,652.5,654.3,654.3,654.4,654.7,655.1,655.2,655.1,654.8,654.5,698.4,699.5,701.2,702.3,702.2,701.0,699.4,698.5,698.7,698.0,697.9,698.8,701.3,704.7,707.9,704.5,701.2,698.7,697.7,698.0,700.2,700.7,701.4,701.9,701.9,701.4,700.7,700.2,369.4,31.1,828.7,0.001,0.101,-0.077
468,0,1656521722.624,0.98,1,-0.087190,0.083231,-0.992709,-0.241628,0.082876,-0.966823,-0.166,0.085,559.7,561.1,564.8,568.8,570.7,569.6,565.5,561.6,554.1,556.8,560.5,564.6,568.7,571.9,574.1,571.9,568.5,564.7,560.7,557.0,563.5,565.3,566.9,567.5,566.7,565.0,563.3,562.7,605.5,606.6,609.8,613.4,615.2,614.2,610.9,607.0,602.1,604.4,607.5,611.4,614.8,617.3,618.8,617.5,615.1,612.1,608.5,604.9,608.8,610.4,611.8,612.3,611.5,609.9,608.5,608.0,231.5,227.5,225.6,227.1,231.0,235.3,236.8,235.4,233.3,231.4,229.9,229.1,229.5,230.9,233.0,234.4,234.9,235.4,235.3,234.7,233.2,233.8,233.0,231.2,229.5,228.9,229.7,231.5,229.4,225.7,224.0,225.3,228.9,232.6,234.3,233.3,231.7,229.5,227.8,227.0,227.5,228.6,230.4,231.8,232.6,232.9,232.9,232.7,231.0,231.5,230.8,229.2,227.6,227.0,227.8,229.4,259.4,261.1,265.5,270.0,271.9,270.5,265.7,261.3,254.6,256.7,259.9,264.2,269.1,273.3,276.6,273.3,268.8,264.2,260.1,256.8,263.9,265.9,267.8,268.6,267.8,265.8,263.9,263.1,330.8,332.5,337.1,341.8,343.9,342.1,337.5,332.6,326.9,329.3,332.9,337.8,343.0,347.5,351.0,347.7,343.3,338.6,333.9,329.8,335.5,337.5,339.5,340.3,339.4,337.4,335.3,334.6,-1.8,-6.2,-8.2,-6.6,-2.4,2.3,4.0,2.4,0.2,-2.0,-3.5,-4.4,-3.9,-2.4,-0.2,1.3,1.9,2.4,2.3,1.7,0.0,0.7,-0.2,-2.1,-4.0,-4.6,-3.8,-1.8,-4.4,-8.7,-10.7,-9.2,-5.0,-0.7,1.3,0.1,-1.7,-4.3,-6.2,-7.1,-6.6,-5.4,-3.3,-1.6,-0.7,-0.2,-0.3,-0.5,-2.6,-1.9,-2.8,-4.7,-6.5,-7.2,-6.3,-4.4,656.0,656.8,657.5,657.8,657.5,657.0,656.0,655.7,659.4,657.1,655.3,654.8,655.9,657.8,659.7,657.7,655.6,654.6,655.2,657.0,657.1,657.2,657.6,657.9,658.0,657.9,657.6,657.3,701.8,703.0,704.6,705.7,705.7,704.5,702.9,701.9,702.2,701.5,701.3,702.3,704.8,708.1,711.4,707.9,704.6,702.2,701.1,701.4,703.7,704.1,704.8,705.4,705.4,704.9,704.2,703.7,368.9,31.1,827.5,-0.002,0.099,-0.078
469,0,1656521722.658,0.98,1,-0.088582,0.077717,-0.993032,-0.243668,0.077123,-0.966788,-0.168,0.079,559.6,561.0,564.8,568.7,570.6,569.5,565.4,561.4,554.0,556.7,560.3,564.5,568.7,571.9,574.1,571.8,568.4,564.6,560.6,556.9,563.4,565.2,566.8,567.4,566.6,564.9,563.2,562.6,605.6,606.6,609.9,613.5,615.3,614.3,611.0,607.1,602.1,604.4,607.6,611.4,614.9,617.4,619.0,617.6,615.3,612.2,608.6,604.9,608.9,610.5,611.9,612.3,611.6,610.0,608.5,608.1,231.4,227.3,225.5,227.0,230.9,235.2,236.7,235.3,233.2,231.2,229.8,228.9,229.4,230.8,232.9,234.3,234.9,235.3,235.2,234.6,233.1,233.7,232.9,231.1,229.4,228.8,229.6,231.4,229.4,225.6,223.9,225.3,228.8,232.6,234.3,233.3,231.7,229.5,227.8,226.9,227.4,228.6,230.4,231.8,232.6,233.0,232.9,232.8,230.9,231.5,230.8,229.1,227.6,227.0,227.7,229.4,257.6,259.4,263.8,268.2,270.1,268.7,263.9,259.5,252.8,254.9,258.1,262.5,267.3,271.6,274.8,271.5,267.0,262.4,258.4,255.1,262.2,264.1,266.0,266.8,266.0,264.1,262.1,261.4,328.7,330.5,335.1,339.8,341.8,340.1,335.5,330.5,324.9,327.2,330.8,335.7,340.9,345.5,348.9,345.6,341.2,336.5,331.8,327.8,333.4,335.5,337.5,338.3,337.3,335.3,333.3,332.5,-1.9,-6.3,-8.3,-6.7,-2.5,2.2,3.9,2.3,0.1,-2.1,-3.7,-4.6,-4.1,-2.5,-0.3,1.2,1.9,2.3,2.2,1.6,-0.1,0.6,-0.3,-2.2,-4.1,-4.7,-3.9,-2.0,-4.4,-8.7,-10.7,-9.2,-5.0,-0.7,1.3,0.1,-1.7,-4.3,-6.2,-7.2,-6.7,-5.4,-3.3,-1.6,-0.7,-0.2,-0.2,-0.5,-2.6,-1.9,-2.8,-4.7,-6.5,-7.2,-6.3,-4.4,651.9,652.7,653.4,653.7,653.3,652.8,651.8,651.6,655.3,653.1,651.3,650.7,651.8,653.6,655.6,653.5,651.4,650.5,651.1,652.9,653.0,653.1,653.4,653.8,653.9,653.8,653.5,653.1,697.3,698.6,700.2,701.3,701.2,700.0,698.3,697.4,697.7,697.0,696.8,697.8,700.3,703.6,706.9,703.4,700.1,697.6,696.6,696.9,699.2,699.6,700.3,700.9,700.9,700.4,699.7,699.2,368.5,31.1,826.9,-0.005,0.099,-0.075
470,0,1656521722.691,0.98,1,-0.090155,0.079026,-0.992787,-0.243828,0.079277,-0.966573,-0.169,0.081,559.8,561.1,564.9,568.9,570.7,569.6,565.6,561.6,554.2,556.9,560.5,564.7,568.8,572.0,574.2,572.0,568.6,564.7,560.8,557.1,563.6,565.3,567.0,567.6,566.8,565.0,563.4,562.8,605.6,606.6,609.9,613.5,615.3,614.3,611.0,607.1,602.1,604.4,607.6,611.4,614.9,617.4,618.9,617.6,615.3,612.2,608.6,604.9,608.9,610.5,611.9,612.3,611.5,610.0,608.5,608.1,231.4,227.4,225.6,227.0,230.9,235.2,236.8,235.3,233.3,231.3,229.8,229.0,229.4,230.9,232.9,234.3,234.9,235.3,235.3,234.7,233.1,233.7,232.9,231.2,229.5,228.8,229.6,231.4,229.3,225.6,223.9,225.2,228.8,232.5,234.2,233.2,231.7,229.4,227.7,226.9,227.3,228.5,230.3,231.7,232.5,232.9,232.9,232.7,230.9,231.5,230.7,229.1,227.5,226.9,227.7,229.3,258.5,260.3,264.7,269.1,271.0,269.6,264.8,260.4,253.8,255.8,259.1,263.4,268.3,272.5,275.8,272.4,267.9,263.4,259.3,256.0,263.1,265.0,266.9,267.7,266.9,265.0,263.1,262.3,329.2,331.0,335.5,340.2,342.3,340.5,336.0,331.0,325.3,327.7,331.3,336.2,341.4,345.9,349.4,346.1,341.7,337.0,332.3,328.2,333.9,336.0,338.0,338.7,337.8,335.8,333.8,333.0,-1.9,-6.3,-8.3,-6.7,-2.5,2.3,3.9,2.3,0.2,-2.0,-3.6,-4.5,-4.0,-2.5,-0.3,1.3,1.9,2.4,2.3,1.7,-0.1,0.6,-0.2,-2.2,-4.0,-4.7,-3.8,-1.9,-4.5,-8.8,-10.8,-9.3,-5.1,-0.8,1.2,0.1,-1.7,-4.3,-6.3,-7.3,-6.8,-5.5,-3.4,-1.7,-0.7,-0.3,-0.3,-0.5,-2.7,-2.0,-2.9,-4.8,-6.6,-7.3,-6.4,-4.5,653.8,654.6,655.3,655.5,655.2,654.7,653.7,653.5,657.2,654.9,653.1,652.6,653.6,655.5,657.4,655.4,653.3,652.4,653.0,654.8,654.9,655.0,655.3,655.6,655.8,655.7,655.3,655.0,698.3,699.5,701.2,702.2,702.2,701.0,699.4,698.4,698.7,698.0,697.8,698.8,701.3,704.6,707.9,704.4,701.1,698.7,697.6,697.9,700.2,700.6,701.3,701.9,701.9,701.4,700.7,700.2,369.6,31.1,828.9,-0.003,0.101,-0.077
471,0,1656521722.724,0.98,1,-0.090758,0.077673,-0.992839,-0.244884,0.077597,-0.966442,-0.170,0.079,559.7,561.1,564.8,568.8,570.7,569.6,565.5,561.6,554.1,556.8,560.4,564.6,568.7,571.9,574.2,571.9,568.6,564.7,560.7,557.0,563.5,565.3,566.9,567.5,566.7,565.0,563.3,562.7,605.5,606.5,609.8,613.4,615.2,614.2,611.0,607.1,602.0,604.3,607.5,611.3,614.8,617.3,618.9,617.5,615.2,612.1,608.5,604.9,608.8,610.4,611.8,612.3,611.5,609.9,608.5,608.0,231.5,227.4,225.6,227.1,231.0,235.3,236.8,235.4,233.4,231.4,229.9,229.1,229.5,230.9,233.0,234.4,235.0,235.4,235.3,234.8,233.2,233.8,233.0,231.2,229.5,228.9,229.7,231.5,229.3,225.5,223.8,225.1,228.7,232.4,234.2,233.2,231.6,229.4,227.7,226.8,227.3,228.4,230.2,231.6,232.4,232.8,232.9,232.7,230.8,231.4,230.6,229.0,227.4,226.9,227.6,229.3,258.0,259.7,264.1,268.5,270.4,269.0,264.2,259.8,253.2,255.3,258.5,262.8,267.7,271.9,275.2,271.8,267.3,262.8,258.7,255.4,262.5,264.4,266.4,267.1,266.3,264.4,262.5,261.7,328.1,329.9,334.4,339.1,341.2,339.5,334.9,330.0,324.3,326.6,330.2,335.1,340.3,344.9,348.3,345.0,340.7,336.0,331.3,327.2,332.8,334.9,336.9,337.7,336.7,334.7,332.7,331.9,-1.8,-6.2,-8.2,-6.6,-2.4,2.3,4.0,2.4,0.2,-1.9,-3.5,-4.4,-4.0,-2.4,-0.2,1.3,2.0,2.4,2.3,1.7,0.0,0.7,-0.2,-2.1,-3.9,-4.6,-3.8,-1.8,-4.5,-8.8,-10.9,-9.4,-5.2,-0.8,1.2,0.0,-1.8,-4.4,-6.3,-7.3,-6.8,-5.6,-3.5,-1.8,-0.8,-0.4,-0.4,-0.6,-2.7,-2.0,-2.9,-4.8,-6.6,-7.3,-6.4,-4.5,652.5,653.3,654.0,654.3,653.9,653.4,652.4,652.1,655.9,653.6,651.8,651.3,652.3,654.2,656.1,654.1,652.0,651.1,651.7,653.5,653.6,653.7,654.0,654.3,654.5,654.4,654.1,653.7,696.3,697.5,699.1,700.2,700.1,698.9,697.3,696.3,696.6,695.9,695.8,696.7,699.2,702.6,705.8,702.4,699.0,696.6,695.6,695.9,698.1,698.6,699.3,699.8,699.8,699.4,698.7,698.1,369.1,31.1,827.8,-0.004,0.103,-0.079
472,0,1656521722.758,0.98,1,-0.086972,0.076449,-0.993273,-0.243485,0.076964,-0.966846,-0.167,0.078,559.5,560.9,564.7,568.7,570.5,569.4,565.4,561.4,553.9,556.6,560.3,564.5,568.6,571.8,574.1,571.8,568.4,564.6,560.6,556.8,563.4,565.1,566.8,567.4,566.6,564.8,563.1,562.6,605.5,606.5,609.7,613.3,615.2,614.2,610.9,607.0,602.0,604.3,607.5,611.3,614.7,617.3,618.9,617.5,615.2,612.1,608.5,604.8,608.8,610.4,611.8,612.2,611.4,609.8,608.4,608.0,231.4,227.4,225.5,227.0,230.9,235.2,236.8,235.3,233.3,231.3,229.8,229.0,229.4,230.8,232.9,234.3,234.9,235.3,235.3,234.7,233.1,233.7,232.9,231.2,229.5,228.8,229.6,231.4,229.2,225.5,223.8,225.1,228.7,232.4,234.1,233.1,231.6,229.3,227.6,226.8,227.2,228.4,230.2,231.6,232.4,232.8,232.8,232.6,230.8,231.4,230.6,229.0,227.4,226.8,227.6,229.2,257.2,259.0,263.4,267.8,269.7,268.3,263.5,259.1,252.4,254.5,257.7,262.1,266.9,271.2,274.4,271.1,266.6,262.0,258.0,254.7,261.8,263.7,265.6,266.4,265.6,263.6,261.7,260.9,328.7,330.5,335.0,339.7,341.8,340.1,335.5,330.5,324.9,327.2,330.8,335.7,340.9,345.4,348.9,345.6,341.3,336.5,331.9,327.8,333.4,335.5,337.5,338.2,337.3,335.3,333.3,332.5,-1.9,-6.3,-8.3,-6.7,-2.5,2.2,3.9,2.3,0.2,-2.0,-3.6,-4.5,-4.1,-2.5,-0.3,1.2,1.9,2.3,2.3,1.6,-0.1,0.6,-0.2,-2.2,-4.0,-4.7,-3.8,-1.9,-4.5,-8.9,-10.9,-9.4,-5.2,-0.9,1.1,-0.0,-1.8,-4.4,-6.4,-7.4,-6.9,-5.6,-3.5,-1.8,-0.9,-0.4,-0.4,-0.6,-2.8,-2.1,-3.0,-4.9,-6.7,-7.4,-6.5,-4.6,651.0,651.8,652.6,652.8,652.5,652.0,650.9,650.7,654.4,652.2,650.4,649.8,650.9,652.8,654.7,652.6,650.5,649.6,650.2,652.0,652.1,652.2,652.5,652.9,653.0,652.9,652.6,652.3,697.6,698.8,700.4,701.5,701.4,700.2,698.6,697.7,698.0,697.3,697.1,698.1,700.6,703.9,707.1,703.7,700.3,697.9,696.9,697.2,699.4,699.9,700.6,701.1,701.2,700.7,700.0,699.5,368.9,31.1,827.7,-0.006,0.097,-0.076
473,0,1656521722.791,0.98,1,-0.087246,0.078178,-0.993114,-0.242561,0.078282,-0.966973,-0.167,0.080,559.5,560.8,564.6,568.6,570.5,569.4,565.3,561.3,553.8,556.6,560.2,564.4,568.5,571.7,574.0,571.7,568.3,564.5,560.5,556.8,563.3,565.0,566.7,567.3,566.5,564.7,563.1,562.5,605.5,606.5,609.8,613.4,615.2,614.2,611.0,607.1,602.0,604.4,607.5,611.3,614.8,617.3,618.9,617.5,615.2,612.1,608.5,604.9,608.8,610.4,611.8,612.3,611.5,609.9,608.5,608.0,231.4,227.4,225.5,227.0,230.9,235.3,236.8,235.3,233.3,231.3,229.8,229.0,229.4,230.9,232.9,234.3,234.9,235.3,235.2,234.7,233.1,233.7,232.9,231.2,229.5,228.8,229.6,231.4,229.3,225.5,223.8,225.1,228.7,232.5,234.2,233.2,231.6,229.4,227.7,226.8,227.3,228.4,230.2,231.7,232.5,232.8,232.9,232.7,230.8,231.4,230.7,229.0,227.5,226.9,227.6,229.3,257.3,259.1,263.5,267.9,269.8,268.3,263.6,259.2,252.5,254.6,257.8,262.2,267.0,271.2,274.5,271.2,266.7,262.1,258.0,254.7,261.8,263.8,265.7,266.5,265.7,263.7,261.8,261.0,328.3,330.0,334.6,339.3,341.4,339.6,335.1,330.1,324.4,326.8,330.4,335.3,340.5,345.0,348.5,345.2,340.8,336.1,331.4,327.3,333.0,335.0,337.0,337.8,336.9,334.8,332.8,332.1,-1.9,-6.3,-8.3,-6.7,-2.5,2.3,3.9,2.3,0.1,-2.0,-3.6,-4.5,-4.0,-2.5,-0.2,1.3,1.9,2.3,2.3,1.6,-0.1,0.6,-0.2,-2.2,-4.0,-4.7,-3.8,-1.9,-4.5,-8.8,-10.8,-9.3,-5.2,-0.8,1.2,0.0,-1.7,-4.4,-6.3,-7.3,-6.8,-5.5,-3.4,-1.7,-0.8,-0.4,-0.4,-0.6,-2.7,-2.0,-2.9,-4.8,-6.6,-7.3,-6.4,-4.5,651.5,652.3,653.0,653.3,652.9,652.4,651.4,651.1,654.8,652.6,650.8,650.3,651.4,653.2,655.2,653.1,651.0,650.1,650.7,652.5,652.6,652.7,653.0,653.3,653.5,653.4,653.1,652.7,696.6,697.8,699.4,700.5,700.4,699.2,697.6,696.6,696.9,696.2,696.1,697.1,699.6,702.9,706.1,702.7,699.3,696.9,695.9,696.1,698.4,698.9,699.6,700.1,700.2,699.7,699.0,698.4,368.2,31.0,826.5,-0.003,0.097,-0.075
474,0,1656521722.824,0.98,1,-0.087245,0.079624,-0.993000,-0.240874,0.080199,-0.967237,-0.166,0.081,559.4,560.8,564.5,568.5,570.4,569.3,565.2,561.3,553.8,556.5,560.1,564.3,568.4,571.6,573.9,571.6,568.3,564.4,560.4,556.7,563.2,565.0,566.6,567.2,566.4,564.7,563.0,562.4,605.4,606.4,609.7,613.3,615.1,614.1,610.8,607.0,601.9,604.3,607.4,611.3,614.7,617.2,618.8,617.4,615.1,612.0,608.4,604.8,608.7,610.3,611.7,612.2,611.4,609.8,608.4,607.9,231.5,227.5,225.6,227.1,231.0,235.3,236.8,235.4,233.4,231.4,229.9,229.1,229.5,230.9,233.0,234.4,235.0,235.4,235.3,234.7,233.2,233.8,233.0,231.2,229.5,228.9,229.7,231.5,229.3,225.6,223.8,225.2,228.7,232.5,234.2,233.2,231.6,229.4,227.7,226.9,227.3,228.4,230.2,231.7,232.5,232.8,232.8,232.7,230.9,231.4,230.7,229.0,227.5,226.9,227.6,229.3,258.1,259.8,264.2,268.7,270.5,269.1,264.4,259.9,253.3,255.4,258.6,262.9,267.8,272.0,275.3,272.0,267.5,262.9,258.8,255.5,262.6,264.6,266.5,267.3,266.5,264.5,262.6,261.8,329.0,330.7,335.3,340.0,342.1,340.3,335.8,330.8,325.1,327.5,331.1,336.0,341.2,345.7,349.2,345.9,341.5,336.8,332.1,328.0,333.7,335.8,337.8,338.5,337.6,335.5,333.5,332.8,-1.8,-6.2,-8.2,-6.6,-2.4,2.3,4.0,2.4,0.2,-1.9,-3.5,-4.4,-4.0,-2.4,-0.2,1.3,2.0,2.4,2.3,1.7,0.0,0.7,-0.2,-2.1,-3.9,-4.6,-3.8,-1.8,-4.5,-8.8,-10.9,-9.3,-5.2,-0.8,1.2,0.0,-1.8,-4.3,-6.3,-7.3,-6.8,-5.5,-3.4,-1.7,-0.8,-0.4,-0.4,-0.6,-2.7,-2.0,-2.9,-4.8,-6.6,-7.3,-6.4,-4.5,653.6,654.4,655.1,655.4,655.0,654.5,653.5,653.3,657.0,654.7,652.9,652.4,653.5,655.3,657.3,655.2,653.1,652.2,652.8,654.6,654.7,654.8,655.1,655.5,655.6,655.5,655.2,654.8,698.3,699.5,701.1,702.2,702.2,701.0,699.3,698.3,698.6,697.9,697.8,698.8,701.3,704.6,707.9,704.4,701.1,698.6,697.6,697.9,700.1,700.6,701.3,701.8,701.9,701.4,700.7,700.2,367.7,30.9,825.3,-0.004,0.097,-0.077
475,0,1656521722.858,0.98,1,-0.084446,0.078761,-0.993310,-0.240763,0.079042,-0.967360,-0.164,0.080,559.6,561.0,564.8,568.7,570.6,569.5,565.4,561.5,554.0,556.7,560.4,564.6,568.7,571.8,574.1,571.8,568.5,564.6,560.6,556.9,563.4,565.2,566.8,567.4,566.6,564.9,563.2,562.6,605.5,606.5,609.8,613.4,615.2,614.1,610.9,607.0,602.0,604.3,607.5,611.3,614.7,617.2,618.8,617.4,615.1,612.1,608.5,604.8,608.8,610.3,611.8,612.2,611.4,609.9,608.4,608.0,231.3,227.3,225.5,226.9,230.8,235.2,236.7,235.2,233.2,231.2,229.8,228.9,229.4,230.8,232.9,234.3,234.9,235.2,235.2,234.6,233.0,233.7,232.9,231.1,229.4,228.8,229.6,231.3,229.4,225.6,223.9,225.2,228.8,232.6,234.3,233.3,231.7,229.5,227.8,226.9,227.4,228.5,230.4,231.8,232.6,232.9,232.9,232.7,230.9,231.5,230.8,229.1,227.6,227.0,227.7,229.4,257.7,259.5,263.9,268.4,270.2,268.8,264.0,259.6,252.9,255.0,258.3,262.6,267.5,271.7,275.0,271.6,267.1,262.6,258.5,255.2,262.3,264.2,266.2,267.0,266.1,264.2,262.3,261.5,329.2,331.0,335.5,340.2,342.3,340.5,336.0,331.0,325.3,327.7,331.3,336.2,341.4,345.9,349.4,346.1,341.7,337.0,332.3,328.2,333.9,336.0,338.0,338.7,337.8,335.8,333.8,333.0,-2.0,-6.4,-8.3,-6.8,-2.5,2.2,3.8,2.3,0.0,-2.1,-3.7,-4.6,-4.1,-2.6,-0.3,1.2,1.8,2.3,2.2,1.5,-0.1,0.6,-0.3,-2.2,-4.1,-4.8,-3.9,-2.0,-4.4,-8.8,-10.8,-9.2,-5.1,-0.7,1.3,0.1,-1.7,-4.3,-6.3,-7.2,-6.7,-5.4,-3.3,-1.6,-0.7,-0.3,-0.3,-0.5,-2.6,-1.9,-2.8,-4.7,-6.5,-7.2,-6.3,-4.4,652.2,653.0,653.8,654.1,653.7,653.2,652.2,651.9,655.5,653.3,651.6,651.0,652.2,654.0,656.0,653.9,651.8,650.8,651.4,653.2,653.3,653.4,653.8,654.1,654.3,654.1,653.8,653.5,698.6,699.8,701.5,702.6,702.5,701.3,699.7,698.7,699.0,698.3,698.1,699.1,701.6,705.0,708.2,704.8,701.4,699.0,697.9,698.2,700.5,700.9,701.7,702.2,702.2,701.7,701.0,700.5,368.4,31.0,827.0,-0.005,0.095,-0.071
476,0,1656521722.891,0.98,1,-0.088742,0.080664,-0.992783,-0.244290,0.081148,-0.966301,-0.168,0.082,559.4,560.8,564.6,568.6,570.4,569.3,565.3,561.3,553.8,556.5,560.2,564.4,568.5,571.7,574.0,571.7,568.3,564.4,560.5,556.7,563.3,565.0,566.7,567.3,566.5,564.7,563.1,562.5,605.4,606.4,609.7,613.3,615.1,614.1,610.8,606.9,601.9,604.2,607.4,611.2,614.7,617.2,618.8,617.4,615.1,612.0,608.4,604.7,608.7,610.3,611.7,612.2,611.4,609.8,608.4,607.9,231.4,227.3,225.5,227.0,230.9,235.2,236.7,235.3,233.3,231.3,229.8,229.0,229.4,230.8,232.9,234.3,234.9,235.3,235.2,234.6,233.1,233.7,232.9,231.1,229.4,228.8,229.6,231.4,229.3,225.5,223.8,225.1,228.7,232.4,234.2,233.2,231.6,229.4,227.7,226.8,227.3,228.4,230.2,231.6,232.4,232.8,232.8,232.6,230.8,231.4,230.6,229.0,227.4,226.9,227.6,229.2,257.4,259.2,263.6,268.0,269.9,268.5,263.7,259.3,252.6,254.7,258.0,262.3,267.2,271.4,274.7,271.3,266.8,262.3,258.2,254.9,262.0,263.9,265.8,266.6,265.8,263.9,261.9,261.2,328.6,330.3,334.9,339.6,341.7,339.9,335.4,330.4,324.7,327.1,330.7,335.6,340.8,345.3,348.8,345.5,341.1,336.4,331.7,327.6,333.3,335.4,337.4,338.1,337.2,335.2,333.2,332.4,-1.9,-6.3,-8.3,-6.7,-2.5,2.2,3.9,2.3,0.1,-2.1,-3.6,-4.5,-4.1,-2.5,-0.3,1.2,1.8,2.3,2.2,1.6,-0.1,0.6,-0.3,-2.2,-4.1,-4.7,-3.9,-1.9,-4.5,-8.9,-10.9,-9.4,-5.2,-0.8,1.2,-0.0,-1.8,-4.4,-6.4,-7.4,-6.9,-5.6,-3.5,-1.8,-0.9,-0.4,-0.4,-0.6,-2.7,-2.1,-2.9,-4.8,-6.7,-7.3,-6.5,-4.5,651.9,652.7,653.4,653.7,653.3,652.8,651.8,651.5,655.2,653.0,651.2,650.6,651.7,653.6,655.5,653.4,651.4,650.4,651.0,652.8,652.9,653.0,653.4,653.7,653.9,653.7,653.4,653.1,697.5,698.7,700.3,701.4,701.3,700.1,698.5,697.6,697.9,697.2,697.0,698.0,700.5,703.8,707.0,703.6,700.2,697.8,696.8,697.1,699.3,699.8,700.5,701.0,701.1,700.6,699.9,699.4,368.1,30.9,826.4,-0.000,0.098,-0.075
477,0,1656521722.924,0.98,1,-0.084917,0.079969,-0.993174,-0.240781,0.080519,-0.967234,-0.165,0.082,559.6,560.9,564.7,568.7,570.6,569.5,565.4,561.4,553.9,556.7,560.3,564.5,568.6,571.8,574.1,571.8,568.4,564.6,560.6,556.9,563.4,565.1,566.8,567.4,566.6,564.8,563.2,562.6,605.6,606.6,609.8,613.4,615.3,614.2,611.0,607.1,602.1,604.4,607.6,611.4,614.8,617.3,618.9,617.5,615.2,612.2,608.6,604.9,608.9,610.4,611.9,612.3,611.5,609.9,608.5,608.1,231.4,227.3,225.5,227.0,230.9,235.2,236.8,235.3,233.2,231.2,229.8,229.0,229.4,230.8,232.9,234.3,234.9,235.3,235.2,234.6,233.1,233.7,232.9,231.1,229.4,228.8,229.6,231.4,229.3,225.6,223.9,225.2,228.8,232.5,234.2,233.2,231.7,229.4,227.7,226.9,227.3,228.5,230.3,231.7,232.5,232.9,232.9,232.7,230.9,231.5,230.7,229.1,227.5,226.9,227.7,229.3,257.3,259.1,263.5,267.9,269.8,268.4,263.6,259.2,252.5,254.6,257.8,262.2,267.1,271.3,274.5,271.2,266.7,262.1,258.1,254.8,261.9,263.8,265.7,266.5,265.7,263.8,261.8,261.0,328.9,330.6,335.2,339.9,342.0,340.2,335.6,330.7,325.0,327.4,330.9,335.8,341.0,345.6,349.0,345.7,341.4,336.7,332.0,327.9,333.6,335.6,337.6,338.4,337.5,335.4,333.4,332.6,-1.9,-6.3,-8.3,-6.7,-2.5,2.2,3.9,2.3,0.1,-2.1,-3.6,-4.5,-4.1,-2.5,-0.3,1.2,1.9,2.3,2.2,1.6,-0.1,0.6,-0.3,-2.2,-4.0,-4.7,-3.9,-1.9,-4.5,-8.8,-10.8,-9.3,-5.1,-0.8,1.2,0.1,-1.7,-4.3,-6.3,-7.3,-6.8,-5.5,-3.4,-1.7,-0.7,-0.3,-0.3,-0.5,-2.7,-2.0,-2.9,-4.8,-6.6,-7.3,-6.4,-4.5,651.2,652.0,652.7,653.0,652.7,652.2,651.2,650.9,654.5,652.3,650.5,650.0,651.1,653.0,655.0,652.9,650.8,649.8,650.4,652.2,652.3,652.4,652.7,653.1,653.2,653.1,652.8,652.4,697.7,698.9,700.5,701.6,701.5,700.4,698.7,697.7,698.0,697.3,697.2,698.1,700.7,704.0,707.3,703.8,700.5,698.0,697.0,697.2,699.5,700.0,700.7,701.2,701.2,700.8,700.0,699.5,368.5,30.9,826.9,-0.003,0.095,-0.073
478,0,1656521722.958,0.98,1,-0.090475,0.079287,-0.992738,-0.244546,0.080269,-0.966309,-0.169,0.081,559.5,560.9,564.6,568.6,570.5,569.4,565.4,561.4,553.9,556.6,560.3,564.4,568.6,571.8,574.0,571.7,568.4,564.5,560.5,556.8,563.3,565.1,566.7,567.3,566.5,564.8,563.1,562.5,605.4,606.4,609.7,613.3,615.1,614.1,610.9,607.0,602.0,604.3,607.4,611.3,614.7,617.2,618.8,617.4,615.1,612.1,608.4,604.8,608.7,610.3,611.7,612.2,611.4,609.8,608.4,607.9,231.4,227.4,225.5,227.0,230.8,235.2,236.7,235.3,233.3,231.3,229.8,229.0,229.4,230.8,232.8,234.3,234.9,235.3,235.3,234.7,233.1,233.7,232.9,231.1,229.4,228.8,229.6,231.4,229.2,225.4,223.7,225.0,228.6,232.3,234.0,233.0,231.5,229.3,227.5,226.7,227.1,228.3,230.1,231.5,232.3,232.7,232.7,232.5,230.7,231.3,230.5,228.9,227.3,226.7,227.5,229.1,258.1,259.8,264.2,268.6,270.5,269.1,264.4,259.9,253.3,255.4,258.6,262.9,267.8,272.0,275.3,271.9,267.4,262.9,258.8,255.6,262.6,264.6,266.5,267.3,266.4,264.5,262.6,261.8,328.8,330.6,335.1,339.8,341.9,340.2,335.6,330.6,325.0,327.3,330.9,335.8,341.0,345.5,349.0,345.7,341.4,336.6,332.0,327.9,333.5,335.6,337.6,338.3,337.4,335.4,333.4,332.6,-1.9,-6.3,-8.3,-6.7,-2.5,2.2,3.9,2.3,0.2,-2.0,-3.6,-4.5,-4.1,-2.6,-0.3,1.2,1.9,2.3,2.3,1.7,-0.1,0.6,-0.3,-2.2,-4.1,-4.7,-3.9,-1.9,-4.6,-9.0,-11.0,-9.5,-5.3,-1.0,1.0,-0.1,-1.9,-4.5,-6.5,-7.5,-7.0,-5.7,-3.6,-1.9,-1.0,-0.5,-0.5,-0.7,-2.9,-2.2,-3.1,-5.0,-6.8,-7.5,-6.6,-4.7,653.3,654.0,654.7,655.0,654.6,654.2,653.2,652.9,656.7,654.4,652.6,652.0,653.1,654.9,656.9,654.8,652.8,651.9,652.5,654.3,654.3,654.4,654.7,655.1,655.2,655.1,654.8,654.5,697.9,699.1,700.7,701.8,701.7,700.5,698.9,698.0,698.3,697.6,697.4,698.4,700.9,704.2,707.4,704.0,700.7,698.2,697.2,697.5,699.7,700.2,700.9,701.4,701.5,701.0,700.3,699.8,369.2,31.0,828.6,-0.003,0.100,-0.077
479,0,1656521722.991,0.98,1,-0.089185,0.080233,-0.992778,-0.243073,0.079640,-0.966733,-0.168,0.081,559.6,561.0,564.8,568.7,570.6,569.5,565.4,561.5,554.0,556.7,560.4,564.6,568.7,571.8,574.1,571.8,568.5,564.6,560.6,556.9,563.4,565.2,566.8,567.4,566.6,564.9,563.2,562.6,605.4,606.5,609.7,613.3,615.1,614.1,610.8,606.9,601.9,604.3,607.4,611.3,614.7,617.2,618.8,617.4,615.1,612.0,608.4,604.8,608.7,610.3,611.7,612.2,611.4,609.8,608.4,607.9,231.3,227.3,225.4,226.9,230.8,235.1,236.6,235.2,233.2,231.2,229.7,228.9,229.3,230.8,232.8,234.2,234.8,235.2,235.1,234.5,233.0,233.6,232.8,231.1,229.4,228.7,229.5,231.3,229.3,225.5,223.8,225.2,228.8,232.5,234.2,233.2,231.6,229.4,227.7,226.9,227.3,228.5,230.3,231.7,232.5,232.9,232.8,232.6,230.8,231.4,230.7,229.0,227.5,226.9,227.6,229.3,258.6,260.4,264.8,269.3,271.1,269.7,264.9,260.5,253.9,255.9,259.2,263.5,268.4,272.6,275.9,272.5,268.0,263.5,259.4,256.1,263.2,265.1,267.1,267.8,267.0,265.1,263.2,262.4,329.7,331.4,336.0,340.7,342.8,341.0,336.4,331.5,325.8,328.2,331.8,336.7,341.9,346.4,349.9,346.5,342.2,337.5,332.8,328.7,334.4,336.4,338.4,339.2,338.3,336.2,334.2,333.5,-2.0,-6.4,-8.4,-6.8,-2.6,2.1,3.8,2.2,0.0,-2.2,-3.7,-4.6,-4.2,-2.6,-0.4,1.1,1.8,2.2,2.1,1.5,-0.2,0.5,-0.4,-2.3,-4.1,-4.8,-4.0,-2.0,-4.5,-8.9,-10.9,-9.3,-5.1,-0.8,1.2,0.0,-1.8,-4.4,-6.3,-7.3,-6.8,-5.5,-3.4,-1.7,-0.8,-0.4,-0.4,-0.6,-2.7,-2.0,-2.9,-4.8,-6.6,-7.3,-6.4,-4.5,654.5,655.2,656.0,656.2,655.9,655.4,654.4,654.1,657.8,655.6,653.8,653.2,654.3,656.2,658.1,656.0,654.0,653.0,653.6,655.4,655.5,655.6,656.0,656.3,656.5,656.3,656.0,655.7,699.7,700.9,702.6,703.6,703.6,702.4,700.7,699.8,700.1,699.4,699.2,700.2,702.7,706.0,709.3,705.8,702.5,700.0,699.0,699.3,701.5,702.0,702.7,703.3,703.3,702.8,702.1,701.6,368.6,31.0,827.1,-0.002,0.100,-0.076
480,0,1656521723.025,0.98,1,-0.090539,0.079144,-0.992743,-0.244592,0.078949,-0.966407,-0.169,0.081,559.6,560.9,564.7,568.7,570.5,569.4,565.4,561.4,554.0,556.7,560.3,564.5,568.6,571.8,574.1,571.8,568.4,564.6,560.6,556.9,563.4,565.1,566.8,567.4,566.6,564.8,563.2,562.6,605.5,606.5,609.8,613.4,615.2,614.2,610.9,607.1,602.0,604.4,607.5,611.3,614.8,617.3,618.9,617.5,615.2,612.1,608.5,604.9,608.8,610.4,611.8,612.3,611.5,609.9,608.5,608.0,231.4,227.3,225.5,227.0,230.8,235.2,236.7,235.3,233.2,231.2,229.8,229.0,229.4,230.8,232.9,234.3,234.9,235.3,235.2,234.6,233.1,233.7,232.9,231.1,229.4,228.8,229.6,231.4,229.3,225.5,223.8,225.1,228.7,232.4,234.1,233.1,231.6,229.4,227.7,226.8,227.3,228.4,230.2,231.6,232.4,232.8,232.8,232.6,230.8,231.4,230.6,229.0,227.4,226.9,227.6,229.2,258.2,260.0,264.4,268.8,270.7,269.3,264.5,260.1,253.5,255.5,258.7,263.1,267.9,272.1,275.4,272.1,267.6,263.0,259.0,255.7,262.8,264.7,266.6,267.4,266.6,264.7,262.7,262.0,329.4,331.2,335.7,340.4,342.5,340.8,336.2,331.2,325.6,327.9,331.5,336.4,341.6,346.2,349.6,346.3,342.0,337.2,332.6,328.5,334.1,336.2,338.2,339.0,338.0,336.0,334.0,333.2,-1.9,-6.3,-8.3,-6.7,-2.5,2.2,3.9,2.3,0.1,-2.1,-3.6,-4.5,-4.1,-2.6,-0.3,1.2,1.8,2.3,2.2,1.6,-0.1,0.6,-0.3,-2.2,-4.1,-4.8,-3.9,-2.0,-4.5,-8.9,-10.9,-9.4,-5.2,-0.9,1.1,-0.0,-1.8,-4.4,-6.4,-7.3,-6.9,-5.6,-3.5,-1.8,-0.9,-0.4,-0.4,-0.6,-2.7,-2.1,-2.9,-4.9,-6.7,-7.3,-6.5,-4.6,653.5,654.3,655.0,655.2,654.9,654.4,653.4,653.2,656.9,654.7,652.8,652.3,653.3,655.2,657.1,655.0,653.0,652.1,652.7,654.5,654.6,654.7,655.0,655.3,655.5,655.4,655.1,654.7,699.0,700.2,701.8,702.9,702.8,701.6,700.0,699.0,699.3,698.6,698.5,699.4,701.9,705.2,708.5,705.0,701.7,699.3,698.3,698.5,700.8,701.3,702.0,702.5,702.5,702.1,701.4,700.8,368.9,31.0,827.7,-0.004,0.101,-0.077
481,0,1656521723.058,0.98,1,-0.091016,0.079110,-0.992702,-0.242774,0.078715,-0.966884,-0.169,0.080,559.6,561.0,564.8,568.8,570.6,569.5,565.5,561.5,554.1,556.7,560.4,564.6,568.7,571.9,574.1,571.9,568.5,564.6,560.6,556.9,563.5,565.2,566.8,567.4,566.6,564.9,563.2,562.6,605.5,606.5,609.7,613.3,615.2,614.2,610.9,607.0,602.0,604.3,607.5,611.3,614.7,617.2,618.8,617.5,615.1,612.1,608.5,604.8,608.8,610.3,611.8,612.2,611.4,609.9,608.4,608.0,231.4,227.3,225.5,227.0,230.9,235.2,236.7,235.3,233.2,231.2,229.8,229.0,229.4,230.8,232.9,234.3,234.9,235.3,235.2,234.6,233.1,233.7,232.9,231.1,229.4,228.8,229.6,231.4,229.3,225.6,223.9,225.2,228.8,232.5,234.2,233.2,231.7,229.4,227.7,226.9,227.3,228.5,230.3,231.7,232.5,232.9,232.9,232.7,230.9,231.5,230.7,229.1,227.5,226.9,227.7,229.3,258.1,259.9,264.2,268.7,270.5,269.1,264.4,260.0,253.4,255.4,258.6,262.9,267.8,272.0,275.3,272.0,267.5,262.9,258.9,255.6,262.7,264.6,266.5,267.3,266.5,264.5,262.6,261.8,328.8,330.5,335.1,339.8,341.9,340.1,335.5,330.6,324.9,327.3,330.9,335.8,341.0,345.5,348.9,345.6,341.3,336.6,331.9,327.8,333.5,335.5,337.5,338.3,337.4,335.3,333.3,332.6,-1.9,-6.3,-8.3,-6.7,-2.5,2.2,3.9,2.3,0.1,-2.1,-3.6,-4.5,-4.1,-2.6,-0.3,1.2,1.9,2.3,2.2,1.6,-0.1,0.6,-0.3,-2.2,-4.1,-4.7,-3.9,-1.9,-4.4,-8.8,-10.8,-9.3,-5.1,-0.8,1.2,0.1,-1.7,-4.3,-6.3,-7.3,-6.8,-5.5,-3.4,-1.7,-0.7,-0.3,-0.3,-0.5,-2.6,-2.0,-2.8,-4.8,-6.6,-7.3,-6.4,-4.5,653.1,653.8,654.5,654.7,654.4,653.9,653.0,652.7,656.5,654.2,652.4,651.8,652.8,654.7,656.6,654.6,652.5,651.6,652.3,654.1,654.1,654.2,654.5,654.8,655.0,654.9,654.6,654.3,697.7,698.9,700.5,701.6,701.6,700.4,698.7,697.7,698.0,697.3,697.2,698.2,700.7,704.0,707.3,703.8,700.5,698.0,697.0,697.3,699.5,700.0,700.7,701.2,701.3,700.8,700.1,699.5,369.0,31.0,827.6,-0.005,0.100,-0.077
482,0,1656521723.091,0.98,1,-0.086939,0.079200,-0.993060,-0.241466,0.079148,-0.967176,-0.166,0.081,559.7,561.0,564.8,568.8,570.6,569.5,565.5,561.5,554.0,556.7,560.4,564.6,568.7,571.9,574.1,571.9,568.5,564.6,560.7,556.9,563.5,565.2,566.9,567.5,566.6,564.9,563.3,562.7,605.6,606.6,609.9,613.5,615.3,614.2,611.0,607.1,602.1,604.4,607.6,611.4,614.8,617.3,618.9,617.5,615.2,612.2,608.6,604.9,608.9,610.4,611.9,612.3,611.5,610.0,608.5,608.1,231.3,227.2,225.4,226.9,230.8,235.1,236.6,235.2,233.2,231.2,229.7,228.9,229.3,230.7,232.8,234.2,234.8,235.2,235.1,234.5,233.0,233.6,232.8,231.0,229.3,228.7,229.5,231.3,229.2,225.5,223.8,225.1,228.7,232.5,234.2,233.1,231.6,229.4,227.7,226.9,227.3,228.4,230.2,231.7,232.4,232.8,232.8,232.6,230.8,231.4,230.6,229.0,227.4,226.9,227.6,229.2,258.2,260.0,264.4,268.8,270.7,269.3,264.5,260.1,253.4,255.5,258.7,263.1,267.9,272.2,275.4,272.1,267.6,263.0,258.9,255.6,262.7,264.7,266.6,267.4,266.6,264.6,262.7,261.9,329.3,331.0,335.6,340.3,342.4,340.6,336.0,331.1,325.4,327.8,331.4,336.3,341.5,346.0,349.5,346.2,341.8,337.1,332.4,328.3,334.0,336.0,338.0,338.8,337.9,335.8,333.8,333.1,-2.0,-6.4,-8.4,-6.8,-2.6,2.1,3.8,2.2,-0.0,-2.2,-3.7,-4.6,-4.1,-2.6,-0.4,1.1,1.7,2.2,2.1,1.5,-0.2,0.5,-0.4,-2.3,-4.1,-4.8,-4.0,-2.0,-4.5,-8.9,-10.9,-9.4,-5.2,-0.8,1.2,-0.0,-1.8,-4.4,-6.4,-7.3,-6.8,-5.5,-3.4,-1.8,-0.8,-0.4,-0.4,-0.6,-2.7,-2.1,-2.9,-4.8,-6.7,-7.3,-6.5,-4.6,653.2,654.0,654.8,655.0,654.7,654.2,653.2,652.9,656.6,654.4,652.6,652.0,653.1,655.0,656.9,654.9,652.8,651.8,652.4,654.2,654.3,654.4,654.8,655.1,655.3,655.1,654.8,654.5,698.5,699.8,701.4,702.5,702.4,701.2,699.6,698.6,698.9,698.2,698.0,699.0,701.5,704.9,708.1,704.7,701.3,698.9,697.8,698.1,700.4,700.9,701.6,702.1,702.1,701.6,700.9,700.4,368.3,30.9,826.3,-0.006,0.098,-0.075
483,0,1656521723.125,0.98,1,-0.084962,0.080608,-0.993118,-0.240664,0.080356,-0.967276,-0.165,0.082,559.7,561.1,564.9,568.9,570.7,569.6,565.6,561.6,554.1,556.8,560.5,564.7,568.8,571.9,574.2,571.9,568.6,564.7,560.7,557.0,563.5,565.3,566.9,567.5,566.7,565.0,563.3,562.7,605.6,606.6,609.8,613.4,615.2,614.2,611.0,607.1,602.1,604.4,607.6,611.4,614.8,617.3,618.9,617.5,615.2,612.1,608.5,604.9,608.9,610.4,611.8,612.3,611.5,609.9,608.5,608.1,231.4,227.3,225.5,227.0,230.9,235.2,236.7,235.2,233.2,231.2,229.8,229.0,229.4,230.8,232.9,234.3,234.8,235.2,235.2,234.6,233.0,233.7,232.9,231.1,229.4,228.8,229.6,231.3,229.3,225.6,223.9,225.2,228.8,232.5,234.2,233.2,231.7,229.5,227.8,227.0,227.4,228.5,230.3,231.7,232.5,232.9,232.9,232.7,230.9,231.5,230.7,229.1,227.5,227.0,227.7,229.3,258.8,260.6,265.0,269.4,271.3,269.8,265.0,260.6,253.9,256.0,259.3,263.6,268.5,272.7,276.0,272.7,268.2,263.6,259.5,256.2,263.3,265.3,267.2,268.0,267.2,265.2,263.3,262.5,330.4,332.2,336.7,341.4,343.5,341.8,337.2,332.2,326.5,328.9,332.5,337.4,342.6,347.1,350.6,347.3,342.9,338.2,333.5,329.4,335.1,337.2,339.2,339.9,339.0,337.0,335.0,334.2,-2.0,-6.4,-8.3,-6.7,-2.5,2.2,3.9,2.3,0.0,-2.1,-3.7,-4.5,-4.1,-2.5,-0.3,1.2,1.8,2.2,2.2,1.5,-0.1,0.6,-0.3,-2.2,-4.1,-4.8,-3.9,-2.0,-4.4,-8.8,-10.8,-9.3,-5.1,-0.7,1.3,0.1,-1.7,-4.3,-6.3,-7.2,-6.7,-5.4,-3.4,-1.7,-0.7,-0.3,-0.3,-0.5,-2.6,-2.0,-2.8,-4.7,-6.6,-7.2,-6.4,-4.5,654.4,655.2,656.0,656.3,655.9,655.4,654.4,654.1,657.7,655.5,653.8,653.2,654.4,656.2,658.2,656.1,654.0,653.0,653.6,655.4,655.5,655.6,656.0,656.3,656.5,656.3,656.0,655.7,701.0,702.2,703.8,704.9,704.8,703.6,702.0,701.0,701.3,700.6,700.5,701.4,703.9,707.3,710.5,707.1,703.7,701.3,700.3,700.5,702.8,703.3,704.0,704.5,704.5,704.1,703.3,702.8,368.7,30.9,827.2,-0.004,0.096,-0.075
484,0,1656521723.158,0.98,1,-0.088495,0.080352,-0.992830,-0.245791,0.080504,-0.965974,-0.169,0.082,559.6,561.0,564.8,568.7,570.6,569.5,565.4,561.5,554.0,556.7,560.3,564.6,568.7,571.9,574.1,571.8,568.5,564.6,560.6,556.9,563.4,565.2,566.8,567.4,566.6,564.9,563.2,562.6,605.5,606.5,609.8,613.4,615.2,614.2,610.9,607.0,602.0,604.3,607.5,611.3,614.8,617.3,618.9,617.5,615.2,612.1,608.5,604.8,608.8,610.4,611.8,612.3,611.5,609.9,608.5,608.0,231.4,227.4,225.5,227.0,230.9,235.3,236.8,235.3,233.3,231.3,229.8,229.0,229.4,230.9,232.9,234.3,234.9,235.3,235.3,234.7,233.1,233.7,232.9,231.2,229.5,228.8,229.6,231.4,229.3,225.6,223.8,225.2,228.7,232.5,234.2,233.2,231.7,229.4,227.7,226.9,227.3,228.4,230.3,231.7,232.5,232.9,232.9,232.7,230.9,231.4,230.7,229.0,227.5,226.9,227.7,229.3,257.7,259.4,263.8,268.3,270.1,268.7,263.9,259.5,252.9,254.9,258.2,262.5,267.4,271.6,274.9,271.5,267.0,262.5,258.4,255.1,262.2,264.1,266.1,266.9,266.0,264.1,262.2,261.4,329.1,330.9,335.4,340.1,342.2,340.5,335.9,330.9,325.3,327.6,331.2,336.1,341.3,345.9,349.3,346.0,341.7,336.9,332.3,328.2,333.8,335.9,337.9,338.7,337.7,335.7,333.7,332.9,-1.9,-6.3,-8.3,-6.7,-2.4,2.3,3.9,2.3,0.1,-2.0,-3.6,-4.5,-4.0,-2.5,-0.2,1.3,1.9,2.3,2.3,1.6,-0.1,0.6,-0.2,-2.2,-4.0,-4.7,-3.8,-1.9,-4.5,-8.8,-10.8,-9.3,-5.2,-0.8,1.2,0.0,-1.7,-4.4,-6.3,-7.3,-6.8,-5.5,-3.4,-1.7,-0.8,-0.3,-0.3,-0.5,-2.7,-2.0,-2.9,-4.8,-6.6,-7.3,-6.4,-4.5,652.0,652.8,653.6,653.8,653.5,653.0,651.9,651.7,655.4,653.1,651.3,650.8,651.9,653.8,655.7,653.6,651.5,650.6,651.2,653.0,653.1,653.2,653.5,653.9,654.0,653.9,653.6,653.2,698.4,699.6,701.2,702.3,702.2,701.0,699.4,698.5,698.8,698.1,697.9,698.8,701.3,704.6,707.9,704.4,701.1,698.7,697.7,698.0,700.2,700.7,701.4,701.9,701.9,701.5,700.8,700.2,369.4,30.9,829.1,0.000,0.101,-0.076
485,0,1656521723.191,0.98,1,-0.087954,0.082337,-0.992716,-0.242126,0.081726,-0.966797,-0.167,0.084,559.7,561.0,564.8,568.8,570.6,569.5,565.5,561.5,554.1,556.8,560.4,564.6,568.7,571.9,574.1,571.8,568.5,564.6,560.7,557.0,563.5,565.2,566.9,567.5,566.7,564.9,563.3,562.7,605.7,606.7,610.0,613.5,615.3,614.3,611.0,607.2,602.2,604.5,607.7,611.5,614.9,617.4,619.0,617.6,615.3,612.2,608.6,605.0,608.9,610.5,611.9,612.4,611.6,610.0,608.6,608.2,231.3,227.3,225.5,226.9,230.8,235.2,236.7,235.2,233.2,231.2,229.7,228.9,229.4,230.8,232.9,234.3,234.8,235.2,235.2,234.6,233.0,233.7,232.9,231.1,229.4,228.8,229.5,231.3,229.3,225.6,223.9,225.2,228.8,232.5,234.2,233.2,231.6,229.4,227.7,226.9,227.4,228.5,230.3,231.7,232.5,232.9,232.9,232.7,230.9,231.4,230.7,229.1,227.5,226.9,227.7,229.3,258.4,260.2,264.6,269.0,270.9,269.5,264.7,260.3,253.6,255.7,258.9,263.3,268.1,272.4,275.6,272.3,267.8,263.2,259.1,255.8,263.0,264.9,266.8,267.6,266.8,264.8,262.9,262.1,329.3,331.1,335.6,340.4,342.4,340.7,336.1,331.1,325.4,327.8,331.4,336.3,341.5,346.1,349.5,346.2,341.8,337.1,332.4,328.3,334.0,336.1,338.1,338.8,337.9,335.9,333.9,333.1,-2.0,-6.4,-8.4,-6.8,-2.5,2.2,3.8,2.2,0.0,-2.2,-3.7,-4.6,-4.1,-2.6,-0.3,1.2,1.8,2.2,2.2,1.5,-0.2,0.5,-0.3,-2.2,-4.1,-4.8,-3.9,-2.0,-4.5,-8.8,-10.8,-9.3,-5.1,-0.8,1.2,0.0,-1.8,-4.4,-6.3,-7.3,-6.8,-5.5,-3.4,-1.7,-0.7,-0.3,-0.3,-0.6,-2.7,-2.0,-2.9,-4.8,-6.6,-7.3,-6.4,-4.5,653.7,654.5,655.2,655.5,655.2,654.7,653.7,653.4,657.1,654.8,653.0,652.5,653.6,655.4,657.4,655.3,653.3,652.3,652.9,654.7,654.8,654.9,655.2,655.6,655.7,655.6,655.3,654.9,698.4,699.6,701.2,702.3,702.3,701.1,699.5,698.5,698.8,698.1,697.9,698.9,701.4,704.7,708.0,704.6,701.2,698.8,697.7,698.0,700.3,700.7,701.5,702.0,702.0,701.5,700.8,700.3,369.1,30.9,828.1,0.000,0.099,-0.074
486,0,1656521723.225,0.98,1,-0.086629,0.081413,-0.992909,-0.240891,0.081955,-0.967086,-0.166,0.083,559.6,561.0,564.7,568.7,570.5,569.4,565.4,561.4,554.0,556.7,560.3,564.5,568.6,571.8,574.0,571.8,568.4,564.6,560.6,556.9,563.4,565.1,566.8,567.4,566.6,564.8,563.2,562.6,605.5,606.6,609.8,613.4,615.2,614.2,610.9,607.1,602.1,604.4,607.6,611.4,614.8,617.3,618.9,617.5,615.2,612.1,608.5,604.9,608.8,610.4,611.8,612.3,611.5,609.9,608.5,608.0,231.3,227.3,225.5,226.9,230.8,235.2,236.7,235.2,233.2,231.2,229.8,229.0,229.4,230.8,232.8,234.2,234.8,235.2,235.1,234.6,233.0,233.7,232.9,231.1,229.4,228.8,229.6,231.3,229.3,225.6,223.9,225.2,228.8,232.5,234.2,233.2,231.6,229.4,227.7,226.9,227.4,228.5,230.3,231.7,232.5,232.8,232.8,232.6,230.8,231.4,230.7,229.1,227.5,226.9,227.7,229.3,258.8,260.5,264.9,269.4,271.2,269.8,265.0,260.6,253.9,256.0,259.3,263.6,268.5,272.7,276.0,272.6,268.1,263.6,259.5,256.2,263.3,265.2,267.2,268.0,267.1,265.2,263.3,262.5,330.5,332.2,336.8,341.5,343.6,341.8,337.2,332.3,326.6,329.0,332.6,337.5,342.7,347.2,350.7,347.4,343.0,338.3,333.6,329.5,335.2,337.2,339.2,340.0,339.1,337.1,335.0,334.3,-2.0,-6.4,-8.4,-6.8,-2.6,2.2,3.8,2.2,0.0,-2.1,-3.7,-4.6,-4.1,-2.6,-0.4,1.1,1.8,2.2,2.1,1.5,-0.2,0.5,-0.3,-2.3,-4.1,-4.8,-3.9,-2.0,-4.5,-8.9,-10.9,-9.3,-5.1,-0.8,1.2,0.0,-1.8,-4.4,-6.3,-7.3,-6.8,-5.5,-3.4,-1.7,-0.8,-0.4,-0.4,-0.6,-2.7,-2.0,-2.9,-4.8,-6.6,-7.3,-6.4,-4.5,654.8,655.6,656.3,656.6,656.3,655.8,654.7,654.5,658.1,655.9,654.1,653.6,654.7,656.5,658.5,656.4,654.3,653.4,654.0,655.8,655.9,656.0,656.3,656.7,656.8,656.7,656.4,656.0,701.2,702.4,704.0,705.1,705.0,703.8,702.2,701.2,701.5,700.8,700.6,701.6,704.1,707.4,710.7,707.3,703.9,701.5,700.4,700.7,703.0,703.5,704.2,704.7,704.7,704.2,703.5,703.0,368.2,30.9,826.2,-0.003,0.096,-0.074
487,0,1656521723.258,0.98,1,-0.086959,0.084391,-0.992631,-0.241624,0.084595,-0.966675,-0.166,0.086,559.7,561.1,564.8,568.8,570.7,569.6,565.5,561.5,554.1,556.8,560.4,564.6,568.7,571.9,574.2,571.9,568.5,564.7,560.7,557.0,563.5,565.2,566.9,567.5,566.7,564.9,563.3,562.7,605.6,606.7,609.9,613.5,615.3,614.3,611.0,607.1,602.1,604.5,607.7,611.5,614.9,617.4,619.0,617.6,615.3,612.2,608.6,605.0,608.9,610.5,611.9,612.4,611.6,610.0,608.6,608.1,231.3,227.3,225.5,226.9,230.8,235.2,236.7,235.2,233.2,231.2,229.8,229.0,229.4,230.8,232.8,234.2,234.8,235.2,235.2,234.6,233.0,233.7,232.9,231.1,229.4,228.8,229.6,231.3,229.3,225.6,223.9,225.2,228.8,232.5,234.3,233.2,231.6,229.4,227.8,227.0,227.4,228.5,230.3,231.7,232.5,232.9,232.9,232.7,230.9,231.5,230.7,229.1,227.5,226.9,227.7,229.3,258.0,259.8,264.1,268.6,270.4,269.0,264.3,259.8,253.2,255.3,258.5,262.8,267.7,271.9,275.2,271.9,267.4,262.8,258.7,255.4,262.5,264.5,266.4,267.2,266.4,264.4,262.5,261.7,329.1,330.8,335.4,340.1,342.2,340.4,335.8,330.9,325.2,327.6,331.2,336.0,341.3,345.8,349.3,345.9,341.6,336.9,332.2,328.1,333.8,335.8,337.8,338.6,337.7,335.6,333.6,332.8,-2.0,-6.4,-8.4,-6.8,-2.5,2.2,3.8,2.3,0.0,-2.1,-3.7,-4.5,-4.1,-2.6,-0.4,1.2,1.8,2.2,2.2,1.5,-0.1,0.6,-0.3,-2.2,-4.1,-4.8,-3.9,-2.0,-4.4,-8.8,-10.8,-9.3,-5.1,-0.7,1.3,0.1,-1.8,-4.3,-6.2,-7.2,-6.7,-5.4,-3.4,-1.7,-0.7,-0.3,-0.3,-0.5,-2.6,-2.0,-2.8,-4.7,-6.6,-7.2,-6.4,-4.5,652.6,653.4,654.1,654.4,654.0,653.6,652.6,652.3,656.0,653.7,651.9,651.4,652.5,654.3,656.3,654.2,652.1,651.2,651.8,653.6,653.7,653.8,654.1,654.5,654.6,654.5,654.2,653.8,697.9,699.1,700.7,701.8,701.8,700.6,699.0,698.0,698.3,697.6,697.4,698.4,700.9,704.2,707.5,704.0,700.7,698.3,697.2,697.5,699.8,700.2,700.9,701.5,701.5,701.0,700.3,699.8,368.3,30.9,826.3,-0.001,0.096,-0.073
488,0,1656521723.292,0.98,1,-0.087298,0.080792,-0.992901,-0.243214,0.081673,-0.966528,-0.167,0.083,559.6,560.9,564.7,568.7,570.6,569.5,565.4,561.4,553.9,556.6,560.3,564.5,568.6,571.8,574.1,571.8,568.4,564.6,560.6,556.8,563.4,565.1,566.8,567.4,566.6,564.8,563.2,562.6,605.6,606.6,609.9,613.5,615.3,614.3,611.0,607.1,602.1,604.4,607.6,611.4,614.9,617.4,619.0,617.6,615.3,612.2,608.6,604.9,608.9,610.5,611.9,612.3,611.6,610.0,608.5,608.1,231.4,227.4,225.5,227.0,230.9,235.3,236.8,235.3,233.3,231.3,229.8,229.0,229.4,230.9,232.9,234.4,234.9,235.3,235.3,234.7,233.1,233.8,233.0,231.2,229.5,228.8,229.6,231.4,229.3,225.6,223.9,225.2,228.8,232.5,234.3,233.2,231.7,229.4,227.7,226.9,227.3,228.5,230.3,231.8,232.6,232.9,232.9,232.7,230.9,231.5,230.7,229.1,227.5,226.9,227.7,229.3,257.0,258.8,263.2,267.6,269.5,268.0,263.3,258.8,252.2,254.3,257.5,261.8,266.7,270.9,274.2,270.9,266.4,261.8,257.7,254.4,261.5,263.5,265.4,266.2,265.4,263.4,261.5,260.7,328.7,330.5,335.0,339.7,341.8,340.1,335.5,330.5,324.9,327.2,330.8,335.7,340.9,345.4,348.9,345.6,341.3,336.5,331.9,327.8,333.4,335.5,337.5,338.2,337.3,335.3,333.3,332.5,-1.9,-6.3,-8.3,-6.7,-2.4,2.3,3.9,2.3,0.1,-2.0,-3.6,-4.5,-4.0,-2.5,-0.2,1.3,1.9,2.3,2.3,1.6,-0.0,0.6,-0.2,-2.1,-4.0,-4.7,-3.8,-1.9,-4.4,-8.8,-10.8,-9.3,-5.1,-0.7,1.3,0.1,-1.7,-4.3,-6.3,-7.3,-6.8,-5.5,-3.4,-1.6,-0.7,-0.3,-0.3,-0.5,-2.6,-1.9,-2.8,-4.7,-6.6,-7.2,-6.3,-4.4,650.5,651.2,652.0,652.2,651.9,651.4,650.4,650.1,653.8,651.6,649.8,649.2,650.3,652.2,654.1,652.1,650.0,649.1,649.6,651.4,651.5,651.6,652.0,652.3,652.5,652.3,652.0,651.7,697.3,698.5,700.1,701.2,701.1,700.0,698.3,697.4,697.7,697.0,696.8,697.8,700.3,703.6,706.8,703.4,700.1,697.6,696.6,696.9,699.1,699.6,700.3,700.8,700.9,700.4,699.7,699.2,368.9,30.9,827.7,-0.000,0.096,-0.073
489,0,1656521723.325,0.98,1,-0.085906,0.083275,-0.992817,-0.243095,0.083699,-0.966385,-0.166,0.085,559.7,561.1,564.8,568.8,570.7,569.5,565.5,561.5,554.1,556.8,560.4,564.6,568.7,571.9,574.2,571.9,568.5,564.7,560.7,557.0,563.5,565.2,566.9,567.5,566.7,564.9,563.3,562.7,605.6,606.6,609.9,613.5,615.3,614.3,611.0,607.1,602.1,604.4,607.6,611.4,614.9,617.4,619.0,617.6,615.2,612.2,608.6,604.9,608.9,610.5,611.9,612.3,611.6,610.0,608.6,608.1,231.4,227.4,225.5,227.0,230.9,235.3,236.8,235.3,233.3,231.3,229.8,229.0,229.5,230.9,232.9,234.3,234.9,235.3,235.2,234.6,233.1,233.7,233.0,231.2,229.5,228.8,229.6,231.4,229.4,225.7,224.0,225.3,228.9,232.6,234.3,233.3,231.7,229.5,227.8,227.0,227.5,228.6,230.4,231.8,232.6,233.0,233.0,232.8,231.0,231.5,230.8,229.2,227.6,227.0,227.8,229.4,258.1,259.9,264.3,268.8,270.6,269.2,264.4,260.0,253.3,255.4,258.7,263.0,267.9,272.1,275.4,272.0,267.5,263.0,258.9,255.6,262.7,264.6,266.6,267.4,266.5,264.6,262.7,261.9,329.8,331.5,336.1,340.8,342.9,341.1,336.5,331.6,325.9,328.3,331.9,336.8,342.0,346.5,350.0,346.7,342.3,337.6,332.9,328.8,334.5,336.5,338.5,339.3,338.4,336.3,334.4,333.6,-1.9,-6.3,-8.3,-6.7,-2.4,2.3,3.9,2.3,0.1,-2.0,-3.6,-4.5,-4.0,-2.5,-0.2,1.3,1.9,2.3,2.3,1.6,-0.1,0.6,-0.2,-2.2,-4.0,-4.7,-3.8,-1.9,-4.4,-8.7,-10.7,-9.2,-5.0,-0.6,1.3,0.2,-1.7,-4.2,-6.2,-7.2,-6.7,-5.4,-3.3,-1.6,-0.6,-0.2,-0.2,-0.5,-2.6,-1.9,-2.8,-4.7,-6.5,-7.2,-6.3,-4.4,653.0,653.8,654.6,654.9,654.5,654.0,653.0,652.7,656.4,654.1,652.4,651.8,653.0,654.8,656.8,654.7,652.6,651.7,652.2,654.0,654.1,654.3,654.6,654.9,655.1,654.9,654.6,654.3,699.6,700.7,702.3,703.4,703.4,702.2,700.6,699.6,699.9,699.2,699.0,700.0,702.5,705.8,709.1,705.6,702.3,699.9,698.9,699.1,701.4,701.9,702.6,703.1,703.1,702.6,701.9,701.4,368.6,31.0,827.4,0.000,0.097,-0.073
490,0,1656521723.358,0.98,1,-0.089143,0.084506,-0.992427,-0.242790,0.084283,-0.966410,-0.168,0.086,559.6,561.0,564.8,568.7,570.6,569.5,565.4,561.5,554.0,556.7,560.4,564.5,568.6,571.8,574.1,571.8,568.5,564.6,560.6,556.9,563.4,565.2,566.8,567.4,566.6,564.9,563.2,562.6,605.5,606.6,609.8,613.4,615.2,614.2,610.9,607.1,602.0,604.4,607.6,611.4,614.8,617.3,618.9,617.5,615.2,612.1,608.5,604.9,608.8,610.4,611.8,612.3,611.5,609.9,608.5,608.0,231.5,227.4,225.6,227.1,231.0,235.3,236.8,235.4,233.3,231.3,229.9,229.1,229.5,230.9,233.0,234.4,235.0,235.4,235.3,234.7,233.2,233.8,233.0,231.2,229.5,228.9,229.7,231.5,229.4,225.7,224.0,225.3,228.9,232.6,234.4,233.3,231.7,229.5,227.9,227.1,227.5,228.6,230.4,231.8,232.6,233.0,233.0,232.8,231.0,231.6,230.8,229.2,227.6,227.0,227.8,229.4,258.3,260.1,264.5,268.9,270.8,269.4,264.6,260.2,253.5,255.6,258.8,263.1,268.0,272.2,275.5,272.2,267.7,263.1,259.0,255.8,262.9,264.8,266.7,267.5,266.7,264.7,262.8,262.0,329.3,331.1,335.6,340.4,342.4,340.7,336.1,331.1,325.4,327.8,331.4,336.3,341.5,346.1,349.5,346.2,341.9,337.1,332.4,328.3,334.0,336.1,338.1,338.9,337.9,335.9,333.9,333.1,-1.8,-6.2,-8.2,-6.6,-2.4,2.3,4.0,2.4,0.2,-2.0,-3.5,-4.4,-3.9,-2.4,-0.2,1.3,1.9,2.4,2.3,1.7,0.0,0.7,-0.2,-2.1,-4.0,-4.6,-3.8,-1.8,-4.3,-8.7,-10.7,-9.1,-5.0,-0.6,1.4,0.2,-1.6,-4.2,-6.1,-7.1,-6.6,-5.3,-3.2,-1.5,-0.6,-0.2,-0.2,-0.4,-2.5,-1.8,-2.7,-4.6,-6.5,-7.1,-6.2,-4.3,653.6,654.4,655.1,655.3,655.0,654.5,653.5,653.3,657.0,654.7,652.9,652.4,653.4,655.3,657.3,655.2,653.1,652.2,652.8,654.6,654.7,654.8,655.1,655.4,655.6,655.5,655.2,654.8,698.7,699.9,701.5,702.6,702.5,701.4,699.8,698.8,699.1,698.3,698.2,699.1,701.6,705.0,708.2,704.8,701.5,699.0,698.0,698.3,700.5,701.0,701.7,702.2,702.3,701.8,701.1,700.6,368.3,31.1,826.4,-0.000,0.100,-0.075
491,0,1656521723.391,0.98,1,-0.086721,0.080434,-0.992980,-0.242179,0.080677,-0.966871,-0.166,0.082,559.5,560.9,564.7,568.7,570.5,569.4,565.4,561.4,553.9,556.6,560.3,564.5,568.6,571.8,574.0,571.8,568.4,564.5,560.5,556.8,563.4,565.1,566.8,567.3,566.5,564.8,563.1,562.5,605.5,606.5,609.8,613.4,615.2,614.2,610.9,607.0,602.0,604.4,607.5,611.3,614.8,617.3,618.8,617.5,615.2,612.1,608.5,604.9,608.8,610.4,611.8,612.2,611.4,609.9,608.4,608.0,231.5,227.5,225.6,227.1,231.0,235.3,236.9,235.4,233.4,231.4,229.9,229.1,229.6,231.0,233.0,234.4,235.0,235.4,235.3,234.8,233.2,233.8,233.0,231.3,229.6,228.9,229.7,231.5,229.4,225.6,223.9,225.2,228.8,232.5,234.3,233.3,231.7,229.5,227.8,226.9,227.4,228.5,230.3,231.7,232.5,232.9,232.9,232.7,230.9,231.5,230.7,229.1,227.5,227.0,227.7,229.4,257.8,259.6,264.0,268.4,270.3,268.9,264.1,259.7,253.0,255.1,258.3,262.7,267.6,271.8,275.1,271.7,267.2,262.7,258.6,255.3,262.4,264.3,266.2,267.0,266.2,264.3,262.3,261.6,329.4,331.2,335.7,340.4,342.5,340.8,336.2,331.3,325.6,327.9,331.5,336.4,341.6,346.2,349.6,346.3,342.0,337.3,332.6,328.5,334.1,336.2,338.2,339.0,338.0,336.0,334.0,333.2,-1.8,-6.2,-8.2,-6.6,-2.4,2.4,4.0,2.4,0.2,-1.9,-3.5,-4.4,-3.9,-2.4,-0.2,1.4,2.0,2.4,2.4,1.7,0.1,0.7,-0.1,-2.0,-3.9,-4.6,-3.7,-1.8,-4.4,-8.8,-10.8,-9.3,-5.1,-0.7,1.3,0.1,-1.7,-4.3,-6.2,-7.2,-6.7,-5.5,-3.4,-1.7,-0.7,-0.3,-0.3,-0.5,-2.6,-1.9,-2.8,-4.7,-6.6,-7.2,-6.3,-4.4,652.6,653.4,654.1,654.4,654.0,653.5,652.5,652.3,656.0,653.7,651.9,651.4,652.5,654.3,656.3,654.2,652.1,651.2,651.8,653.6,653.7,653.8,654.1,654.5,654.6,654.5,654.2,653.8,699.0,700.2,701.9,703.0,702.9,701.7,700.1,699.1,699.4,698.7,698.5,699.5,702.0,705.3,708.6,705.1,701.8,699.4,698.3,698.6,700.9,701.3,702.0,702.6,702.6,702.1,701.4,700.9,368.3,31.1,826.4,-0.003,0.097,-0.076
492,0,1656521723.425,0.98,1,-0.087488,0.082376,-0.992754,-0.242939,0.082831,-0.966499,-0.167,0.084,559.7,561.1,564.8,568.8,570.7,569.6,565.5,561.6,554.1,556.8,560.4,564.6,568.8,571.9,574.2,571.9,568.6,564.7,560.7,557.0,563.5,565.3,566.9,567.5,566.7,565.0,563.3,562.7,605.5,606.5,609.8,613.4,615.2,614.2,611.0,607.1,602.0,604.4,607.5,611.4,614.8,617.3,618.9,617.5,615.2,612.1,608.5,604.9,608.8,610.4,611.8,612.3,611.5,609.9,608.5,608.0,231.6,227.5,225.7,227.1,231.0,235.4,236.9,235.5,233.4,231.4,230.0,229.2,229.6,231.0,233.1,234.5,235.1,235.5,235.4,234.8,233.3,233.9,233.1,231.3,229.6,229.0,229.8,231.5,229.4,225.7,223.9,225.2,228.8,232.6,234.3,233.3,231.7,229.5,227.8,227.0,227.4,228.5,230.3,231.8,232.6,233.0,233.0,232.8,231.0,231.5,230.8,229.1,227.6,227.0,227.7,229.4,257.8,259.6,263.9,268.4,270.3,268.9,264.1,259.6,253.0,255.1,258.3,262.6,267.5,271.7,275.0,271.7,267.2,262.6,258.5,255.2,262.3,264.3,266.2,267.0,266.2,264.2,262.3,261.5,328.8,330.5,335.1,339.8,341.9,340.2,335.6,330.6,324.9,327.3,330.9,335.8,341.0,345.5,349.0,345.7,341.3,336.6,331.9,327.8,333.5,335.6,337.6,338.3,337.4,335.4,333.4,332.6,-1.7,-6.1,-8.1,-6.5,-2.3,2.4,4.1,2.5,0.3,-1.9,-3.4,-4.3,-3.9,-2.3,-0.1,1.4,2.0,2.5,2.4,1.8,0.1,0.8,-0.1,-2.0,-3.9,-4.5,-3.7,-1.7,-4.4,-8.7,-10.7,-9.2,-5.0,-0.7,1.3,0.2,-1.6,-4.2,-6.2,-7.2,-6.7,-5.4,-3.3,-1.6,-0.7,-0.2,-0.2,-0.4,-2.6,-1.9,-2.8,-4.7,-6.5,-7.2,-6.3,-4.4,652.1,652.8,653.6,653.9,653.5,653.0,652.0,651.7,655.4,653.2,651.4,650.9,651.9,653.8,655.8,653.7,651.6,650.7,651.3,653.1,653.1,653.3,653.6,653.9,654.1,654.0,653.6,653.3,697.6,698.8,700.4,701.5,701.5,700.3,698.7,697.7,698.0,697.3,697.1,698.1,700.6,703.9,707.2,703.7,700.4,698.0,696.9,697.2,699.5,699.9,700.7,701.2,701.2,700.7,700.0,699.5,368.4,31.1,826.7,-0.000,0.098,-0.077
493,0,1656521723.458,0.98,1,-0.086213,0.080488,-0.993020,-0.241242,0.080470,-0.967123,-0.166,0.082,559.6,561.0,564.8,568.8,570.6,569.5,565.5,561.5,554.0,556.7,560.4,564.6,568.7,571.9,574.1,571.9,568.5,564.6,560.6,556.9,563.5,565.2,566.9,567.5,566.6,564.9,563.2,562.6,605.6,606.6,609.9,613.5,615.3,614.3,611.0,607.1,602.1,604.5,607.6,611.4,614.9,617.4,618.9,617.6,615.3,612.2,608.6,605.0,608.9,610.5,611.9,612.3,611.6,610.0,608.6,608.1,231.5,227.5,225.7,227.1,231.0,235.4,236.9,235.4,233.4,231.4,230.0,229.2,229.6,231.0,233.1,234.5,235.0,235.4,235.4,234.8,233.2,233.9,233.1,231.3,229.6,229.0,229.8,231.5,229.5,225.7,224.0,225.3,228.9,232.7,234.4,233.4,231.8,229.6,227.9,227.1,227.5,228.6,230.4,231.9,232.6,233.0,233.0,232.8,231.0,231.6,230.9,229.2,227.7,227.1,227.8,229.5,257.9,259.7,264.1,268.6,270.4,269.0,264.2,259.8,253.1,255.2,258.5,262.8,267.7,271.9,275.2,271.8,267.3,262.8,258.7,255.4,262.5,264.4,266.4,267.1,266.3,264.4,262.5,261.7,329.5,331.2,335.8,340.5,342.6,340.8,336.3,331.3,325.6,328.0,331.6,336.5,341.7,346.2,349.7,346.4,342.0,337.3,332.6,328.5,334.2,336.2,338.2,339.0,338.1,336.0,334.0,333.3,-1.7,-6.1,-8.1,-6.5,-2.3,2.4,4.1,2.5,0.3,-1.9,-3.4,-4.3,-3.9,-2.3,-0.1,1.4,2.0,2.5,2.4,1.8,0.1,0.8,-0.1,-2.0,-3.9,-4.6,-3.7,-1.8,-4.3,-8.6,-10.6,-9.1,-4.9,-0.6,1.4,0.2,-1.6,-4.2,-6.1,-7.1,-6.6,-5.3,-3.2,-1.5,-0.6,-0.1,-0.2,-0.4,-2.5,-1.8,-2.7,-4.6,-6.4,-7.1,-6.2,-4.3,652.6,653.4,654.1,654.4,654.1,653.6,652.6,652.3,656.0,653.7,652.0,651.4,652.5,654.4,656.4,654.3,652.2,651.2,651.8,653.6,653.7,653.8,654.2,654.5,654.6,654.5,654.2,653.9,698.9,700.1,701.7,702.8,702.8,701.6,699.9,698.9,699.2,698.5,698.4,699.4,701.9,705.2,708.5,705.0,701.7,699.2,698.2,698.4,700.7,701.2,701.9,702.4,702.5,702.0,701.3,700.7,368.3,31.1,826.3,-0.004,0.097,-0.075
494,0,1656521723.492,0.98,1,-0.090976,0.084194,-0.992288,-0.244228,0.084214,-0.966054,-0.170,0.086,559.6,561.0,564.7,568.7,570.6,569.5,565.4,561.5,554.0,556.7,560.3,564.5,568.6,571.8,574.1,571.8,568.4,564.6,560.6,556.9,563.4,565.2,566.8,567.4,566.6,564.9,563.2,562.6,605.5,606.5,609.7,613.3,615.2,614.1,610.9,607.0,602.0,604.3,607.5,611.3,614.7,617.2,618.8,617.4,615.1,612.1,608.5,604.8,608.8,610.3,611.8,612.2,611.4,609.9,608.4,608.0,231.5,227.4,225.6,227.1,230.9,235.3,236.8,235.4,233.3,231.3,229.9,229.1,229.5,230.9,232.9,234.4,235.0,235.4,235.3,234.7,233.1,233.8,233.0,231.2,229.5,228.9,229.7,231.5,229.3,225.6,223.8,225.2,228.7,232.5,234.2,233.2,231.6,229.4,227.7,226.9,227.3,228.4,230.2,231.7,232.5,232.8,232.8,232.7,230.8,231.4,230.7,229.0,227.5,226.9,227.6,229.3,258.9,260.7,265.1,269.5,271.4,270.0,265.2,260.8,254.2,256.2,259.4,263.8,268.6,272.9,276.1,272.8,268.3,263.8,259.7,256.4,263.5,265.4,267.3,268.1,267.3,265.4,263.4,262.7,329.8,331.6,336.1,340.8,342.9,341.2,336.6,331.6,326.0,328.3,331.9,336.8,342.0,346.5,350.0,346.7,342.4,337.6,333.0,328.9,334.5,336.6,338.6,339.3,338.4,336.4,334.4,333.6,-1.8,-6.2,-8.2,-6.7,-2.4,2.3,4.0,2.4,0.2,-2.0,-3.5,-4.4,-4.0,-2.5,-0.2,1.3,2.0,2.4,2.3,1.7,-0.0,0.7,-0.2,-2.1,-4.0,-4.7,-3.8,-1.9,-4.5,-8.8,-10.9,-9.4,-5.2,-0.8,1.2,0.0,-1.8,-4.4,-6.3,-7.3,-6.8,-5.5,-3.5,-1.8,-0.8,-0.4,-0.4,-0.6,-2.7,-2.0,-2.9,-4.8,-6.6,-7.3,-6.4,-4.5,655.2,656.0,656.7,656.9,656.6,656.1,655.1,654.9,658.6,656.4,654.5,653.9,655.0,656.8,658.8,656.8,654.7,653.8,654.4,656.2,656.3,656.4,656.7,657.0,657.2,657.0,656.7,656.4,699.9,701.1,702.7,703.8,703.7,702.6,701.0,700.0,700.3,699.6,699.4,700.3,702.8,706.2,709.4,706.0,702.7,700.2,699.2,699.5,701.7,702.2,702.9,703.4,703.5,703.0,702.3,701.8,369.1,31.1,828.0,0.002,0.102,-0.080
495,0,1656521723.525,0.98,1,-0.085161,0.082017,-0.992986,-0.240283,0.082498,-0.967191,-0.165,0.084,559.8,561.1,564.9,568.9,570.7,569.6,565.6,561.6,554.2,556.9,560.5,564.7,568.8,572.0,574.2,572.0,568.6,564.8,560.8,557.1,563.6,565.3,567.0,567.6,566.8,565.0,563.4,562.8,605.6,606.6,609.9,613.4,615.3,614.2,611.0,607.1,602.1,604.4,607.6,611.4,614.8,617.3,618.9,617.5,615.2,612.2,608.6,604.9,608.9,610.4,611.9,612.3,611.5,609.9,608.5,608.1,231.4,227.4,225.6,227.0,230.9,235.3,236.8,235.3,233.3,231.3,229.9,229.0,229.5,230.9,233.0,234.3,234.9,235.3,235.3,234.7,233.1,233.8,233.0,231.2,229.5,228.9,229.7,231.4,229.4,225.6,223.9,225.2,228.8,232.6,234.3,233.3,231.7,229.5,227.8,227.0,227.4,228.5,230.3,231.8,232.6,232.9,232.9,232.7,230.9,231.5,230.8,229.1,227.6,227.0,227.7,229.4,258.5,260.3,264.7,269.2,271.0,269.6,264.8,260.4,253.7,255.8,259.1,263.4,268.3,272.5,275.8,272.4,267.9,263.4,259.3,256.0,263.1,265.0,267.0,267.8,266.9,265.0,263.1,262.3,329.3,331.0,335.6,340.3,342.4,340.6,336.1,331.1,325.4,327.8,331.4,336.3,341.5,346.0,349.5,346.2,341.8,337.1,332.4,328.3,334.0,336.0,338.0,338.8,337.9,335.8,333.8,333.1,-1.9,-6.3,-8.3,-6.7,-2.4,2.3,3.9,2.3,0.1,-2.0,-3.6,-4.5,-4.0,-2.5,-0.2,1.3,1.9,2.3,2.3,1.6,-0.0,0.7,-0.2,-2.1,-4.0,-4.7,-3.8,-1.9,-4.4,-8.7,-10.8,-9.2,-5.1,-0.7,1.3,0.1,-1.7,-4.3,-6.2,-7.2,-6.7,-5.4,-3.3,-1.6,-0.7,-0.3,-0.3,-0.5,-2.6,-1.9,-2.8,-4.7,-6.5,-7.2,-6.3,-4.4,653.8,654.6,655.3,655.6,655.3,654.8,653.7,653.4,657.1,654.9,653.1,652.6,653.7,655.6,657.6,655.5,653.3,652.4,652.9,654.7,654.9,655.0,655.3,655.7,655.8,655.7,655.4,655.0,698.5,699.7,701.4,702.5,702.4,701.2,699.6,698.6,698.9,698.2,698.0,699.0,701.5,704.9,708.2,704.7,701.3,698.9,697.8,698.1,700.4,700.9,701.6,702.1,702.1,701.6,700.9,700.4,368.4,31.0,826.6,-0.001,0.096,-0.074
496,0,1656521723.559,0.98,1,-0.086068,0.080467,-0.993034,-0.242617,0.080526,-0.966774,-0.166,0.082,559.7,561.1,564.9,568.9,570.7,569.6,565.5,561.5,554.1,556.8,560.5,564.7,568.8,572.0,574.2,571.9,568.6,564.7,560.7,557.0,563.5,565.3,566.9,567.5,566.7,565.0,563.3,562.7,605.5,606.5,609.8,613.4,615.2,614.2,611.0,607.1,602.0,604.4,607.5,611.4,614.8,617.3,618.9,617.5,615.2,612.1,608.5,604.9,608.8,610.4,611.8,612.3,611.5,609.9,608.5,608.0,231.6,227.5,225.7,227.2,231.1,235.4,237.0,235.5,233.4,231.4,230.0,229.2,229.6,231.1,233.1,234.5,235.1,235.5,235.4,234.8,233.3,233.9,233.1,231.4,229.7,229.0,229.8,231.6,229.6,225.8,224.1,225.4,229.0,232.7,234.5,233.5,231.9,229.7,228.0,227.1,227.6,228.7,230.5,231.9,232.7,233.1,233.1,232.9,231.1,231.7,230.9,229.3,227.7,227.2,227.9,229.5,257.8,259.6,264.0,268.5,270.3,268.9,264.1,259.7,253.0,255.1,258.4,262.7,267.6,271.8,275.0,271.7,267.2,262.6,258.6,255.2,262.4,264.3,266.2,267.0,266.2,264.3,262.3,261.6,329.0,330.8,335.3,340.0,342.1,340.4,335.8,330.8,325.2,327.5,331.1,336.0,341.2,345.7,349.2,345.9,341.6,336.8,332.2,328.1,333.7,335.8,337.8,338.6,337.6,335.6,333.6,332.8,-1.7,-6.1,-8.1,-6.5,-2.2,2.5,4.1,2.5,0.3,-1.9,-3.4,-4.3,-3.8,-2.3,-0.0,1.5,2.1,2.5,2.4,1.8,0.1,0.8,-0.0,-2.0,-3.8,-4.5,-3.6,-1.7,-4.2,-8.5,-10.5,-9.0,-4.9,-0.5,1.5,0.3,-1.5,-4.1,-6.0,-7.0,-6.5,-5.2,-3.1,-1.4,-0.5,-0.0,-0.0,-0.2,-2.4,-1.7,-2.6,-4.5,-6.3,-7.0,-6.1,-4.2,652.1,652.9,653.7,654.0,653.6,653.1,652.1,651.8,655.5,653.3,651.5,650.9,652.0,653.9,655.9,653.8,651.7,650.7,651.3,653.1,653.2,653.3,653.7,654.0,654.2,654.0,653.7,653.4,698.1,699.3,700.9,702.0,702.0,700.8,699.1,698.2,698.4,697.8,697.6,698.6,701.1,704.4,707.7,704.2,700.9,698.4,697.4,697.7,699.9,700.4,701.1,701.6,701.7,701.2,700.5,700.0,368.9,31.1,827.7,-0.001,0.098,-0.074
497,0,1656521723.592,0.98,1,-0.087255,0.083682,-0.992665,-0.242389,0.083980,-0.966538,-0.167,0.085,559.7,561.1,564.9,568.9,570.7,569.6,565.6,561.6,554.1,556.8,560.5,564.7,568.8,572.0,574.2,572.0,568.6,564.7,560.7,557.0,563.6,565.3,567.0,567.6,566.7,565.0,563.3,562.7,605.7,606.8,610.0,613.6,615.4,614.4,611.1,607.2,602.2,604.6,607.7,611.6,615.0,617.5,619.1,617.7,615.4,612.3,608.7,605.1,609.0,610.6,612.0,612.5,611.7,610.1,608.7,608.2,231.5,227.5,225.6,227.1,231.0,235.4,236.9,235.4,233.4,231.4,229.9,229.1,229.6,231.0,233.0,234.4,235.0,235.4,235.4,234.8,233.2,233.9,233.1,231.3,229.6,228.9,229.7,231.5,229.4,225.7,224.0,225.3,228.9,232.6,234.3,233.3,231.8,229.5,227.9,227.0,227.5,228.6,230.4,231.8,232.6,233.0,233.0,232.8,231.0,231.6,230.8,229.2,227.6,227.0,227.8,229.4,257.9,259.7,264.1,268.5,270.4,269.0,264.2,259.8,253.1,255.2,258.4,262.8,267.6,271.8,275.1,271.8,267.3,262.7,258.6,255.3,262.4,264.4,266.3,267.1,266.3,264.3,262.4,261.6,329.4,331.2,335.8,340.5,342.6,340.8,336.2,331.2,325.6,327.9,331.5,336.4,341.6,346.2,349.6,346.3,342.0,337.2,332.6,328.5,334.1,336.2,338.2,339.0,338.1,336.0,334.0,333.2,-1.8,-6.2,-8.2,-6.6,-2.3,2.4,4.0,2.5,0.2,-1.9,-3.5,-4.4,-3.9,-2.4,-0.1,1.4,2.0,2.4,2.4,1.7,0.1,0.8,-0.1,-2.0,-3.9,-4.6,-3.7,-1.8,-4.3,-8.7,-10.7,-9.2,-5.0,-0.6,1.4,0.2,-1.6,-4.2,-6.1,-7.1,-6.6,-5.3,-3.3,-1.6,-0.6,-0.2,-0.2,-0.4,-2.5,-1.8,-2.7,-4.6,-6.5,-7.1,-6.2,-4.3,652.2,653.0,653.7,654.0,653.7,653.2,652.2,651.9,655.6,653.4,651.6,651.0,652.1,654.0,655.9,653.9,651.8,650.8,651.4,653.2,653.3,653.4,653.8,654.1,654.2,654.1,653.8,653.5,698.5,699.7,701.3,702.4,702.3,701.2,699.6,698.6,698.9,698.2,698.0,698.9,701.4,704.8,708.0,704.6,701.3,698.9,697.8,698.1,700.3,700.8,701.5,702.0,702.1,701.6,700.9,700.4,368.7,31.0,826.9,0.001,0.098,-0.076
498,0,1656521723.625,0.98,1,-0.085504,0.084217,-0.992772,-0.242308,0.084290,-0.966531,-0.166,0.086,559.8,561.2,564.9,568.9,570.7,569.6,565.6,561.6,554.2,556.9,560.5,564.7,568.8,572.0,574.2,571.9,568.6,564.8,560.8,557.1,563.6,565.3,567.0,567.6,566.8,565.0,563.4,562.8,605.8,606.8,610.0,613.6,615.4,614.4,611.1,607.3,602.3,604.6,607.8,611.6,615.0,617.5,619.1,617.7,615.3,612.3,608.7,605.1,609.0,610.6,612.0,612.5,611.7,610.1,608.7,608.3,231.5,227.5,225.7,227.2,231.0,235.4,236.9,235.4,233.4,231.4,230.0,229.2,229.6,231.0,233.1,234.5,235.0,235.4,235.3,234.7,233.2,233.9,233.1,231.3,229.6,229.0,229.8,231.5,229.5,225.8,224.1,225.4,229.0,232.7,234.4,233.4,231.8,229.6,228.0,227.2,227.6,228.7,230.5,231.9,232.7,233.1,233.1,232.9,231.1,231.7,230.9,229.3,227.7,227.2,227.9,229.5,259.3,261.1,265.5,269.9,271.8,270.3,265.5,261.1,254.4,256.5,259.8,264.1,269.0,273.2,276.5,273.2,268.7,264.1,260.0,256.7,263.8,265.8,267.7,268.5,267.7,265.7,263.8,263.0,331.7,333.5,338.0,342.7,344.8,343.0,338.5,333.5,327.8,330.2,333.8,338.7,343.9,348.4,351.9,348.6,344.2,339.5,334.8,330.7,336.4,338.5,340.5,341.2,340.3,338.3,336.3,335.5,-1.8,-6.2,-8.1,-6.5,-2.3,2.4,4.1,2.5,0.2,-1.9,-3.5,-4.3,-3.9,-2.3,-0.1,1.4,2.0,2.4,2.4,1.7,0.1,0.8,-0.1,-2.0,-3.9,-4.6,-3.7,-1.8,-4.2,-8.6,-10.6,-9.1,-4.9,-0.5,1.5,0.3,-1.5,-4.1,-6.1,-7.0,-6.5,-5.2,-3.1,-1.4,-0.5,-0.1,-0.1,-0.3,-2.4,-1.8,-2.6,-4.5,-6.4,-7.0,-6.2,-4.3,655.6,656.3,657.1,657.4,657.1,656.5,655.5,655.2,658.9,656.7,654.9,654.4,655.5,657.4,659.3,657.2,655.1,654.2,654.7,656.5,656.6,656.8,657.1,657.5,657.6,657.5,657.1,656.8,703.2,704.4,706.0,707.1,707.0,705.9,704.3,703.3,703.6,702.9,702.7,703.7,706.2,709.5,712.7,709.3,706.0,703.6,702.5,702.8,705.1,705.5,706.2,706.7,706.8,706.3,705.6,705.1,369.0,31.1,827.6,0.002,0.096,-0.074
499,0,1656521723.659,0.98,1,-0.086926,0.082598,-0.992785,-0.241199,0.082841,-0.966933,-0.166,0.084,559.9,561.2,565.0,569.0,570.8,569.7,565.7,561.7,554.2,557.0,560.6,564.8,568.9,572.1,574.3,572.0,568.7,564.8,560.9,557.1,563.7,565.4,567.1,567.6,566.8,565.1,563.4,562.9,605.7,606.7,610.0,613.6,615.4,614.4,611.1,607.3,602.2,604.6,607.8,611.6,615.0,617.5,619.1,617.7,615.4,612.3,608.7,605.1,609.0,610.6,612.0,612.5,611.7,610.1,608.7,608.2,231.5,227.5,225.7,227.1,231.0,235.4,236.9,235.4,233.4,231.4,230.0,229.2,229.6,231.0,233.0,234.4,235.0,235.4,235.3,234.8,233.2,233.9,233.1,231.3,229.6,229.0,229.8,231.5,229.4,225.7,224.0,225.3,228.9,232.6,234.3,233.3,231.7,229.5,227.8,227.0,227.5,228.6,230.3,231.8,232.6,233.0,233.0,232.8,231.0,231.5,230.8,229.2,227.6,227.0,227.8,229.4,258.7,260.5,264.9,269.4,271.2,269.8,265.0,260.6,253.9,256.0,259.3,263.6,268.5,272.7,276.0,272.6,268.1,263.6,259.5,256.2,263.3,265.2,267.2,268.0,267.1,265.2,263.3,262.5,329.7,331.5,336.0,340.8,342.9,341.1,336.5,331.6,325.9,328.2,331.8,336.7,341.9,346.5,349.9,346.6,342.3,337.6,332.9,328.8,334.4,336.5,338.5,339.3,338.4,336.3,334.3,333.5,-1.8,-6.2,-8.1,-6.6,-2.3,2.4,4.0,2.5,0.3,-1.9,-3.4,-4.3,-3.9,-2.4,-0.1,1.4,2.0,2.4,2.4,1.7,0.1,0.8,-0.1,-2.0,-3.9,-4.6,-3.7,-1.8,-4.3,-8.7,-10.7,-9.2,-5.0,-0.7,1.3,0.2,-1.7,-4.2,-6.2,-7.1,-6.6,-5.4,-3.3,-1.6,-0.7,-0.2,-0.2,-0.5,-2.6,-1.9,-2.8,-4.7,-6.5,-7.2,-6.3,-4.4,654.1,654.8,655.6,655.9,655.5,655.0,654.0,653.7,657.4,655.2,653.4,652.9,654.0,655.8,657.8,655.7,653.6,652.7,653.2,655.0,655.1,655.3,655.6,655.9,656.1,656.0,655.6,655.3,699.1,700.3,701.9,703.0,703.0,701.8,700.2,699.2,699.5,698.8,698.6,699.6,702.1,705.4,708.7,705.3,701.9,699.5,698.4,698.7,701.0,701.4,702.2,702.7,702.7,702.2,701.5,701.0,368.7,31.0,826.7,-0.001,0.099,-0.076
500,0,1656521723.692,0.98,1,-0.086929,0.083591,-0.992701,-0.240362,0.083222,-0.967109,-0.165,0.085,560.0,561.3,565.1,569.0,570.9,569.8,565.8,561.8,554.4,557.1,560.7,564.9,569.0,572.1,574.4,572.1,568.8,564.9,561.0,557.3,563.8,565.5,567.1,567.7,566.9,565.2,563.5,563.0,605.7,606.7,610.0,613.5,615.4,614.4,611.1,607.2,602.2,604.6,607.7,611.5,614.9,617.4,619.0,617.6,615.3,612.3,608.7,605.1,609.0,610.6,612.0,612.4,611.6,610.1,608.6,608.2,231.4,227.4,225.6,227.1,230.9,235.2,236.8,235.3,233.3,231.3,229.9,229.1,229.5,230.9,232.9,234.3,234.9,235.3,235.2,234.6,233.1,233.8,233.0,231.2,229.5,228.9,229.7,231.4,229.3,225.6,223.9,225.2,228.7,232.5,234.2,233.2,231.6,229.4,227.7,226.9,227.3,228.5,230.2,231.7,232.4,232.8,232.8,232.6,230.8,231.4,230.7,229.0,227.5,226.9,227.7,229.3,260.1,261.9,266.3,270.7,272.6,271.2,266.4,262.0,255.3,257.4,260.6,265.0,269.9,274.1,277.3,274.0,269.5,264.9,260.8,257.5,264.7,266.6,268.5,269.3,268.5,266.6,264.6,263.8,330.8,332.6,337.1,341.8,343.9,342.2,337.6,332.6,326.9,329.3,332.9,337.8,343.0,347.5,351.0,347.7,343.4,338.6,334.0,329.8,335.5,337.6,339.6,340.3,339.4,337.4,335.4,334.6,-1.9,-6.3,-8.3,-6.7,-2.4,2.3,3.9,2.3,0.1,-2.0,-3.6,-4.5,-4.0,-2.5,-0.2,1.3,1.9,2.3,2.2,1.6,-0.1,0.6,-0.2,-2.1,-4.0,-4.7,-3.8,-1.9,-4.5,-8.9,-10.9,-9.4,-5.2,-0.8,1.2,0.0,-1.8,-4.4,-6.3,-7.3,-6.8,-5.5,-3.5,-1.8,-0.8,-0.4,-0.4,-0.6,-2.7,-2.0,-2.9,-4.8,-6.6,-7.3,-6.4,-4.5,657.2,658.0,658.7,659.0,658.7,658.2,657.1,656.8,660.5,658.3,656.5,656.0,657.1,659.0,660.9,658.8,656.7,655.8,656.4,658.2,658.3,658.4,658.7,659.1,659.2,659.1,658.8,658.4,701.4,702.6,704.3,705.4,705.3,704.1,702.5,701.5,701.8,701.1,700.9,701.9,704.4,707.8,711.1,707.6,704.2,701.8,700.7,701.0,703.3,703.8,704.5,705.0,705.0,704.5,703.8,703.3,368.5,31.1,826.1,0.000,0.098,-0.078
501,0,1656521723.725,0.98,1,-0.084634,0.079642,-0.993224,-0.242652,0.080192,-0.966793,-0.165,0.081,560.0,561.3,565.1,569.1,570.9,569.8,565.8,561.8,554.3,557.0,560.7,564.9,569.0,572.2,574.4,572.2,568.8,565.0,561.0,557.2,563.8,565.5,567.2,567.8,566.9,565.2,563.6,563.0,605.9,606.9,610.2,613.8,615.6,614.6,611.3,607.4,602.4,604.8,607.9,611.7,615.2,617.7,619.2,617.9,615.5,612.5,608.9,605.2,609.2,610.8,612.2,612.6,611.8,610.3,608.9,608.4,231.6,227.6,225.8,227.2,231.1,235.5,237.0,235.5,233.5,231.5,230.0,229.2,229.7,231.1,233.2,234.6,235.2,235.6,235.5,234.9,233.3,234.0,233.2,231.4,229.7,229.1,229.9,231.6,229.6,225.8,224.1,225.4,229.0,232.7,234.4,233.4,231.9,229.7,228.0,227.1,227.6,228.7,230.5,232.0,232.7,233.1,233.1,232.9,231.1,231.7,230.9,229.3,227.7,227.2,227.9,229.5,258.2,260.0,264.4,268.8,270.7,269.2,264.5,260.0,253.3,255.4,258.7,263.1,267.9,272.1,275.4,272.1,267.6,263.0,258.9,255.6,262.7,264.7,266.6,267.4,266.6,264.6,262.7,261.9,330.4,332.1,336.7,341.4,343.4,341.7,337.1,332.2,326.5,328.9,332.4,337.3,342.5,347.1,350.5,347.2,342.9,338.2,333.5,329.4,335.0,337.1,339.1,339.9,339.0,336.9,334.9,334.1,-1.6,-6.0,-8.0,-6.4,-2.2,2.5,4.2,2.6,0.4,-1.8,-3.4,-4.3,-3.8,-2.2,0.0,1.5,2.2,2.6,2.5,1.9,0.2,0.9,0.0,-1.9,-3.8,-4.4,-3.6,-1.7,-4.2,-8.5,-10.6,-9.0,-4.9,-0.5,1.5,0.3,-1.5,-4.1,-6.0,-7.0,-6.5,-5.2,-3.1,-1.4,-0.5,-0.0,-0.0,-0.3,-2.4,-1.7,-2.6,-4.5,-6.3,-7.0,-6.1,-4.2,652.3,653.1,653.9,654.2,653.8,653.3,652.3,652.0,655.6,653.4,651.7,651.2,652.3,654.1,656.1,654.0,651.9,651.0,651.5,653.3,653.4,653.6,653.9,654.2,654.4,654.3,653.9,653.6,700.0,701.2,702.8,703.9,703.8,702.6,701.0,700.0,700.3,699.6,699.5,700.4,702.9,706.2,709.5,706.1,702.7,700.3,699.3,699.6,701.8,702.3,703.0,703.5,703.5,703.1,702.4,701.8,369.7,31.2,828.6,-0.001,0.097,-0.076
502,0,1656521723.758,0.98,1,-0.086133,0.085771,-0.992585,-0.242604,0.086177,-0.966290,-0.166,0.088,560.1,561.4,565.2,569.2,571.0,569.9,565.9,561.9,554.4,557.2,560.8,565.0,569.1,572.3,574.5,572.2,568.9,565.0,561.1,557.4,563.9,565.6,567.2,567.8,567.0,565.3,563.7,563.1,605.9,606.9,610.1,613.7,615.6,614.5,611.3,607.4,602.4,604.7,607.9,611.7,615.1,617.6,619.2,617.8,615.5,612.5,608.9,605.2,609.2,610.7,612.2,612.6,611.8,610.3,608.8,608.4,231.6,227.6,225.8,227.2,231.1,235.5,237.0,235.5,233.5,231.5,230.0,229.2,229.7,231.1,233.1,234.5,235.1,235.5,235.4,234.9,233.3,233.9,233.1,231.4,229.7,229.0,229.8,231.6,229.5,225.7,224.0,225.3,228.9,232.6,234.3,233.3,231.8,229.6,227.9,227.0,227.5,228.6,230.4,231.8,232.6,233.0,233.0,232.8,231.0,231.6,230.8,229.2,227.6,227.0,227.8,229.4,259.0,260.8,265.2,269.7,271.5,270.1,265.3,260.9,254.2,256.3,259.6,263.9,268.8,273.0,276.3,272.9,268.4,263.9,259.8,256.5,263.6,265.5,267.5,268.2,267.4,265.5,263.6,262.8,330.6,332.3,336.9,341.6,343.7,341.9,337.4,332.4,326.7,329.1,332.6,337.5,342.7,347.3,350.8,347.5,343.1,338.4,333.7,329.6,335.3,337.3,339.3,340.1,339.2,337.1,335.1,334.4,-1.7,-6.1,-8.1,-6.5,-2.2,2.5,4.1,2.6,0.3,-1.8,-3.4,-4.3,-3.8,-2.3,-0.0,1.5,2.1,2.5,2.5,1.8,0.2,0.9,-0.0,-1.9,-3.8,-4.5,-3.6,-1.7,-4.3,-8.7,-10.7,-9.2,-5.0,-0.6,1.4,0.2,-1.6,-4.2,-6.1,-7.1,-6.7,-5.4,-3.3,-1.6,-0.6,-0.2,-0.2,-0.4,-2.5,-1.9,-2.7,-4.6,-6.5,-7.1,-6.3,-4.3,654.2,655.0,655.8,656.1,655.7,655.2,654.2,653.9,657.6,655.3,653.6,653.0,654.2,656.0,658.0,655.9,653.8,652.9,653.4,655.2,655.3,655.5,655.8,656.1,656.3,656.2,655.8,655.5,700.5,701.7,703.3,704.4,704.3,703.2,701.6,700.6,700.9,700.2,700.0,700.9,703.4,706.8,710.0,706.6,703.3,700.9,699.8,700.1,702.3,702.8,703.5,704.0,704.1,703.6,702.9,702.4,369.7,31.1,828.5,0.006,0.098,-0.078
503,0,1656521723.792,0.98,1,-0.088597,0.080727,-0.992791,-0.243201,0.079828,-0.966685,-0.168,0.082,560.0,561.4,565.2,569.2,571.0,569.9,565.8,561.9,554.4,557.1,560.8,565.0,569.1,572.3,574.5,572.2,568.9,565.0,561.0,557.3,563.8,565.6,567.2,567.8,567.0,565.3,563.6,563.0,605.9,606.9,610.1,613.7,615.6,614.6,611.3,607.4,602.4,604.7,607.9,611.7,615.1,617.6,619.2,617.9,615.5,612.5,608.9,605.2,609.2,610.7,612.2,612.6,611.8,610.2,608.8,608.4,231.7,227.7,225.8,227.3,231.2,235.6,237.1,235.6,233.6,231.6,230.1,229.3,229.7,231.2,233.3,234.7,235.3,235.7,235.6,235.0,233.4,234.1,233.3,231.5,229.8,229.1,229.9,231.7,229.7,225.9,224.2,225.5,229.1,232.8,234.5,233.5,232.0,229.7,228.0,227.2,227.6,228.8,230.6,232.0,232.8,233.2,233.2,233.0,231.2,231.8,231.0,229.4,227.8,227.2,228.0,229.6,258.0,259.8,264.2,268.6,270.5,269.0,264.3,259.9,253.3,255.3,258.5,262.9,267.7,271.9,275.2,271.9,267.4,262.8,258.8,255.5,262.6,264.5,266.4,267.2,266.4,264.5,262.5,261.7,329.1,330.9,335.4,340.1,342.2,340.5,335.9,331.0,325.3,327.6,331.2,336.1,341.3,345.9,349.3,346.0,341.7,337.0,332.3,328.2,333.8,335.9,337.9,338.7,337.7,335.7,333.7,332.9,-1.6,-6.0,-7.9,-6.3,-2.1,2.6,4.3,2.7,0.4,-1.7,-3.3,-4.2,-3.7,-2.2,0.1,1.6,2.3,2.7,2.6,2.0,0.3,1.0,0.1,-1.8,-3.7,-4.4,-3.5,-1.6,-4.1,-8.4,-10.4,-8.9,-4.8,-0.4,1.6,0.4,-1.3,-3.9,-5.9,-6.9,-6.4,-5.1,-3.0,-1.3,-0.4,0.1,0.1,-0.1,-2.3,-1.6,-2.5,-4.4,-6.2,-6.9,-6.0,-4.1,651.8,652.5,653.3,653.5,653.2,652.7,651.7,651.4,655.2,652.9,651.1,650.5,651.6,653.4,655.4,653.3,651.3,650.4,651.0,652.8,652.8,652.9,653.3,653.6,653.7,653.6,653.3,653.0,697.5,698.7,700.3,701.4,701.4,700.2,698.5,697.6,697.9,697.2,697.0,698.0,700.5,703.8,707.1,703.6,700.3,697.9,696.8,697.1,699.3,699.8,700.5,701.1,701.1,700.6,699.9,699.4,369.5,31.3,827.7,-0.000,0.100,-0.079
504,0,1656521723.825,0.98,1,-0.088652,0.079670,-0.992871,-0.243189,0.079103,-0.966748,-0.168,0.081,560.1,561.5,565.2,569.2,571.1,570.0,565.9,562.0,554.5,557.2,560.8,565.0,569.2,572.3,574.6,572.3,568.9,565.1,561.1,557.4,563.9,565.7,567.3,567.9,567.1,565.4,563.7,563.1,606.0,607.0,610.3,613.9,615.7,614.7,611.4,607.5,602.5,604.9,608.0,611.8,615.3,617.8,619.4,618.0,615.7,612.6,609.0,605.3,609.3,610.9,612.3,612.8,612.0,610.4,609.0,608.5,231.6,227.6,225.8,227.2,231.1,235.5,237.0,235.5,233.5,231.5,230.0,229.2,229.6,231.1,233.1,234.5,235.1,235.5,235.5,234.9,233.3,234.0,233.2,231.4,229.7,229.0,229.8,231.6,229.6,225.8,224.1,225.5,229.0,232.8,234.5,233.5,231.9,229.7,228.0,227.2,227.6,228.8,230.6,232.0,232.8,233.2,233.2,233.0,231.1,231.7,231.0,229.3,227.8,227.2,227.9,229.6,258.6,260.3,264.7,269.2,271.0,269.6,264.8,260.4,253.8,255.9,259.1,263.4,268.3,272.5,275.8,272.4,267.9,263.4,259.3,256.0,263.1,265.0,267.0,267.8,266.9,265.0,263.1,262.3,329.9,331.6,336.2,340.9,343.0,341.2,336.6,331.7,326.0,328.4,331.9,336.8,342.0,346.6,350.0,346.7,342.4,337.7,333.0,328.9,334.6,336.6,338.6,339.4,338.5,336.4,334.4,333.6,-1.7,-6.1,-8.0,-6.5,-2.2,2.5,4.1,2.6,0.4,-1.8,-3.4,-4.3,-3.8,-2.3,-0.0,1.5,2.1,2.6,2.5,1.9,0.2,0.9,-0.0,-1.9,-3.8,-4.5,-3.6,-1.7,-4.2,-8.5,-10.5,-9.0,-4.8,-0.4,1.5,0.4,-1.4,-4.0,-6.0,-7.0,-6.5,-5.1,-3.0,-1.3,-0.4,0.0,-0.0,-0.2,-2.3,-1.7,-2.5,-4.4,-6.3,-6.9,-6.1,-4.2,652.9,653.7,654.4,654.7,654.4,653.9,652.9,652.6,656.3,654.1,652.3,651.7,652.8,654.6,656.6,654.5,652.4,651.5,652.1,653.9,654.0,654.1,654.4,654.8,654.9,654.8,654.5,654.2,698.7,699.9,701.5,702.6,702.5,701.3,699.7,698.7,699.0,698.3,698.2,699.1,701.6,705.0,708.2,704.8,701.4,699.0,698.0,698.2,700.5,701.0,701.7,702.2,702.2,701.8,701.0,700.5,369.2,31.3,826.9,-0.002,0.100,-0.077
505,0,1656521723.858,0.98,1,-0.088309,0.082221,-0.992694,-0.241681,0.081094,-0.966961,-0.167,0.083,560.3,561.6,565.4,569.4,571.2,570.1,566.1,562.1,554.7,557.4,561.0,565.2,569.3,572.5,574.7,572.4,569.1,565.2,561.2,557.6,564.1,565.8,567.5,568.1,567.3,565.5,563.9,563.3,606.1,607.1,610.4,614.0,615.8,614.8,611.5,607.6,602.6,605.0,608.1,612.0,615.4,617.9,619.4,618.1,615.8,612.7,609.1,605.4,609.4,611.0,612.4,612.9,612.1,610.5,609.1,608.6,231.6,227.6,225.8,227.3,231.1,235.5,237.0,235.5,233.5,231.5,230.1,229.3,229.7,231.1,233.2,234.5,235.1,235.5,235.4,234.9,233.3,234.0,233.2,231.4,229.7,229.1,229.9,231.6,229.6,225.9,224.2,225.5,229.1,232.8,234.5,233.5,232.0,229.7,228.1,227.2,227.7,228.8,230.6,232.0,232.8,233.2,233.2,233.0,231.2,231.8,231.0,229.4,227.8,227.2,228.0,229.6,259.3,261.1,265.5,269.9,271.7,270.3,265.5,261.1,254.5,256.6,259.8,264.1,269.0,273.2,276.5,273.1,268.6,264.1,260.0,256.7,263.8,265.8,267.7,268.5,267.7,265.7,263.8,263.0,330.0,331.7,336.3,341.0,343.1,341.3,336.7,331.8,326.1,328.5,332.1,337.0,342.2,346.7,350.2,346.8,342.5,337.8,333.1,329.0,334.7,336.7,338.7,339.5,338.6,336.5,334.5,333.7,-1.7,-6.0,-8.0,-6.4,-2.2,2.5,4.2,2.6,0.3,-1.8,-3.3,-4.2,-3.8,-2.2,0.0,1.5,2.1,2.5,2.5,1.8,0.2,0.9,0.0,-1.9,-3.8,-4.5,-3.6,-1.7,-4.1,-8.4,-10.5,-8.9,-4.7,-0.4,1.6,0.4,-1.4,-4.0,-5.9,-6.9,-6.4,-5.1,-3.0,-1.3,-0.4,0.0,0.0,-0.2,-2.3,-1.6,-2.5,-4.4,-6.2,-6.9,-6.0,-4.1,654.3,655.1,655.8,656.1,655.7,655.2,654.2,653.9,657.6,655.4,653.6,653.1,654.1,656.0,658.0,655.9,653.8,652.9,653.4,655.3,655.3,655.5,655.8,656.1,656.3,656.2,655.8,655.5,698.6,699.8,701.5,702.6,702.5,701.3,699.7,698.7,699.0,698.3,698.1,699.1,701.6,705.0,708.2,704.8,701.4,699.0,697.9,698.2,700.5,701.0,701.7,702.2,702.2,701.7,701.0,700.5,369.2,31.4,826.7,-0.002,0.099,-0.076
506,0,1656521723.892,0.98,1,-0.084682,0.080855,-0.993122,-0.242154,0.079911,-0.966941,-0.165,0.082,560.3,561.6,565.4,569.4,571.3,570.1,566.1,562.1,554.6,557.3,561.0,565.2,569.3,572.5,574.8,572.5,569.1,565.2,561.2,557.5,564.1,565.8,567.5,568.1,567.3,565.5,563.9,563.3,606.3,607.3,610.5,614.1,615.9,614.9,611.7,607.8,602.8,605.1,608.3,612.1,615.5,618.0,619.6,618.2,615.9,612.9,609.2,605.6,609.6,611.1,612.6,613.0,612.2,610.6,609.2,608.8,231.8,227.8,226.0,227.4,231.4,235.7,237.2,235.8,233.7,231.7,230.3,229.4,229.9,231.3,233.4,234.8,235.4,235.8,235.7,235.1,233.5,234.2,233.4,231.6,229.9,229.3,230.1,231.8,229.8,226.1,224.4,225.7,229.3,233.0,234.7,233.7,232.2,229.9,228.2,227.4,227.8,229.0,230.8,232.2,233.0,233.4,233.4,233.2,231.4,232.0,231.2,229.6,228.0,227.4,228.2,229.8,258.0,259.8,264.2,268.6,270.4,269.0,264.2,259.8,253.1,255.2,258.5,262.8,267.7,271.9,275.2,271.8,267.3,262.8,258.7,255.4,262.5,264.4,266.4,267.2,266.4,264.4,262.5,261.7,329.9,331.7,336.2,341.0,343.0,341.3,336.7,331.7,326.1,328.4,332.0,336.9,342.1,346.7,350.1,346.8,342.5,337.7,333.1,329.0,334.6,336.7,338.7,339.5,338.5,336.5,334.5,333.7,-1.4,-5.8,-7.8,-6.2,-1.9,2.8,4.4,2.8,0.6,-1.6,-3.1,-4.0,-3.5,-2.0,0.3,1.8,2.4,2.8,2.7,2.1,0.4,1.1,0.3,-1.7,-3.5,-4.2,-3.4,-1.4,-3.9,-8.2,-10.2,-8.7,-4.5,-0.2,1.8,0.6,-1.2,-3.8,-5.7,-6.7,-6.2,-4.9,-2.8,-1.1,-0.2,0.3,0.3,0.0,-2.1,-1.4,-2.3,-4.2,-6.0,-6.7,-5.8,-3.9,651.0,651.8,652.5,652.8,652.5,651.9,650.9,650.6,654.3,652.1,650.3,649.8,650.9,652.7,654.7,652.6,650.5,649.6,650.2,652.0,652.1,652.2,652.5,652.9,653.0,652.9,652.6,652.2,698.2,699.4,701.1,702.2,702.1,700.9,699.3,698.3,698.6,697.9,697.7,698.7,701.2,704.5,707.8,704.4,701.0,698.6,697.5,697.8,700.1,700.6,701.3,701.8,701.8,701.3,700.6,700.1,370.1,31.5,828.4,-0.002,0.097,-0.076
507,0,1656521723.925,0.98,1,-0.086741,0.081896,-0.992859,-0.241185,0.081307,-0.967067,-0.166,0.083,560.4,561.7,565.5,569.5,571.3,570.2,566.2,562.2,554.8,557.5,561.1,565.3,569.4,572.6,574.8,572.5,569.2,565.3,561.4,557.7,564.2,565.9,567.5,568.1,567.3,565.6,563.9,563.3,606.1,607.1,610.4,613.9,615.8,614.8,611.5,607.6,602.6,605.0,608.1,611.9,615.3,617.8,619.4,618.0,615.7,612.7,609.1,605.4,609.4,611.0,612.4,612.8,612.0,610.5,609.0,608.6,231.7,227.7,225.8,227.3,231.2,235.5,237.0,235.6,233.5,231.5,230.1,229.3,229.7,231.1,233.2,234.6,235.2,235.6,235.5,234.9,233.4,234.0,233.2,231.4,229.7,229.1,229.9,231.7,229.6,225.8,224.1,225.4,229.0,232.7,234.5,233.5,231.9,229.7,228.0,227.1,227.6,228.7,230.5,232.0,232.7,233.1,233.1,233.0,231.1,231.7,231.0,229.3,227.8,227.2,227.9,229.6,259.5,261.3,265.7,270.1,272.0,270.5,265.8,261.3,254.7,256.8,260.0,264.4,269.2,273.4,276.7,273.4,268.9,264.3,260.2,256.9,264.0,266.0,267.9,268.7,267.9,265.9,264.0,263.2,330.6,332.4,336.9,341.7,343.8,342.0,337.4,332.5,326.8,329.1,332.7,337.6,342.8,347.4,350.8,347.5,343.2,338.5,333.8,329.7,335.3,337.4,339.4,340.2,339.3,337.2,335.2,334.4,-1.6,-6.0,-8.0,-6.4,-2.2,2.6,4.2,2.6,0.4,-1.8,-3.3,-4.2,-3.7,-2.2,0.1,1.6,2.2,2.6,2.5,1.9,0.2,0.9,0.1,-1.9,-3.7,-4.4,-3.5,-1.6,-4.2,-8.5,-10.5,-9.0,-4.8,-0.5,1.5,0.3,-1.4,-4.0,-6.0,-7.0,-6.5,-5.2,-3.1,-1.4,-0.5,-0.0,-0.0,-0.2,-2.4,-1.7,-2.6,-4.5,-6.3,-7.0,-6.1,-4.2,654.6,655.3,656.1,656.4,656.0,655.5,654.5,654.2,657.9,655.7,653.9,653.4,654.5,656.3,658.3,656.2,654.1,653.2,653.7,655.5,655.6,655.8,656.1,656.4,656.6,656.5,656.1,655.8,700.1,701.3,702.9,704.0,704.0,702.8,701.2,700.2,700.5,699.8,699.6,700.6,703.1,706.4,709.7,706.3,702.9,700.5,699.4,699.7,701.9,702.4,703.1,703.7,703.7,703.2,702.5,702.0,369.4,31.3,826.9,0.000,0.098,-0.079
508,0,1656521723.959,0.98,1,-0.090547,0.080961,-0.992596,-0.245249,0.079534,-0.966192,-0.170,0.082,560.4,561.7,565.5,569.5,571.4,570.2,566.2,562.2,554.7,557.4,561.1,565.3,569.4,572.6,574.9,572.6,569.2,565.3,561.3,557.6,564.2,565.9,567.6,568.2,567.4,565.6,564.0,563.4,606.2,607.3,610.5,614.1,616.0,614.9,611.7,607.8,602.7,605.1,608.2,612.1,615.5,618.0,619.6,618.2,615.9,612.8,609.2,605.6,609.6,611.1,612.6,613.0,612.2,610.6,609.2,608.8,231.8,227.7,225.9,227.4,231.3,235.6,237.1,235.7,233.6,231.6,230.1,229.3,229.8,231.2,233.3,234.7,235.3,235.7,235.6,235.0,233.5,234.1,233.3,231.5,229.8,229.2,230.0,231.8,229.7,226.0,224.3,225.6,229.2,232.9,234.7,233.6,232.1,229.8,228.1,227.3,227.7,228.9,230.7,232.2,232.9,233.3,233.3,233.1,231.3,231.9,231.1,229.5,227.9,227.3,228.1,229.7,258.1,259.9,264.3,268.7,270.6,269.1,264.4,259.9,253.3,255.4,258.6,263.0,267.8,272.1,275.3,272.0,267.5,262.9,258.8,255.6,262.7,264.6,266.5,267.3,266.5,264.6,262.6,261.8,329.0,330.7,335.3,340.0,342.1,340.3,335.7,330.8,325.1,327.5,331.0,335.9,341.1,345.7,349.1,345.8,341.5,336.8,332.1,328.0,333.7,335.7,337.7,338.5,337.6,335.5,333.5,332.8,-1.5,-5.9,-7.9,-6.3,-2.0,2.7,4.3,2.7,0.5,-1.7,-3.3,-4.1,-3.6,-2.1,0.2,1.7,2.3,2.7,2.7,2.0,0.3,1.0,0.2,-1.8,-3.6,-4.3,-3.4,-1.5,-4.0,-8.3,-10.3,-8.8,-4.6,-0.3,1.7,0.6,-1.2,-3.8,-5.8,-6.8,-6.3,-5.0,-2.9,-1.2,-0.2,0.2,0.2,-0.0,-2.2,-1.5,-2.4,-4.3,-6.1,-6.8,-5.9,-4.0,651.1,651.9,652.6,652.8,652.5,652.0,651.0,650.7,654.5,652.2,650.4,649.9,650.9,652.8,654.7,652.7,650.6,649.7,650.3,652.1,652.2,652.3,652.6,652.9,653.1,653.0,652.6,652.3,696.2,697.4,699.0,700.1,700.1,698.9,697.3,696.3,696.6,695.9,695.7,696.7,699.2,702.5,705.8,702.3,699.0,696.6,695.5,695.8,698.1,698.5,699.2,699.8,699.8,699.3,698.6,698.1,370.0,31.5,828.0,0.001,0.104,-0.079
509,0,1656521723.992,0.98,1,-0.084931,0.078402,-0.993297,-0.240231,0.077816,-0.967592,-0.164,0.079,560.3,561.7,565.5,569.4,571.3,570.2,566.1,562.2,554.7,557.4,561.1,565.3,569.4,572.5,574.8,572.5,569.2,565.3,561.3,557.6,564.1,565.9,567.5,568.1,567.3,565.6,563.9,563.3,606.2,607.2,610.5,614.0,615.9,614.8,611.6,607.7,602.7,605.0,608.2,612.0,615.4,617.9,619.5,618.1,615.8,612.8,609.2,605.5,609.5,611.0,612.5,612.9,612.1,610.6,609.1,608.7,231.6,227.6,225.8,227.2,231.1,235.5,237.0,235.5,233.5,231.5,230.0,229.2,229.7,231.1,233.2,234.6,235.1,235.5,235.4,234.9,233.3,234.0,233.2,231.4,229.7,229.1,229.9,231.6,229.6,225.9,224.2,225.5,229.1,232.8,234.5,233.5,232.0,229.7,228.0,227.2,227.7,228.8,230.6,232.0,232.8,233.2,233.2,233.0,231.2,231.8,231.0,229.4,227.8,227.2,228.0,229.6,259.3,261.1,265.5,269.9,271.7,270.3,265.5,261.1,254.4,256.5,259.8,264.1,269.0,273.2,276.5,273.1,268.6,264.1,260.0,256.7,263.8,265.7,267.7,268.5,267.7,265.7,263.8,263.0,330.7,332.5,337.1,341.8,343.9,342.1,337.5,332.5,326.8,329.2,332.8,337.7,342.9,347.5,350.9,347.6,343.3,338.5,333.9,329.8,335.4,337.5,339.5,340.3,339.4,337.3,335.3,334.5,-1.7,-6.0,-8.0,-6.4,-2.2,2.5,4.2,2.6,0.4,-1.8,-3.4,-4.3,-3.8,-2.2,0.0,1.5,2.1,2.6,2.5,1.9,0.2,0.9,0.0,-1.9,-3.8,-4.5,-3.6,-1.7,-4.1,-8.5,-10.5,-8.9,-4.8,-0.4,1.6,0.4,-1.4,-4.0,-5.9,-6.9,-6.4,-5.1,-3.0,-1.3,-0.4,0.0,0.0,-0.2,-2.3,-1.6,-2.5,-4.4,-6.2,-6.9,-6.0,-4.1,654.1,654.8,655.6,655.9,655.5,655.0,654.0,653.7,657.4,655.2,653.4,652.9,654.0,655.8,657.8,655.7,653.6,652.7,653.2,655.0,655.1,655.2,655.6,655.9,656.1,656.0,655.6,655.3,700.1,701.3,703.0,704.1,704.0,702.8,701.1,700.1,700.4,699.7,699.6,700.6,703.1,706.4,709.7,706.2,702.9,700.4,699.4,699.6,701.9,702.4,703.1,703.7,703.7,703.2,702.5,702.0,369.2,31.4,826.3,-0.005,0.095,-0.075
510,0,1656521724.025,0.98,1,-0.086520,0.082363,-0.992840,-0.242128,0.082300,-0.966748,-0.166,0.084,560.4,561.8,565.5,569.5,571.4,570.2,566.2,562.2,554.8,557.5,561.1,565.3,569.4,572.6,574.9,572.6,569.2,565.4,561.4,557.7,564.2,565.9,567.6,568.2,567.4,565.6,564.0,563.4,606.3,607.3,610.5,614.1,615.9,614.9,611.7,607.8,602.8,605.1,608.3,612.1,615.5,618.0,619.6,618.2,615.9,612.8,609.2,605.6,609.6,611.1,612.5,613.0,612.2,610.6,609.2,608.8,231.6,227.6,225.8,227.3,231.1,235.5,237.0,235.5,233.5,231.5,230.1,229.2,229.7,231.1,233.2,234.6,235.1,235.5,235.5,234.9,233.3,234.0,233.2,231.4,229.7,229.1,229.9,231.6,229.6,225.9,224.2,225.5,229.0,232.8,234.5,233.5,231.9,229.7,228.0,227.2,227.6,228.8,230.6,232.0,232.8,233.2,233.2,233.0,231.2,231.7,231.0,229.3,227.8,227.2,228.0,229.6,259.0,260.8,265.2,269.6,271.5,270.0,265.2,260.8,254.2,256.3,259.5,263.9,268.7,273.0,276.2,272.9,268.4,263.8,259.7,256.4,263.5,265.5,267.4,268.2,267.4,265.4,263.5,262.7,330.7,332.4,337.0,341.7,343.8,342.0,337.5,332.5,326.8,329.2,332.8,337.7,342.9,347.4,350.9,347.6,343.2,338.5,333.8,329.7,335.4,337.4,339.5,340.2,339.3,337.2,335.2,334.5,-1.6,-6.0,-8.0,-6.4,-2.2,2.5,4.2,2.6,0.4,-1.8,-3.4,-4.2,-3.8,-2.2,0.0,1.5,2.1,2.6,2.5,1.9,0.2,0.9,0.0,-1.9,-3.8,-4.4,-3.6,-1.7,-4.1,-8.5,-10.5,-9.0,-4.8,-0.4,1.5,0.4,-1.4,-4.0,-6.0,-7.0,-6.5,-5.2,-3.1,-1.4,-0.4,-0.0,-0.0,-0.2,-2.3,-1.7,-2.5,-4.5,-6.3,-6.9,-6.1,-4.2,653.2,654.0,654.8,655.1,654.7,654.2,653.1,652.9,656.5,654.3,652.5,652.0,653.1,655.0,657.0,654.9,652.8,651.8,652.4,654.2,654.3,654.4,654.7,655.1,655.3,655.1,654.8,654.4,699.8,701.0,702.7,703.8,703.7,702.5,700.9,699.9,700.2,699.5,699.3,700.3,702.8,706.1,709.4,706.0,702.6,700.2,699.1,699.4,701.7,702.1,702.9,703.4,703.4,702.9,702.2,701.7,369.1,31.4,826.2,0.001,0.096,-0.074
511,0,1656521724.059,0.98,1,-0.082695,0.079408,-0.993406,-0.239658,0.079452,-0.967601,-0.163,0.081,560.4,561.7,565.5,569.5,571.4,570.2,566.2,562.2,554.7,557.4,561.1,565.3,569.4,572.6,574.9,572.6,569.2,565.4,561.4,557.6,564.2,565.9,567.6,568.2,567.4,565.6,564.0,563.4,606.2,607.3,610.5,614.1,615.9,614.9,611.7,607.8,602.8,605.1,608.3,612.1,615.5,618.0,619.6,618.2,615.9,612.8,609.2,605.6,609.5,611.1,612.5,613.0,612.2,610.6,609.2,608.7,231.9,227.8,226.0,227.5,231.4,235.7,237.2,235.8,233.7,231.7,230.3,229.5,229.9,231.3,233.4,234.8,235.4,235.7,235.7,235.1,233.6,234.2,233.4,231.6,229.9,229.3,230.1,231.9,229.9,226.1,224.4,225.8,229.3,233.1,234.8,233.8,232.2,230.0,228.3,227.5,227.9,229.0,230.9,232.3,233.0,233.4,233.4,233.2,231.4,232.0,231.3,229.6,228.1,227.5,228.2,229.9,258.1,259.9,264.3,268.8,270.6,269.2,264.4,260.0,253.3,255.4,258.7,263.0,267.9,272.1,275.4,272.0,267.5,263.0,258.9,255.6,262.7,264.6,266.6,267.4,266.5,264.6,262.7,261.9,330.5,332.2,336.8,341.5,343.6,341.8,337.3,332.3,326.6,329.0,332.6,337.5,342.7,347.2,350.7,347.4,343.0,338.3,333.6,329.5,335.2,337.3,339.3,340.0,339.1,337.1,335.1,334.3,-1.4,-5.8,-7.8,-6.2,-1.9,2.8,4.4,2.8,0.6,-1.6,-3.1,-4.0,-3.5,-2.0,0.3,1.8,2.4,2.8,2.7,2.1,0.4,1.1,0.3,-1.6,-3.5,-4.2,-3.3,-1.4,-3.8,-8.2,-10.2,-8.6,-4.5,-0.1,1.9,0.7,-1.1,-3.7,-5.7,-6.6,-6.1,-4.8,-2.7,-1.0,-0.1,0.3,0.3,0.1,-2.0,-1.3,-2.2,-4.1,-5.9,-6.6,-5.7,-3.8,651.2,652.0,652.7,653.0,652.7,652.1,651.1,650.8,654.4,652.3,650.5,650.0,651.1,653.0,655.0,652.8,650.7,649.8,650.3,652.1,652.2,652.4,652.7,653.1,653.2,653.1,652.7,652.4,699.5,700.7,702.3,703.4,703.3,702.1,700.5,699.5,699.8,699.1,699.0,699.9,702.5,705.8,709.0,705.6,702.2,699.8,698.7,699.0,701.3,701.8,702.5,703.0,703.0,702.6,701.8,701.3,368.7,31.5,825.1,-0.004,0.092,-0.073
512,0,1656521724.092,0.98,1,-0.087622,0.080321,-0.992910,-0.243499,0.080070,-0.966590,-0.167,0.082,560.3,561.7,565.5,569.5,571.3,570.2,566.2,562.2,554.7,557.4,561.1,565.3,569.4,572.6,574.8,572.6,569.2,565.3,561.3,557.6,564.2,565.9,567.5,568.2,567.3,565.6,563.9,563.3,606.2,607.2,610.4,614.0,615.9,614.9,611.6,607.7,602.7,605.0,608.2,612.0,615.4,617.9,619.5,618.2,615.8,612.8,609.2,605.5,609.5,611.1,612.5,612.9,612.1,610.5,609.1,608.7,231.8,227.8,226.0,227.4,231.3,235.7,237.2,235.7,233.7,231.7,230.2,229.4,229.8,231.3,233.4,234.8,235.4,235.7,235.7,235.1,233.5,234.2,233.4,231.6,229.9,229.2,230.0,231.8,229.8,226.0,224.3,225.6,229.2,233.0,234.7,233.7,232.1,229.9,228.2,227.3,227.8,228.9,230.7,232.2,233.0,233.4,233.4,233.2,231.3,231.9,231.2,229.5,228.0,227.4,228.1,229.8,258.3,260.1,264.5,268.9,270.7,269.3,264.5,260.1,253.5,255.6,258.8,263.1,268.0,272.2,275.5,272.1,267.6,263.1,259.0,255.7,262.8,264.8,266.7,267.5,266.7,264.7,262.8,262.0,330.0,331.7,336.3,341.0,343.1,341.3,336.7,331.8,326.1,328.5,332.0,336.9,342.1,346.7,350.2,346.9,342.5,337.8,333.1,329.0,334.7,336.7,338.7,339.5,338.6,336.5,334.5,333.8,-1.4,-5.8,-7.8,-6.2,-2.0,2.7,4.4,2.8,0.6,-1.6,-3.2,-4.1,-3.6,-2.0,0.2,1.7,2.4,2.8,2.7,2.1,0.4,1.1,0.2,-1.7,-3.6,-4.2,-3.4,-1.5,-3.9,-8.3,-10.3,-8.8,-4.6,-0.2,1.7,0.6,-1.2,-3.8,-5.8,-6.8,-6.3,-5.0,-2.9,-1.2,-0.2,0.2,0.2,0.0,-2.1,-1.5,-2.3,-4.2,-6.1,-6.7,-5.9,-3.9,651.6,652.3,653.1,653.4,653.0,652.5,651.5,651.2,654.9,652.7,650.9,650.4,651.5,653.3,655.3,653.2,651.1,650.2,650.7,652.6,652.6,652.8,653.1,653.4,653.6,653.5,653.1,652.8,698.5,699.7,701.4,702.4,702.4,701.2,699.6,698.6,698.9,698.2,698.0,699.0,701.5,704.8,708.1,704.6,701.3,698.9,697.8,698.1,700.3,700.8,701.5,702.1,702.1,701.6,700.9,700.4,370.1,31.5,828.3,0.001,0.097,-0.075
513,0,1656521724.126,0.98,1,-0.089785,0.080229,-0.992725,-0.243357,0.078967,-0.966717,-0.168,0.081,560.3,561.7,565.5,569.4,571.3,570.2,566.2,562.2,554.7,557.4,561.1,565.3,569.4,572.6,574.8,572.5,569.2,565.3,561.3,557.6,564.1,565.9,567.5,568.1,567.3,565.6,563.9,563.3,606.1,607.1,610.4,613.9,615.8,614.8,611.5,607.6,602.6,604.9,608.1,611.9,615.3,617.8,619.4,618.1,615.7,612.7,609.1,605.4,609.4,611.0,612.4,612.8,612.0,610.5,609.0,608.6,231.7,227.7,225.9,227.3,231.2,235.6,237.1,235.6,233.6,231.6,230.1,229.3,229.8,231.2,233.2,234.6,235.2,235.6,235.6,235.0,233.4,234.1,233.3,231.5,229.8,229.2,229.9,231.7,229.7,225.9,224.2,225.5,229.1,232.8,234.5,233.5,232.0,229.8,228.1,227.2,227.7,228.8,230.6,232.1,232.8,233.2,233.2,233.0,231.2,231.8,231.0,229.4,227.8,227.3,228.0,229.6,259.2,260.9,265.3,269.7,271.6,270.2,265.4,261.0,254.4,256.5,259.7,264.0,268.9,273.1,276.4,273.0,268.5,264.0,259.9,256.6,263.7,265.6,267.6,268.3,267.5,265.6,263.7,262.9,330.0,331.8,336.3,341.0,343.1,341.4,336.8,331.8,326.2,328.5,332.1,337.0,342.2,346.8,350.2,346.9,342.6,337.8,333.2,329.1,334.7,336.8,338.8,339.6,338.6,336.6,334.6,333.8,-1.5,-5.9,-7.9,-6.3,-2.1,2.6,4.3,2.7,0.5,-1.7,-3.3,-4.2,-3.7,-2.2,0.1,1.6,2.2,2.7,2.6,2.0,0.3,1.0,0.1,-1.8,-3.7,-4.4,-3.5,-1.6,-4.1,-8.4,-10.4,-8.9,-4.7,-0.4,1.6,0.4,-1.3,-3.9,-5.9,-6.9,-6.4,-5.1,-3.0,-1.3,-0.4,0.1,0.1,-0.1,-2.3,-1.6,-2.5,-4.4,-6.2,-6.9,-6.0,-4.1,653.8,654.6,655.3,655.5,655.2,654.7,653.7,653.4,657.2,654.9,653.1,652.6,653.6,655.5,657.4,655.4,653.3,652.4,653.0,654.8,654.9,655.0,655.3,655.6,655.8,655.7,655.3,655.0,698.8,700.0,701.7,702.8,702.7,701.5,699.9,698.9,699.2,698.5,698.3,699.3,701.8,705.2,708.4,705.0,701.6,699.2,698.1,698.4,700.7,701.1,701.9,702.4,702.4,701.9,701.2,700.7,369.9,31.6,827.9,-0.002,0.100,-0.077
514,0,1656521724.159,0.98,1,-0.083293,0.079206,-0.993372,-0.242035,0.079081,-0.967040,-0.164,0.081,560.3,561.6,565.4,569.4,571.3,570.2,566.1,562.1,554.6,557.3,561.0,565.2,569.3,572.5,574.8,572.5,569.1,565.3,561.3,557.5,564.1,565.8,567.5,568.1,567.3,565.5,563.9,563.3,606.1,607.1,610.4,614.0,615.8,614.8,611.5,607.7,602.6,605.0,608.1,611.9,615.4,617.9,619.5,618.1,615.8,612.7,609.1,605.5,609.4,611.0,612.4,612.9,612.1,610.5,609.1,608.6,231.7,227.7,225.8,227.3,231.2,235.6,237.1,235.6,233.6,231.6,230.1,229.3,229.8,231.2,233.3,234.6,235.2,235.6,235.5,234.9,233.4,234.1,233.3,231.5,229.8,229.1,229.9,231.7,229.6,225.9,224.2,225.5,229.0,232.8,234.5,233.5,232.0,229.7,228.0,227.2,227.6,228.8,230.6,232.0,232.8,233.2,233.2,233.0,231.2,231.7,231.0,229.4,227.8,227.2,228.0,229.6,258.0,259.8,264.2,268.7,270.5,269.1,264.3,259.9,253.2,255.3,258.6,262.9,267.8,272.0,275.3,271.9,267.4,262.8,258.7,255.4,262.6,264.5,266.4,267.2,266.4,264.5,262.5,261.7,330.1,331.8,336.4,341.1,343.2,341.5,336.9,331.9,326.2,328.6,332.2,337.1,342.3,346.8,350.3,347.0,342.6,337.9,333.2,329.1,334.8,336.9,338.9,339.6,338.7,336.7,334.7,333.9,-1.6,-6.0,-7.9,-6.3,-2.1,2.6,4.2,2.7,0.4,-1.7,-3.3,-4.2,-3.7,-2.1,0.1,1.6,2.2,2.6,2.6,1.9,0.3,1.0,0.1,-1.8,-3.7,-4.4,-3.5,-1.6,-4.1,-8.5,-10.5,-9.0,-4.8,-0.4,1.6,0.4,-1.4,-4.0,-6.0,-6.9,-6.5,-5.2,-3.1,-1.4,-0.4,0.0,0.0,-0.2,-2.3,-1.6,-2.5,-4.4,-6.3,-6.9,-6.0,-4.1,651.1,651.9,652.7,653.0,652.6,652.1,651.0,650.7,654.4,652.2,650.4,649.9,651.1,652.9,654.9,652.8,650.7,649.7,650.3,652.0,652.2,652.3,652.7,653.0,653.2,653.0,652.7,652.3,699.0,700.2,701.8,702.9,702.8,701.6,700.0,699.0,699.3,698.6,698.5,699.4,701.9,705.3,708.5,705.1,701.7,699.3,698.2,698.5,700.8,701.3,702.0,702.5,702.5,702.1,701.3,700.8,369.6,31.6,827.5,-0.002,0.095,-0.075
515,0,1656521724.192,0.98,1,-0.087506,0.079821,-0.992961,-0.243234,0.079375,-0.966714,-0.167,0.081,560.2,561.6,565.3,569.3,571.2,570.1,566.0,562.0,554.6,557.3,560.9,565.1,569.3,572.5,574.7,572.4,569.1,565.2,561.2,557.5,564.0,565.8,567.4,568.0,567.2,565.5,563.8,563.2,606.1,607.1,610.4,614.0,615.8,614.8,611.6,607.7,602.6,605.0,608.1,611.9,615.4,617.9,619.5,618.1,615.8,612.7,609.1,605.5,609.4,611.0,612.4,612.9,612.1,610.5,609.1,608.6,231.8,227.8,225.9,227.4,231.3,235.7,237.2,235.7,233.7,231.7,230.2,229.4,229.8,231.3,233.3,234.7,235.3,235.7,235.6,235.1,233.5,234.2,233.4,231.6,229.9,229.2,230.0,231.8,229.7,225.9,224.2,225.5,229.1,232.8,234.6,233.6,232.0,229.8,228.1,227.2,227.6,228.8,230.6,232.0,232.8,233.2,233.2,233.1,231.2,231.8,231.0,229.4,227.8,227.3,228.0,229.7,257.8,259.6,264.0,268.4,270.3,268.8,264.1,259.6,253.0,255.1,258.3,262.7,267.5,271.7,275.0,271.7,267.2,262.6,258.5,255.2,262.3,264.3,266.2,267.0,266.2,264.2,262.3,261.5,329.1,330.9,335.4,340.1,342.3,340.5,335.9,331.0,325.3,327.7,331.2,336.1,341.3,345.9,349.3,346.0,341.7,337.0,332.3,328.2,333.9,335.9,337.9,338.7,337.8,335.7,333.7,332.9,-1.5,-5.9,-7.8,-6.2,-2.0,2.7,4.4,2.8,0.6,-1.6,-3.2,-4.1,-3.6,-2.1,0.2,1.7,2.3,2.7,2.7,2.1,0.4,1.1,0.2,-1.7,-3.6,-4.3,-3.4,-1.5,-4.0,-8.4,-10.4,-8.9,-4.8,-0.4,1.6,0.5,-1.3,-3.9,-5.9,-6.9,-6.4,-5.1,-3.0,-1.3,-0.4,0.1,0.1,-0.1,-2.3,-1.6,-2.5,-4.4,-6.2,-6.9,-6.0,-4.1,650.8,651.6,652.3,652.6,652.2,651.7,650.7,650.4,654.1,651.9,650.1,649.6,650.7,652.5,654.5,652.4,650.3,649.3,649.9,651.7,651.8,651.9,652.3,652.6,652.8,652.7,652.3,652.0,696.9,698.1,699.8,700.9,700.8,699.6,697.9,697.0,697.3,696.6,696.4,697.4,699.9,703.2,706.5,703.0,699.7,697.3,696.2,696.5,698.7,699.2,699.9,700.5,700.5,700.0,699.3,698.8,369.3,31.5,826.9,-0.001,0.098,-0.077
516,0,1656521724.226,0.98,1,-0.086103,0.080802,-0.993004,-0.241792,0.079944,-0.967029,-0.166,0.082,560.3,561.7,565.4,569.4,571.3,570.2,566.1,562.1,554.7,557.4,561.0,565.2,569.3,572.5,574.8,572.5,569.1,565.3,561.3,557.6,564.1,565.8,567.5,568.1,567.3,565.5,563.9,563.3,606.2,607.2,610.4,614.0,615.9,614.8,611.6,607.7,602.7,605.0,608.2,612.0,615.4,617.9,619.5,618.1,615.8,612.8,609.2,605.5,609.5,611.0,612.5,612.9,612.1,610.5,609.1,608.7,231.9,227.8,226.0,227.5,231.3,235.7,237.2,235.8,233.7,231.7,230.3,229.5,229.9,231.3,233.4,234.8,235.4,235.8,235.7,235.1,233.6,234.2,233.4,231.6,229.9,229.3,230.1,231.8,229.8,226.0,224.3,225.6,229.2,233.0,234.7,233.7,232.1,229.9,228.2,227.4,227.8,228.9,230.7,232.2,233.0,233.3,233.3,233.1,231.3,231.9,231.2,229.5,228.0,227.4,228.1,229.8,259.1,260.8,265.2,269.7,271.5,270.1,265.4,260.9,254.3,256.4,259.6,263.9,268.8,273.0,276.3,273.0,268.5,263.9,259.8,256.5,263.6,265.6,267.5,268.3,267.5,265.5,263.6,262.8,330.2,331.9,336.5,341.2,343.3,341.5,337.0,332.0,326.3,328.7,332.3,337.2,342.4,346.9,350.4,347.1,342.7,338.0,333.3,329.2,334.9,337.0,339.0,339.7,338.8,336.7,334.8,334.0,-1.4,-5.8,-7.8,-6.2,-2.0,2.8,4.4,2.8,0.6,-1.6,-3.1,-4.0,-3.5,-2.0,0.2,1.7,2.4,2.8,2.7,2.1,0.4,1.1,0.2,-1.7,-3.5,-4.2,-3.4,-1.4,-3.9,-8.3,-10.3,-8.8,-4.6,-0.2,1.8,0.6,-1.2,-3.8,-5.7,-6.7,-6.2,-4.9,-2.9,-1.2,-0.2,0.2,0.2,-0.0,-2.1,-1.5,-2.3,-4.2,-6.1,-6.7,-5.9,-3.9,653.7,654.4,655.2,655.5,655.1,654.6,653.6,653.4,657.0,654.8,653.0,652.5,653.6,655.4,657.4,655.3,653.2,652.3,652.9,654.7,654.8,654.9,655.2,655.5,655.7,655.6,655.2,654.9,699.0,700.2,701.8,702.9,702.9,701.7,700.1,699.1,699.4,698.7,698.5,699.5,702.0,705.3,708.6,705.1,701.8,699.4,698.3,698.6,700.8,701.3,702.0,702.6,702.6,702.1,701.4,700.9,369.9,31.7,828.0,-0.004,0.098,-0.078
517,0,1656521724.259,0.98,1,-0.087630,0.081290,-0.992831,-0.242974,0.081442,-0.966608,-0.167,0.083,560.3,561.7,565.5,569.4,571.3,570.2,566.1,562.2,554.7,557.4,561.1,565.3,569.4,572.5,574.8,572.5,569.2,565.3,561.3,557.6,564.1,565.9,567.5,568.1,567.3,565.6,563.9,563.3,606.2,607.2,610.5,614.0,615.9,614.9,611.6,607.7,602.7,605.0,608.2,612.0,615.4,617.9,619.5,618.2,615.8,612.8,609.2,605.5,609.5,611.1,612.5,612.9,612.1,610.6,609.1,608.7,232.0,227.9,226.1,227.6,231.5,235.8,237.4,235.9,233.8,231.8,230.4,229.6,230.0,231.4,233.5,234.9,235.5,235.9,235.8,235.2,233.7,234.3,233.5,231.7,230.0,229.4,230.2,232.0,229.9,226.1,224.4,225.7,229.3,233.0,234.8,233.8,232.2,230.0,228.3,227.4,227.9,229.0,230.8,232.2,233.0,233.4,233.4,233.3,231.4,232.0,231.2,229.6,228.0,227.5,228.2,229.9,258.6,260.4,264.8,269.3,271.1,269.7,264.9,260.5,253.9,255.9,259.2,263.5,268.4,272.6,275.9,272.5,268.0,263.5,259.4,256.1,263.2,265.1,267.1,267.8,267.0,265.1,263.2,262.4,330.3,332.0,336.5,341.3,343.4,341.6,337.0,332.1,326.4,328.8,332.3,337.2,342.4,347.0,350.5,347.2,342.8,338.1,333.4,329.3,335.0,337.0,339.0,339.8,338.9,336.8,334.8,334.0,-1.3,-5.7,-7.7,-6.1,-1.8,2.9,4.5,3.0,0.7,-1.4,-3.0,-3.9,-3.4,-1.9,0.4,1.9,2.5,3.0,2.9,2.2,0.6,1.3,0.4,-1.5,-3.4,-4.1,-3.2,-1.3,-3.8,-8.2,-10.2,-8.7,-4.5,-0.1,1.9,0.7,-1.1,-3.7,-5.7,-6.7,-6.2,-4.9,-2.8,-1.1,-0.1,0.3,0.3,0.1,-2.0,-1.4,-2.2,-4.1,-6.0,-6.6,-5.8,-3.8,652.6,653.3,654.1,654.4,654.0,653.5,652.5,652.2,655.9,653.7,651.9,651.4,652.5,654.3,656.3,654.2,652.1,651.2,651.8,653.6,653.7,653.8,654.1,654.4,654.6,654.5,654.1,653.8,699.1,700.3,701.9,703.0,702.9,701.7,700.1,699.1,699.4,698.7,698.6,699.5,702.0,705.4,708.6,705.2,701.9,699.4,698.4,698.7,700.9,701.4,702.1,702.6,702.6,702.2,701.5,700.9,370.3,31.7,828.9,-0.000,0.098,-0.077
518,0,1656521724.292,0.98,1,-0.087081,0.080453,-0.992947,-0.241206,0.079461,-0.967215,-0.166,0.081,560.3,561.7,565.4,569.4,571.3,570.2,566.1,562.1,554.6,557.4,561.0,565.2,569.3,572.5,574.8,572.5,569.1,565.3,561.3,557.6,564.1,565.8,567.5,568.1,567.3,565.5,563.9,563.3,606.1,607.1,610.4,614.0,615.8,614.8,611.6,607.7,602.6,605.0,608.2,612.0,615.4,617.9,619.5,618.1,615.8,612.7,609.1,605.5,609.4,611.0,612.4,612.9,612.1,610.5,609.1,608.6,231.8,227.8,225.9,227.4,231.3,235.7,237.2,235.7,233.7,231.7,230.2,229.4,229.9,231.3,233.3,234.7,235.3,235.7,235.6,235.0,233.5,234.2,233.4,231.6,229.9,229.2,230.0,231.8,229.8,226.0,224.3,225.6,229.2,233.0,234.7,233.7,232.1,229.9,228.2,227.4,227.8,229.0,230.7,232.2,233.0,233.3,233.3,233.2,231.3,231.9,231.2,229.5,228.0,227.4,228.1,229.8,258.1,259.9,264.3,268.8,270.6,269.2,264.4,260.0,253.4,255.4,258.7,263.0,267.9,272.1,275.4,272.0,267.5,263.0,258.9,255.6,262.7,264.6,266.6,267.3,266.5,264.6,262.7,261.9,328.8,330.6,335.1,339.8,341.9,340.2,335.6,330.6,324.9,327.3,330.9,335.8,341.0,345.5,349.0,345.7,341.4,336.6,331.9,327.8,333.5,335.6,337.6,338.3,337.4,335.4,333.4,332.6,-1.5,-5.9,-7.8,-6.2,-2.0,2.7,4.4,2.8,0.5,-1.6,-3.2,-4.1,-3.6,-2.0,0.2,1.7,2.3,2.8,2.7,2.0,0.4,1.1,0.2,-1.7,-3.6,-4.3,-3.4,-1.5,-3.9,-8.3,-10.3,-8.7,-4.6,-0.2,1.8,0.6,-1.2,-3.8,-5.7,-6.7,-6.2,-4.9,-2.8,-1.1,-0.2,0.2,0.2,-0.0,-2.1,-1.4,-2.3,-4.2,-6.0,-6.7,-5.8,-3.9,651.4,652.2,652.9,653.2,652.8,652.3,651.3,651.1,654.8,652.5,650.7,650.2,651.3,653.1,655.1,653.0,650.9,650.0,650.6,652.4,652.5,652.6,652.9,653.3,653.4,653.3,653.0,652.6,696.2,697.4,699.0,700.1,700.1,698.9,697.2,696.2,696.5,695.8,695.7,696.7,699.2,702.5,705.8,702.4,699.0,696.5,695.5,695.7,698.0,698.5,699.2,699.8,699.8,699.3,698.6,698.0,368.8,31.6,825.8,-0.003,0.098,-0.075
519,0,1656521724.325,0.98,1,-0.087579,0.081553,-0.992814,-0.241937,0.080780,-0.966924,-0.167,0.083,560.2,561.6,565.4,569.4,571.2,570.1,566.1,562.1,554.6,557.3,560.9,565.2,569.3,572.5,574.7,572.5,569.1,565.2,561.2,557.5,564.0,565.8,567.4,568.0,567.2,565.5,563.8,563.2,606.2,607.2,610.5,614.1,615.9,614.9,611.6,607.7,602.7,605.1,608.2,612.1,615.5,618.0,619.6,618.2,615.9,612.8,609.2,605.5,609.5,611.1,612.5,613.0,612.2,610.6,609.2,608.7,231.9,227.8,226.0,227.5,231.4,235.7,237.3,235.8,233.8,231.8,230.3,229.5,229.9,231.3,233.4,234.8,235.4,235.8,235.7,235.1,233.6,234.2,233.4,231.6,229.9,229.3,230.1,231.9,229.8,226.1,224.3,225.7,229.3,233.0,234.7,233.7,232.1,229.9,228.2,227.4,227.9,229.0,230.8,232.2,233.0,233.4,233.4,233.2,231.4,232.0,231.2,229.6,228.0,227.4,228.2,229.8,258.0,259.8,264.2,268.6,270.5,269.1,264.3,259.9,253.3,255.3,258.6,262.9,267.7,272.0,275.3,271.9,267.4,262.9,258.8,255.5,262.6,264.5,266.5,267.2,266.4,264.5,262.6,261.8,329.0,330.7,335.3,340.0,342.1,340.3,335.8,330.8,325.1,327.5,331.1,336.0,341.2,345.7,349.2,345.9,341.5,336.8,332.1,328.0,333.7,335.8,337.8,338.5,337.6,335.6,333.6,332.8,-1.4,-5.8,-7.8,-6.2,-1.9,2.8,4.4,2.9,0.6,-1.5,-3.0,-3.9,-3.5,-2.0,0.2,1.8,2.4,2.8,2.8,2.1,0.5,1.2,0.3,-1.6,-3.5,-4.2,-3.3,-1.4,-3.9,-8.2,-10.2,-8.7,-4.5,-0.2,1.8,0.6,-1.2,-3.7,-5.7,-6.6,-6.2,-4.9,-2.8,-1.1,-0.2,0.2,0.2,0.0,-2.1,-1.4,-2.3,-4.2,-6.0,-6.7,-5.8,-3.9,651.3,652.1,652.8,653.1,652.7,652.2,651.2,651.0,654.7,652.5,650.6,650.1,651.2,653.0,655.0,652.9,650.8,649.9,650.5,652.3,652.4,652.5,652.8,653.1,653.3,653.2,652.9,652.5,696.4,697.6,699.2,700.3,700.2,699.0,697.4,696.4,696.7,696.0,695.9,696.8,699.3,702.7,705.9,702.5,699.1,696.7,695.6,695.9,698.2,698.7,699.4,699.9,699.9,699.5,698.7,698.2,369.0,31.7,825.9,-0.004,0.096,-0.075
520,0,1656521724.359,0.98,1,-0.083813,0.081249,-0.993164,-0.241271,0.080516,-0.967112,-0.164,0.082,560.4,561.7,565.5,569.5,571.4,570.2,566.2,562.2,554.7,557.4,561.1,565.3,569.4,572.6,574.9,572.6,569.2,565.4,561.4,557.6,564.2,565.9,567.6,568.2,567.4,565.6,564.0,563.4,606.2,607.2,610.5,614.1,615.9,614.9,611.7,607.8,602.7,605.1,608.2,612.1,615.5,618.0,619.6,618.2,615.9,612.8,609.2,605.6,609.5,611.1,612.5,613.0,612.2,610.6,609.2,608.7,231.9,227.9,226.0,227.5,231.4,235.8,237.3,235.8,233.8,231.8,230.3,229.5,230.0,231.4,233.4,234.8,235.4,235.8,235.7,235.1,233.6,234.3,233.5,231.7,230.0,229.3,230.1,231.9,229.9,226.1,224.4,225.7,229.3,233.0,234.8,233.8,232.2,230.0,228.3,227.4,227.9,229.0,230.8,232.2,233.0,233.4,233.4,233.2,231.4,232.0,231.2,229.6,228.0,227.5,228.2,229.9,258.1,259.9,264.3,268.8,270.6,269.2,264.4,260.0,253.3,255.4,258.7,263.0,267.9,272.1,275.4,272.0,267.5,263.0,258.9,255.6,262.7,264.6,266.6,267.4,266.5,264.6,262.7,261.9,329.7,331.4,336.0,340.7,342.8,341.0,336.4,331.5,325.8,328.2,331.8,336.6,341.9,346.4,349.9,346.6,342.2,337.5,332.8,328.7,334.4,336.4,338.4,339.2,338.3,336.2,334.2,333.4,-1.4,-5.7,-7.7,-6.1,-1.9,2.8,4.5,2.9,0.6,-1.5,-3.1,-3.9,-3.5,-1.9,0.3,1.8,2.4,2.8,2.8,2.1,0.5,1.2,0.3,-1.6,-3.5,-4.2,-3.3,-1.4,-3.8,-8.2,-10.2,-8.7,-4.5,-0.1,1.9,0.7,-1.1,-3.7,-5.7,-6.6,-6.1,-4.8,-2.8,-1.1,-0.2,0.3,0.3,0.1,-2.0,-1.3,-2.2,-4.1,-6.0,-6.6,-5.7,-3.8,651.2,652.0,652.7,653.0,652.7,652.2,651.1,650.9,654.5,652.3,650.5,650.0,651.1,653.0,655.0,652.9,650.8,649.8,650.4,652.2,652.3,652.4,652.7,653.1,653.2,653.1,652.8,652.4,697.7,699.0,700.6,701.7,701.6,700.4,698.8,697.8,698.1,697.4,697.2,698.2,700.7,704.1,707.3,703.9,700.5,698.1,697.0,697.3,699.6,700.0,700.8,701.3,701.3,700.8,700.1,699.6,369.2,31.7,826.4,-0.002,0.094,-0.074
521,0,1656521724.392,0.98,1,-0.084760,0.080525,-0.993142,-0.241218,0.080591,-0.967119,-0.165,0.082,560.3,561.7,565.5,569.5,571.3,570.2,566.2,562.2,554.7,557.4,561.0,565.3,569.4,572.6,574.8,572.5,569.2,565.3,561.3,557.6,564.1,565.9,567.5,568.1,567.3,565.6,563.9,563.3,606.2,607.2,610.5,614.1,615.9,614.9,611.6,607.7,602.7,605.0,608.2,612.0,615.5,618.0,619.6,618.2,615.9,612.8,609.2,605.5,609.5,611.1,612.5,612.9,612.1,610.6,609.1,608.7,232.0,228.0,226.1,227.6,231.5,235.9,237.4,235.9,233.9,231.9,230.4,229.6,230.0,231.4,233.5,234.9,235.5,235.9,235.9,235.3,233.7,234.3,233.5,231.8,230.1,229.4,230.2,232.0,229.8,226.1,224.4,225.7,229.2,233.0,234.7,233.7,232.2,229.9,228.2,227.4,227.8,228.9,230.7,232.2,233.0,233.4,233.4,233.2,231.4,232.0,231.2,229.6,228.0,227.4,228.2,229.8,257.7,259.5,263.9,268.3,270.2,268.8,264.0,259.6,252.9,255.0,258.3,262.6,267.5,271.7,275.0,271.6,267.1,262.6,258.5,255.2,262.3,264.2,266.2,266.9,266.1,264.2,262.3,261.5,329.0,330.7,335.3,340.0,342.1,340.4,335.8,330.8,325.1,327.5,331.1,336.0,341.2,345.7,349.2,345.9,341.5,336.8,332.1,328.0,333.7,335.8,337.8,338.5,337.6,335.5,333.5,332.8,-1.2,-5.6,-7.6,-6.0,-1.8,2.9,4.6,3.0,0.8,-1.4,-3.0,-3.9,-3.4,-1.9,0.4,1.9,2.6,3.0,2.9,2.3,0.6,1.3,0.4,-1.5,-3.4,-4.1,-3.2,-1.3,-3.8,-8.2,-10.2,-8.7,-4.5,-0.2,1.8,0.7,-1.1,-3.7,-5.7,-6.7,-6.2,-4.9,-2.8,-1.1,-0.2,0.3,0.3,0.1,-2.1,-1.4,-2.3,-4.2,-6.0,-6.7,-5.8,-3.9,650.3,651.1,651.8,652.1,651.8,651.3,650.3,650.0,653.6,651.4,649.6,649.1,650.2,652.1,654.1,652.0,649.9,648.9,649.5,651.3,651.4,651.5,651.9,652.2,652.4,652.2,651.9,651.6,696.4,697.6,699.2,700.3,700.3,699.1,697.5,696.5,696.7,696.0,695.9,696.9,699.4,702.7,706.0,702.6,699.2,696.8,695.7,696.0,698.2,698.7,699.4,700.0,700.0,699.5,698.8,698.3,369.8,31.7,827.9,-0.001,0.096,-0.077
522,0,1656521724.425,0.98,1,-0.090068,0.081700,-0.992579,-0.243384,0.081388,-0.966509,-0.169,0.083,560.2,561.6,565.4,569.4,571.2,570.1,566.1,562.1,554.6,557.3,561.0,565.2,569.3,572.5,574.8,572.5,569.1,565.2,561.2,557.5,564.1,565.8,567.5,568.0,567.2,565.5,563.8,563.2,606.1,607.1,610.3,613.9,615.8,614.8,611.5,607.7,602.6,604.9,608.1,611.9,615.4,617.9,619.5,618.1,615.8,612.7,609.1,605.4,609.4,611.0,612.4,612.8,612.0,610.5,609.0,608.6,232.0,228.0,226.1,227.6,231.5,235.8,237.4,235.9,233.9,231.9,230.4,229.6,230.0,231.4,233.5,234.9,235.5,235.9,235.8,235.3,233.7,234.3,233.5,231.7,230.0,229.4,230.2,232.0,229.7,226.0,224.2,225.5,229.1,232.9,234.6,233.6,232.1,229.8,228.1,227.3,227.7,228.8,230.6,232.0,232.8,233.2,233.3,233.1,231.3,231.8,231.1,229.4,227.9,227.3,228.1,229.7,258.7,260.4,264.8,269.2,271.1,269.7,265.0,260.5,253.9,256.0,259.2,263.5,268.4,272.6,275.9,272.6,268.0,263.5,259.4,256.2,263.2,265.2,267.1,267.9,267.0,265.1,263.2,262.4,329.2,330.9,335.4,340.2,342.3,340.5,336.0,331.0,325.3,327.7,331.2,336.1,341.3,345.9,349.4,346.1,341.7,337.0,332.3,328.2,333.9,335.9,337.9,338.7,337.8,335.7,333.7,332.9,-1.2,-5.6,-7.7,-6.1,-1.9,2.9,4.5,3.0,0.8,-1.4,-3.0,-3.9,-3.4,-1.9,0.3,1.9,2.5,3.0,2.9,2.3,0.6,1.3,0.4,-1.5,-3.4,-4.1,-3.2,-1.3,-4.0,-8.3,-10.4,-8.9,-4.7,-0.4,1.7,0.5,-1.2,-3.8,-5.8,-6.8,-6.4,-5.1,-3.0,-1.3,-0.4,0.1,0.1,-0.1,-2.2,-1.5,-2.4,-4.3,-6.2,-6.8,-5.9,-4.0,652.9,653.6,654.3,654.6,654.2,653.7,652.8,652.5,656.2,654.0,652.2,651.6,652.7,654.5,656.5,654.4,652.3,651.4,652.0,653.9,653.9,654.0,654.3,654.7,654.8,654.7,654.4,654.1,697.0,698.2,699.8,700.9,700.9,699.7,698.1,697.1,697.4,696.7,696.5,697.5,700.0,703.3,706.6,703.2,699.8,697.4,696.3,696.6,698.9,699.3,700.1,700.6,700.6,700.1,699.4,698.9,369.9,31.7,827.8,-0.001,0.101,-0.081
523,0,1656521724.459,0.98,1,-0.087009,0.078863,-0.993081,-0.243675,0.078690,-0.966659,-0.167,0.080,560.3,561.6,565.4,569.4,571.3,570.2,566.1,562.1,554.6,557.3,561.0,565.2,569.3,572.5,574.8,572.5,569.1,565.3,561.3,557.5,564.1,565.8,567.5,568.1,567.3,565.5,563.9,563.3,606.1,607.1,610.4,614.0,615.9,614.9,611.6,607.7,602.6,605.0,608.1,612.0,615.4,617.9,619.5,618.2,615.8,612.8,609.1,605.5,609.5,611.0,612.5,612.9,612.1,610.5,609.1,608.6,231.9,227.9,226.0,227.5,231.4,235.8,237.3,235.8,233.8,231.8,230.3,229.5,229.9,231.4,233.5,234.9,235.4,235.8,235.8,235.2,233.6,234.3,233.5,231.7,230.0,229.3,230.1,231.9,229.8,226.0,224.3,225.6,229.2,233.0,234.7,233.7,232.1,229.9,228.2,227.3,227.8,228.9,230.7,232.2,233.0,233.4,233.4,233.2,231.3,231.9,231.2,229.5,227.9,227.4,228.1,229.8,257.5,259.3,263.7,268.1,270.0,268.6,263.8,259.4,252.7,254.8,258.1,262.4,267.3,271.5,274.8,271.4,266.9,262.4,258.3,255.0,262.1,264.0,265.9,266.7,265.9,264.0,262.1,261.3,328.4,330.2,334.7,339.4,341.5,339.8,335.2,330.3,324.6,326.9,330.5,335.4,340.6,345.2,348.6,345.3,341.0,336.3,331.6,327.5,333.1,335.2,337.2,338.0,337.0,335.0,333.0,332.2,-1.3,-5.7,-7.7,-6.1,-1.9,2.8,4.5,2.9,0.7,-1.5,-3.1,-4.0,-3.5,-1.9,0.3,1.8,2.5,2.9,2.8,2.2,0.5,1.2,0.3,-1.6,-3.4,-4.1,-3.3,-1.3,-3.9,-8.3,-10.3,-8.8,-4.6,-0.2,1.8,0.6,-1.2,-3.8,-5.8,-6.8,-6.3,-5.0,-2.9,-1.2,-0.2,0.2,0.2,0.0,-2.1,-1.5,-2.3,-4.2,-6.1,-6.7,-5.8,-3.9,649.9,650.7,651.5,651.7,651.4,650.9,649.9,649.6,653.3,651.1,649.3,648.7,649.8,651.7,653.7,651.6,649.5,648.5,649.1,650.9,651.0,651.1,651.5,651.8,652.0,651.8,651.5,651.2,695.4,696.6,698.2,699.3,699.2,698.0,696.4,695.4,695.7,695.0,694.9,695.8,698.4,701.7,704.9,701.5,698.1,695.7,694.7,695.0,697.2,697.7,698.4,698.9,699.0,698.5,697.8,697.2,369.7,31.7,827.5,-0.002,0.099,-0.078
524,0,1656521724.492,0.98,1,-0.089954,0.082180,-0.992550,-0.243656,0.081399,-0.966440,-0.169,0.083,560.3,561.7,565.4,569.4,571.3,570.2,566.1,562.2,554.7,557.4,561.1,565.2,569.3,572.5,574.8,572.5,569.1,565.3,561.3,557.6,564.1,565.9,567.5,568.1,567.3,565.6,563.9,563.3,606.1,607.1,610.4,614.0,615.8,614.8,611.6,607.7,602.7,605.0,608.1,612.0,615.4,617.9,619.5,618.1,615.8,612.7,609.1,605.5,609.4,611.0,612.4,612.9,612.1,610.5,609.1,608.6,231.9,227.9,226.1,227.5,231.4,235.7,237.3,235.8,233.8,231.8,230.3,229.5,229.9,231.4,233.4,234.8,235.4,235.8,235.7,235.2,233.6,234.2,233.4,231.7,230.0,229.3,230.1,231.9,229.7,226.0,224.3,225.6,229.1,232.9,234.6,233.6,232.1,229.8,228.1,227.3,227.7,228.8,230.6,232.1,232.9,233.2,233.3,233.1,231.3,231.8,231.1,229.4,227.9,227.3,228.1,229.7,259.6,261.3,265.7,270.2,272.0,270.6,265.8,261.4,254.8,256.9,260.1,264.4,269.3,273.5,276.8,273.4,268.9,264.4,260.3,257.0,264.1,266.0,268.0,268.8,267.9,266.0,264.1,263.3,330.3,332.0,336.6,341.3,343.4,341.7,337.1,332.1,326.5,328.8,332.4,337.3,342.5,347.0,350.5,347.2,342.9,338.1,333.5,329.4,335.0,337.1,339.1,339.8,338.9,336.9,334.9,334.1,-1.3,-5.7,-7.7,-6.2,-1.9,2.8,4.5,2.9,0.7,-1.5,-3.1,-4.0,-3.5,-2.0,0.3,1.8,2.4,2.9,2.8,2.2,0.5,1.2,0.3,-1.6,-3.5,-4.2,-3.3,-1.4,-4.0,-8.4,-10.4,-8.9,-4.7,-0.3,1.7,0.5,-1.3,-3.9,-5.8,-6.8,-6.4,-5.1,-3.0,-1.3,-0.4,0.1,0.1,-0.1,-2.2,-1.6,-2.4,-4.3,-6.2,-6.8,-5.9,-4.0,654.9,655.6,656.3,656.6,656.2,655.8,654.8,654.5,658.2,656.0,654.2,653.6,654.7,656.5,658.5,656.4,654.3,653.4,654.0,655.9,655.9,656.0,656.3,656.7,656.8,656.7,656.4,656.1,699.3,700.5,702.1,703.2,703.2,702.0,700.4,699.4,699.7,699.0,698.8,699.8,702.3,705.6,708.9,705.4,702.1,699.7,698.6,698.9,701.1,701.6,702.3,702.9,702.9,702.4,701.7,701.2,370.1,31.7,828.3,0.000,0.100,-0.080
525,0,1656521724.526,0.98,1,-0.092311,0.085578,-0.992046,-0.244239,0.084145,-0.966057,-0.170,0.086,560.4,561.7,565.5,569.5,571.3,570.2,566.2,562.2,554.8,557.5,561.1,565.3,569.4,572.6,574.8,572.5,569.2,565.3,561.4,557.7,564.2,565.9,567.5,568.1,567.3,565.6,564.0,563.4,606.1,607.2,610.4,614.0,615.8,614.8,611.6,607.7,602.7,605.0,608.1,612.0,615.4,617.9,619.5,618.1,615.8,612.7,609.1,605.5,609.4,611.0,612.4,612.9,612.1,610.5,609.1,608.6,231.9,227.9,226.1,227.5,231.4,235.7,237.3,235.8,233.8,231.8,230.3,229.5,229.9,231.3,233.4,234.8,235.4,235.8,235.8,235.2,233.6,234.2,233.4,231.7,230.0,229.3,230.1,231.9,229.7,226.0,224.2,225.5,229.1,232.9,234.6,233.6,232.1,229.8,228.1,227.3,227.7,228.8,230.6,232.1,232.9,233.3,233.3,233.1,231.3,231.8,231.1,229.4,227.9,227.3,228.1,229.7,259.9,261.7,266.0,270.4,272.3,270.9,266.2,261.8,255.2,257.2,260.4,264.7,269.6,273.8,277.1,273.8,269.2,264.7,260.6,257.4,264.4,266.4,268.3,269.1,268.3,266.3,264.4,263.6,329.9,331.7,336.2,340.9,343.0,341.3,336.7,331.8,326.1,328.4,332.0,336.9,342.1,346.7,350.1,346.8,342.5,337.8,333.1,329.0,334.6,336.7,338.7,339.5,338.5,336.5,334.5,333.7,-1.3,-5.7,-7.7,-6.2,-1.9,2.8,4.5,2.9,0.7,-1.5,-3.1,-4.0,-3.5,-2.0,0.3,1.8,2.5,2.9,2.8,2.2,0.5,1.2,0.3,-1.6,-3.5,-4.2,-3.3,-1.4,-4.0,-8.4,-10.4,-8.9,-4.7,-0.3,1.7,0.5,-1.3,-3.9,-5.8,-6.8,-6.4,-5.1,-3.0,-1.3,-0.3,0.1,0.1,-0.1,-2.2,-1.6,-2.4,-4.3,-6.2,-6.8,-5.9,-4.0,655.6,656.3,657.0,657.2,656.9,656.5,655.5,655.3,659.0,656.7,654.9,654.3,655.4,657.2,659.2,657.1,655.1,654.2,654.8,656.6,656.6,656.7,657.0,657.4,657.5,657.4,657.1,656.8,698.5,699.7,701.3,702.4,702.4,701.2,699.6,698.6,698.9,698.2,698.0,699.0,701.5,704.8,708.1,704.7,701.3,698.9,697.8,698.1,700.4,700.9,701.6,702.1,702.1,701.6,700.9,700.4,370.4,31.7,828.8,0.004,0.104,-0.083
526,0,1656521724.559,0.98,1,-0.094441,0.082829,-0.992079,-0.245744,0.081302,-0.965919,-0.172,0.084,560.3,561.6,565.4,569.4,571.3,570.1,566.1,562.1,554.7,557.4,561.0,565.2,569.3,572.5,574.8,572.5,569.1,565.3,561.3,557.6,564.1,565.8,567.5,568.1,567.3,565.5,563.9,563.3,606.1,607.1,610.4,614.0,615.8,614.8,611.6,607.7,602.6,605.0,608.1,612.0,615.4,617.9,619.5,618.1,615.8,612.7,609.1,605.5,609.4,611.0,612.4,612.9,612.1,610.5,609.1,608.6,232.0,227.9,226.1,227.5,231.4,235.8,237.3,235.8,233.8,231.8,230.3,229.5,230.0,231.4,233.4,234.9,235.5,235.9,235.8,235.2,233.6,234.3,233.5,231.7,230.0,229.4,230.2,231.9,229.8,226.0,224.3,225.6,229.2,232.9,234.7,233.7,232.1,229.9,228.2,227.3,227.7,228.9,230.7,232.1,232.9,233.3,233.3,233.1,231.3,231.9,231.1,229.5,227.9,227.3,228.1,229.7,258.8,260.5,264.9,269.3,271.2,269.8,265.0,260.6,254.0,256.1,259.3,263.6,268.5,272.7,276.0,272.6,268.1,263.6,259.5,256.2,263.3,265.2,267.2,267.9,267.1,265.2,263.3,262.5,328.6,330.4,334.9,339.6,341.7,340.0,335.4,330.4,324.8,327.1,330.7,335.6,340.8,345.4,348.8,345.5,341.2,336.4,331.8,327.7,333.3,335.4,337.4,338.2,337.2,335.2,333.2,332.4,-1.3,-5.7,-7.7,-6.1,-1.9,2.8,4.5,2.9,0.7,-1.5,-3.0,-3.9,-3.5,-1.9,0.3,1.8,2.5,2.9,2.8,2.2,0.5,1.2,0.3,-1.6,-3.4,-4.1,-3.3,-1.3,-3.9,-8.3,-10.3,-8.8,-4.6,-0.3,1.7,0.6,-1.2,-3.8,-5.8,-6.8,-6.3,-5.0,-2.9,-1.2,-0.3,0.2,0.2,-0.0,-2.1,-1.5,-2.4,-4.3,-6.1,-6.8,-5.9,-4.0,653.0,653.7,654.4,654.7,654.3,653.8,652.9,652.6,656.4,654.1,652.3,651.7,652.8,654.6,656.5,654.5,652.4,651.5,652.2,654.0,654.0,654.1,654.4,654.7,654.9,654.8,654.5,654.2,695.8,697.0,698.6,699.7,699.7,698.5,696.9,695.9,696.1,695.4,695.3,696.3,698.8,702.1,705.4,701.9,698.6,696.2,695.1,695.4,697.6,698.1,698.8,699.4,699.4,698.9,698.2,697.7,369.5,31.6,826.8,0.003,0.107,-0.082
527,0,1656521724.592,0.98,1,-0.091430,0.082415,-0.992395,-0.244446,0.081501,-0.966232,-0.170,0.083,560.4,561.7,565.5,569.5,571.4,570.3,566.2,562.2,554.8,557.5,561.1,565.3,569.4,572.6,574.9,572.6,569.2,565.4,561.4,557.7,564.2,565.9,567.6,568.2,567.4,565.6,564.0,563.4,606.2,607.2,610.5,614.1,615.9,614.9,611.7,607.8,602.7,605.1,608.2,612.1,615.5,618.0,619.6,618.2,615.9,612.8,609.2,605.6,609.5,611.1,612.5,613.0,612.2,610.6,609.2,608.7,232.0,228.0,226.2,227.6,231.5,235.9,237.4,236.0,233.9,231.9,230.4,229.6,230.0,231.5,233.6,235.0,235.6,236.0,235.9,235.3,233.7,234.4,233.6,231.8,230.1,229.4,230.2,232.0,229.9,226.1,224.4,225.7,229.3,233.1,234.8,233.8,232.3,230.0,228.3,227.4,227.8,229.0,230.8,232.3,233.1,233.5,233.5,233.3,231.4,232.0,231.3,229.6,228.0,227.5,228.2,229.9,257.9,259.7,264.1,268.5,270.4,269.0,264.2,259.8,253.2,255.2,258.5,262.8,267.6,271.9,275.1,271.8,267.3,262.7,258.7,255.4,262.5,264.4,266.3,267.1,266.3,264.4,262.4,261.7,328.6,330.3,334.8,339.5,341.7,339.9,335.3,330.4,324.7,327.0,330.6,335.5,340.7,345.3,348.7,345.4,341.1,336.4,331.7,327.6,333.3,335.3,337.3,338.1,337.1,335.1,333.1,332.3,-1.2,-5.6,-7.6,-6.0,-1.8,3.0,4.6,3.0,0.8,-1.4,-3.0,-3.8,-3.4,-1.8,0.4,2.0,2.6,3.0,3.0,2.3,0.6,1.3,0.4,-1.5,-3.3,-4.0,-3.2,-1.2,-3.8,-8.1,-10.2,-8.7,-4.5,-0.1,1.9,0.7,-1.0,-3.7,-5.7,-6.6,-6.2,-4.9,-2.8,-1.1,-0.1,0.4,0.4,0.2,-2.0,-1.3,-2.2,-4.1,-5.9,-6.6,-5.7,-3.8,650.6,651.4,652.1,652.3,652.0,651.5,650.5,650.3,654.0,651.8,649.9,649.4,650.4,652.3,654.2,652.2,650.1,649.2,649.8,651.6,651.7,651.8,652.1,652.4,652.6,652.5,652.1,651.8,695.4,696.5,698.2,699.3,699.3,698.1,696.5,695.5,695.7,695.0,694.9,695.8,698.4,701.7,705.0,701.5,698.2,695.8,694.7,695.0,697.2,697.7,698.4,698.9,698.9,698.5,697.8,697.2,370.7,31.7,829.3,0.004,0.105,-0.082
528,0,1656521724.626,0.98,1,-0.088888,0.084544,-0.992447,-0.241761,0.083905,-0.966701,-0.167,0.086,560.4,561.8,565.6,569.6,571.4,570.3,566.3,562.3,554.8,557.5,561.2,565.4,569.5,572.7,574.9,572.6,569.3,565.4,561.4,557.7,564.3,566.0,567.7,568.2,567.4,565.7,564.0,563.5,606.3,607.3,610.5,614.1,616.0,615.0,611.7,607.8,602.8,605.1,608.3,612.1,615.5,618.0,619.6,618.2,615.9,612.9,609.3,605.6,609.6,611.2,612.6,613.0,612.2,610.6,609.2,608.8,232.0,228.0,226.1,227.6,231.5,235.8,237.4,235.9,233.8,231.8,230.4,229.6,230.0,231.4,233.5,234.9,235.5,235.9,235.9,235.3,233.7,234.3,233.5,231.8,230.1,229.4,230.2,232.0,229.8,226.1,224.4,225.7,229.2,233.0,234.7,233.7,232.2,229.9,228.2,227.4,227.8,228.9,230.7,232.2,233.0,233.4,233.4,233.2,231.4,231.9,231.2,229.6,228.0,227.4,228.2,229.8,259.0,260.7,265.1,269.6,271.4,270.0,265.2,260.8,254.2,256.3,259.5,263.8,268.7,272.9,276.2,272.8,268.3,263.8,259.7,256.4,263.5,265.5,267.4,268.2,267.3,265.4,263.5,262.7,329.5,331.3,335.8,340.5,342.7,340.9,336.3,331.4,325.7,328.0,331.6,336.5,341.7,346.3,349.7,346.4,342.1,337.4,332.7,328.6,334.2,336.3,338.3,339.1,338.1,336.1,334.1,333.3,-1.3,-5.6,-7.6,-6.1,-1.8,2.9,4.6,3.0,0.8,-1.4,-3.0,-3.9,-3.4,-1.9,0.4,1.9,2.6,3.0,2.9,2.3,0.6,1.3,0.4,-1.5,-3.4,-4.1,-3.2,-1.3,-3.9,-8.2,-10.2,-8.7,-4.6,-0.2,1.8,0.7,-1.1,-3.7,-5.7,-6.7,-6.2,-4.9,-2.9,-1.1,-0.2,0.3,0.3,0.1,-2.1,-1.4,-2.3,-4.2,-6.0,-6.7,-5.8,-3.9,653.0,653.8,654.5,654.8,654.4,654.0,653.0,652.7,656.4,654.1,652.3,651.8,652.9,654.7,656.7,654.6,652.5,651.6,652.2,654.0,654.1,654.2,654.5,654.9,655.0,654.9,654.6,654.2,697.3,698.5,700.1,701.3,701.3,700.1,698.5,697.4,697.7,697.0,696.8,697.8,700.4,703.7,707.0,703.6,700.2,697.8,696.7,696.9,699.2,699.7,700.4,700.9,700.9,700.4,699.7,699.2,369.9,31.6,827.5,0.005,0.100,-0.081
529,0,1656521724.659,0.98,1,-0.091325,0.085504,-0.992144,-0.243160,0.084089,-0.966334,-0.169,0.086,560.5,561.9,565.6,569.6,571.4,570.3,566.3,562.3,554.9,557.6,561.2,565.4,569.5,572.7,574.9,572.7,569.3,565.4,561.5,557.8,564.3,566.0,567.7,568.3,567.5,565.7,564.1,563.5,606.3,607.3,610.5,614.1,615.9,614.9,611.7,607.8,602.8,605.1,608.3,612.1,615.5,618.0,619.6,618.2,615.9,612.8,609.2,605.6,609.6,611.1,612.5,613.0,612.2,610.6,609.2,608.8,231.9,227.9,226.1,227.5,231.4,235.8,237.3,235.8,233.8,231.8,230.3,229.5,230.0,231.4,233.5,234.9,235.4,235.8,235.8,235.2,233.6,234.3,233.5,231.7,230.0,229.4,230.1,231.9,229.9,226.1,224.4,225.7,229.3,233.0,234.8,233.8,232.2,230.0,228.3,227.4,227.9,229.0,230.8,232.2,233.0,233.4,233.4,233.2,231.4,232.0,231.2,229.6,228.0,227.5,228.2,229.8,259.8,261.6,266.0,270.4,272.3,270.9,266.1,261.7,255.1,257.1,260.4,264.7,269.5,273.8,277.0,273.7,269.2,264.6,260.6,257.3,264.4,266.3,268.2,269.0,268.2,266.3,264.3,263.6,330.3,332.1,336.6,341.3,343.4,341.7,337.1,332.1,326.4,328.8,332.4,337.3,342.5,347.0,350.5,347.2,342.9,338.1,333.5,329.3,335.0,337.1,339.1,339.8,338.9,336.9,334.9,334.1,-1.3,-5.7,-7.7,-6.1,-1.9,2.8,4.5,2.9,0.6,-1.5,-3.1,-3.9,-3.5,-1.9,0.3,1.8,2.5,2.9,2.8,2.2,0.5,1.2,0.3,-1.6,-3.5,-4.1,-3.3,-1.4,-3.8,-8.2,-10.2,-8.7,-4.5,-0.1,1.9,0.7,-1.1,-3.7,-5.7,-6.6,-6.2,-4.9,-2.8,-1.1,-0.2,0.3,0.3,0.1,-2.0,-1.4,-2.2,-4.2,-6.0,-6.6,-5.8,-3.9,655.1,655.8,656.5,656.8,656.4,656.0,655.0,654.7,658.4,656.2,654.4,653.8,654.9,656.7,658.7,656.6,654.5,653.6,654.2,656.1,656.1,656.2,656.5,656.9,657.0,656.9,656.6,656.3,699.0,700.2,701.8,703.0,702.9,701.8,700.1,699.1,699.4,698.7,698.5,699.5,702.0,705.4,708.7,705.2,701.9,699.4,698.4,698.6,700.9,701.4,702.1,702.6,702.6,702.1,701.4,700.9,370.0,31.7,827.6,0.005,0.103,-0.079
530,0,1656521724.692,0.98,1,-0.085917,0.082530,-0.992878,-0.239229,0.082033,-0.967492,-0.164,0.084,560.5,561.8,565.6,569.6,571.4,570.3,566.3,562.3,554.8,557.6,561.2,565.4,569.5,572.7,574.9,572.6,569.3,565.4,561.5,557.7,564.3,566.0,567.6,568.2,567.4,565.7,564.0,563.5,606.3,607.3,610.5,614.1,615.9,614.9,611.7,607.8,602.8,605.1,608.3,612.1,615.5,618.0,619.6,618.2,615.9,612.9,609.3,605.6,609.6,611.1,612.6,613.0,612.2,610.6,609.2,608.8,231.9,227.9,226.1,227.6,231.5,235.8,237.3,235.8,233.8,231.8,230.4,229.6,230.0,231.4,233.5,234.9,235.4,235.8,235.8,235.2,233.6,234.3,233.5,231.7,230.0,229.4,230.2,231.9,229.9,226.1,224.4,225.8,229.3,233.1,234.8,233.8,232.2,230.0,228.3,227.5,227.9,229.0,230.8,232.3,233.0,233.4,233.4,233.2,231.4,232.0,231.3,229.6,228.1,227.5,228.2,229.9,259.7,261.5,265.9,270.3,272.1,270.7,265.9,261.5,254.8,256.9,260.2,264.5,269.4,273.6,276.9,273.6,269.0,264.5,260.4,257.1,264.2,266.1,268.1,268.9,268.1,266.1,264.2,263.4,330.6,332.3,336.9,341.6,343.7,342.0,337.4,332.4,326.7,329.1,332.7,337.6,342.8,347.3,350.8,347.5,343.1,338.4,333.7,329.6,335.3,337.4,339.4,340.1,339.2,337.1,335.1,334.4,-1.3,-5.7,-7.7,-6.1,-1.9,2.9,4.5,2.9,0.7,-1.5,-3.0,-3.9,-3.4,-1.9,0.4,1.9,2.5,2.9,2.8,2.2,0.5,1.2,0.4,-1.6,-3.4,-4.1,-3.3,-1.3,-3.8,-8.2,-10.2,-8.7,-4.5,-0.1,1.9,0.7,-1.1,-3.7,-5.6,-6.6,-6.1,-4.8,-2.7,-1.0,-0.1,0.3,0.3,0.1,-2.0,-1.3,-2.2,-4.1,-5.9,-6.6,-5.7,-3.8,654.7,655.5,656.3,656.6,656.2,655.7,654.7,654.4,658.0,655.8,654.1,653.5,654.7,656.5,658.5,656.4,654.3,653.3,653.9,655.7,655.8,655.9,656.3,656.6,656.8,656.6,656.3,656.0,699.6,700.8,702.4,703.5,703.5,702.3,700.6,699.6,699.9,699.2,699.1,700.1,702.6,705.9,709.2,705.8,702.4,699.9,698.9,699.1,701.4,701.9,702.6,703.2,703.2,702.7,702.0,701.4,368.5,31.6,824.4,0.001,0.095,-0.076
531,0,1656521724.726,0.98,1,-0.090134,0.083480,-0.992425,-0.244086,0.082617,-0.966228,-0.169,0.085,560.4,561.8,565.6,569.6,571.4,570.3,566.3,562.3,554.8,557.5,561.2,565.4,569.5,572.7,574.9,572.6,569.3,565.4,561.4,557.7,564.3,566.0,567.6,568.2,567.4,565.7,564.0,563.4,606.3,607.3,610.6,614.2,616.0,615.0,611.7,607.8,602.8,605.2,608.3,612.1,615.6,618.1,619.7,618.3,616.0,612.9,609.3,605.6,609.6,611.2,612.6,613.1,612.3,610.7,609.3,608.8,232.0,228.0,226.1,227.6,231.5,235.8,237.4,235.9,233.9,231.9,230.4,229.6,230.0,231.5,233.5,234.9,235.5,235.9,235.9,235.3,233.7,234.3,233.5,231.8,230.1,229.4,230.2,232.0,229.9,226.2,224.5,225.8,229.4,233.1,234.8,233.8,232.3,230.0,228.4,227.5,228.0,229.1,230.9,232.3,233.1,233.5,233.5,233.3,231.5,232.1,231.3,229.7,228.1,227.5,228.3,229.9,259.1,260.9,265.3,269.7,271.6,270.2,265.4,261.0,254.3,256.4,259.6,263.9,268.8,273.0,276.3,273.0,268.5,263.9,259.9,256.6,263.7,265.6,267.5,268.3,267.5,265.5,263.6,262.8,329.9,331.7,336.2,340.9,343.0,341.3,336.7,331.7,326.0,328.4,332.0,336.9,342.1,346.6,350.1,346.8,342.4,337.7,333.0,328.9,334.6,336.7,338.7,339.4,338.5,336.5,334.5,333.7,-1.2,-5.6,-7.6,-6.0,-1.8,2.9,4.6,3.0,0.8,-1.4,-3.0,-3.9,-3.4,-1.9,0.4,1.9,2.6,3.0,2.9,2.3,0.6,1.3,0.4,-1.5,-3.4,-4.1,-3.2,-1.3,-3.7,-8.1,-10.1,-8.6,-4.4,-0.0,2.0,0.8,-1.0,-3.6,-5.6,-6.5,-6.0,-4.8,-2.7,-1.0,-0.0,0.4,0.4,0.2,-1.9,-1.3,-2.1,-4.0,-5.9,-6.5,-5.7,-3.8,653.4,654.1,654.8,655.1,654.8,654.3,653.3,653.0,656.8,654.5,652.7,652.1,653.2,655.0,657.0,655.0,652.9,652.0,652.6,654.4,654.4,654.6,654.9,655.2,655.3,655.2,654.9,654.6,698.1,699.3,700.9,702.0,701.9,700.7,699.1,698.2,698.4,697.7,697.6,698.5,701.0,704.4,707.6,704.2,700.9,698.4,697.4,697.7,699.9,700.4,701.1,701.6,701.6,701.2,700.5,699.9,370.4,31.8,828.6,0.001,0.100,-0.076
532,0,1656521724.759,0.98,1,-0.089023,0.078880,-0.992901,-0.241542,0.078058,-0.967246,-0.167,0.080,560.4,561.8,565.6,569.6,571.4,570.3,566.2,562.3,554.8,557.5,561.1,565.4,569.5,572.7,574.9,572.6,569.3,565.4,561.4,557.7,564.2,566.0,567.6,568.2,567.4,565.7,564.0,563.4,606.3,607.4,610.6,614.2,616.1,615.0,611.8,607.9,602.8,605.2,608.4,612.2,615.6,618.1,619.7,618.3,616.0,613.0,609.3,605.7,609.6,611.2,612.6,613.1,612.3,610.7,609.3,608.8,232.0,227.9,226.1,227.5,231.4,235.8,237.3,235.9,233.8,231.8,230.4,229.5,230.0,231.4,233.5,234.9,235.5,235.8,235.8,235.2,233.6,234.3,233.5,231.7,230.0,229.4,230.2,231.9,229.9,226.2,224.5,225.8,229.4,233.2,234.9,233.9,232.3,230.1,228.4,227.5,228.0,229.1,231.0,232.4,233.2,233.5,233.5,233.3,231.5,232.1,231.4,229.7,228.1,227.6,228.3,229.9,258.4,260.2,264.6,269.1,270.9,269.5,264.7,260.3,253.7,255.7,259.0,263.3,268.2,272.4,275.7,272.3,267.8,263.3,259.2,255.9,263.0,264.9,266.9,267.6,266.8,264.9,263.0,262.2,328.6,330.4,334.9,339.7,341.7,340.0,335.4,330.4,324.7,327.1,330.7,335.6,340.8,345.4,348.8,345.5,341.2,336.4,331.7,327.6,333.3,335.4,337.4,338.1,337.2,335.2,333.2,332.4,-1.3,-5.7,-7.7,-6.1,-1.9,2.9,4.5,2.9,0.7,-1.5,-3.0,-3.9,-3.4,-1.9,0.3,1.8,2.5,2.9,2.8,2.2,0.5,1.2,0.3,-1.6,-3.4,-4.1,-3.3,-1.3,-3.7,-8.1,-10.1,-8.5,-4.3,0.0,2.0,0.8,-1.0,-3.6,-5.5,-6.5,-6.0,-4.7,-2.6,-0.9,-0.0,0.4,0.4,0.2,-1.9,-1.2,-2.1,-4.0,-5.8,-6.5,-5.6,-3.7,651.8,652.6,653.3,653.6,653.2,652.7,651.7,651.5,655.2,653.0,651.2,650.6,651.7,653.5,655.5,653.4,651.3,650.4,651.0,652.8,652.9,653.0,653.3,653.7,653.8,653.7,653.4,653.0,695.3,696.5,698.1,699.2,699.2,698.0,696.3,695.3,695.6,694.9,694.8,695.8,698.3,701.6,704.9,701.4,698.1,695.6,694.6,694.8,697.1,697.6,698.3,698.8,698.9,698.4,697.7,697.1,369.0,31.8,825.5,-0.006,0.099,-0.075
533,0,1656521724.793,0.98,1,-0.086907,0.078961,-0.993082,-0.242404,0.079112,-0.966945,-0.166,0.080,560.5,561.8,565.6,569.6,571.5,570.4,566.3,562.3,554.9,557.6,561.2,565.4,569.5,572.7,575.0,572.7,569.3,565.5,561.5,557.8,564.3,566.0,567.7,568.3,567.5,565.7,564.1,563.5,606.3,607.3,610.6,614.2,616.0,615.0,611.7,607.9,602.9,605.2,608.3,612.2,615.6,618.1,619.7,618.3,616.0,612.9,609.3,605.7,609.6,611.2,612.6,613.1,612.3,610.7,609.3,608.8,232.0,227.9,226.1,227.5,231.4,235.8,237.3,235.9,233.8,231.8,230.4,229.6,230.0,231.4,233.4,234.8,235.4,235.8,235.8,235.2,233.6,234.3,233.5,231.7,230.0,229.4,230.2,231.9,229.9,226.2,224.5,225.8,229.3,233.1,234.8,233.8,232.2,230.0,228.3,227.5,227.9,229.1,230.9,232.3,233.1,233.5,233.4,233.3,231.4,232.0,231.3,229.6,228.1,227.5,228.3,229.9,259.0,260.8,265.2,269.6,271.5,270.1,265.3,260.9,254.2,256.3,259.5,263.9,268.7,273.0,276.2,272.9,268.4,263.8,259.8,256.5,263.6,265.5,267.4,268.2,267.4,265.4,263.5,262.7,330.9,332.6,337.2,341.9,344.0,342.2,337.7,332.7,327.0,329.4,333.0,337.9,343.1,347.6,351.1,347.8,343.4,338.7,334.0,329.9,335.6,337.6,339.6,340.4,339.5,337.5,335.5,334.7,-1.3,-5.7,-7.7,-6.1,-1.9,2.8,4.5,2.9,0.7,-1.4,-3.0,-3.9,-3.4,-1.9,0.3,1.8,2.5,2.9,2.8,2.2,0.5,1.2,0.3,-1.6,-3.4,-4.1,-3.3,-1.3,-3.8,-8.1,-10.2,-8.6,-4.5,-0.1,1.9,0.7,-1.1,-3.7,-5.6,-6.6,-6.1,-4.8,-2.7,-1.0,-0.1,0.3,0.3,0.1,-2.0,-1.3,-2.2,-4.1,-5.9,-6.6,-5.7,-3.8,653.0,653.8,654.5,654.8,654.4,653.9,652.9,652.7,656.4,654.1,652.3,651.8,652.9,654.7,656.7,654.6,652.5,651.6,652.2,654.0,654.1,654.2,654.5,654.9,655.0,654.9,654.6,654.2,700.1,701.3,702.9,704.0,703.9,702.7,701.1,700.1,700.4,699.7,699.6,700.5,703.0,706.3,709.6,706.1,702.8,700.4,699.4,699.6,701.9,702.4,703.1,703.6,703.6,703.2,702.5,701.9,370.2,31.7,828.1,-0.005,0.095,-0.075
534,0,1656521724.826,0.98,1,-0.086880,0.081340,-0.992893,-0.242150,0.081269,-0.966829,-0.166,0.083,560.5,561.9,565.7,569.6,571.5,570.4,566.4,562.4,554.9,557.6,561.3,565.5,569.6,572.7,575.0,572.7,569.4,565.5,561.5,557.8,564.3,566.1,567.7,568.3,567.5,565.8,564.1,563.5,606.4,607.4,610.6,614.2,616.0,615.0,611.8,607.9,602.9,605.2,608.4,612.2,615.6,618.1,619.7,618.3,616.0,613.0,609.4,605.7,609.7,611.2,612.7,613.1,612.3,610.7,609.3,608.9,231.8,227.8,226.0,227.4,231.3,235.6,237.2,235.7,233.7,231.7,230.3,229.4,229.9,231.3,233.3,234.7,235.3,235.7,235.6,235.1,233.5,234.1,233.3,231.6,229.9,229.2,230.0,231.8,229.7,226.0,224.2,225.6,229.1,232.9,234.6,233.6,232.0,229.8,228.1,227.3,227.7,228.8,230.6,232.1,232.8,233.2,233.2,233.0,231.2,231.8,231.1,229.4,227.9,227.3,228.0,229.7,259.7,261.5,265.9,270.3,272.2,270.8,266.0,261.6,254.9,257.0,260.2,264.5,269.4,273.6,276.9,273.6,269.1,264.5,260.4,257.1,264.2,266.2,268.1,268.9,268.1,266.1,264.2,263.4,331.2,333.0,337.5,342.2,344.3,342.6,338.0,333.0,327.4,329.7,333.3,338.2,343.4,348.0,351.4,348.1,343.8,339.0,334.3,330.3,335.9,338.0,340.0,340.7,339.8,337.8,335.8,335.0,-1.5,-5.8,-7.8,-6.3,-2.0,2.7,4.3,2.8,0.6,-1.6,-3.2,-4.1,-3.6,-2.1,0.2,1.7,2.3,2.7,2.7,2.1,0.4,1.1,0.2,-1.7,-3.6,-4.3,-3.4,-1.5,-4.0,-8.4,-10.4,-8.9,-4.7,-0.4,1.6,0.5,-1.3,-3.9,-5.9,-6.9,-6.4,-5.1,-3.0,-1.3,-0.4,0.1,0.1,-0.1,-2.2,-1.6,-2.5,-4.4,-6.2,-6.9,-6.0,-4.1,654.6,655.3,656.1,656.4,656.0,655.5,654.5,654.2,657.9,655.7,653.9,653.4,654.4,656.3,658.3,656.2,654.1,653.2,653.7,655.6,655.6,655.8,656.1,656.4,656.6,656.5,656.1,655.8,700.7,701.9,703.5,704.6,704.5,703.3,701.7,700.7,701.0,700.3,700.2,701.1,703.6,707.0,710.2,706.8,703.4,701.0,700.0,700.3,702.5,703.0,703.7,704.2,704.2,703.8,703.1,702.5,370.3,31.7,828.2,-0.002,0.096,-0.077
535,0,1656521724.859,0.98,1,-0.087011,0.080292,-0.992966,-0.241713,0.079367,-0.967097,-0.166,0.081,560.6,562.0,565.8,569.8,571.6,570.5,566.5,562.5,555.0,557.7,561.4,565.6,569.7,572.9,575.1,572.8,569.5,565.6,561.6,557.9,564.4,566.2,567.8,568.4,567.6,565.9,564.2,563.6,606.4,607.4,610.6,614.2,616.1,615.1,611.8,607.9,602.9,605.2,608.4,612.2,615.6,618.1,619.7,618.4,616.0,613.0,609.4,605.7,609.7,611.2,612.7,613.1,612.3,610.7,609.3,608.9,231.8,227.7,225.9,227.4,231.3,235.6,237.2,235.7,233.6,231.6,230.2,229.4,229.8,231.3,233.3,234.7,235.3,235.7,235.6,235.0,233.5,234.1,233.3,231.6,229.9,229.2,230.0,231.8,229.8,226.1,224.4,225.7,229.3,233.0,234.7,233.7,232.2,229.9,228.2,227.4,227.8,229.0,230.8,232.2,233.0,233.4,233.4,233.2,231.4,232.0,231.2,229.6,228.0,227.4,228.2,229.8,259.0,260.8,265.2,269.6,271.5,270.1,265.3,260.9,254.2,256.3,259.5,263.9,268.8,273.0,276.2,272.9,268.4,263.8,259.7,256.5,263.6,265.5,267.4,268.2,267.4,265.5,263.5,262.7,329.6,331.3,335.9,340.6,342.7,340.9,336.4,331.4,325.7,328.1,331.7,336.6,341.8,346.3,349.8,346.5,342.1,337.4,332.7,328.6,334.3,336.3,338.3,339.1,338.2,336.1,334.1,333.4,-1.5,-5.9,-7.9,-6.3,-2.0,2.7,4.3,2.7,0.5,-1.6,-3.2,-4.1,-3.6,-2.1,0.2,1.7,2.3,2.7,2.7,2.0,0.4,1.1,0.2,-1.7,-3.6,-4.3,-3.4,-1.5,-3.9,-8.2,-10.2,-8.7,-4.5,-0.2,1.8,0.6,-1.2,-3.8,-5.7,-6.7,-6.2,-4.9,-2.8,-1.1,-0.2,0.3,0.2,0.0,-2.1,-1.4,-2.3,-4.2,-6.0,-6.7,-5.8,-3.9,652.6,653.4,654.1,654.4,654.1,653.5,652.5,652.3,656.0,653.7,651.9,651.4,652.5,654.3,656.3,654.2,652.1,651.2,651.8,653.6,653.7,653.8,654.1,654.5,654.6,654.5,654.2,653.8,697.2,698.4,700.1,701.2,701.1,699.9,698.3,697.3,697.6,696.9,696.7,697.7,700.2,703.6,706.8,703.4,700.0,697.6,696.5,696.8,699.1,699.5,700.3,700.8,700.8,700.3,699.6,699.1,369.9,31.7,827.3,-0.003,0.096,-0.074
536,0,1656521724.892,0.98,1,-0.084997,0.077666,-0.993350,-0.241699,0.077560,-0.967247,-0.165,0.079,560.5,561.9,565.7,569.7,571.5,570.4,566.4,562.4,554.9,557.6,561.3,565.5,569.6,572.8,575.0,572.7,569.4,565.5,561.5,557.8,564.4,566.1,567.7,568.3,567.5,565.8,564.1,563.5,606.4,607.4,610.7,614.3,616.1,615.1,611.8,607.9,602.9,605.3,608.4,612.2,615.7,618.2,619.8,618.4,616.1,613.0,609.4,605.8,609.7,611.3,612.7,613.1,612.4,610.8,609.4,608.9,231.9,227.8,226.0,227.4,231.3,235.7,237.2,235.8,233.7,231.7,230.3,229.5,229.9,231.3,233.4,234.7,235.3,235.7,235.7,235.1,233.6,234.2,233.4,231.6,229.9,229.3,230.1,231.8,229.8,226.1,224.3,225.7,229.2,233.0,234.7,233.7,232.1,229.9,228.2,227.4,227.8,229.0,230.8,232.2,232.9,233.3,233.3,233.1,231.3,231.9,231.2,229.5,228.0,227.4,228.1,229.8,259.1,260.9,265.3,269.8,271.6,270.2,265.4,261.0,254.3,256.4,259.7,264.0,268.9,273.1,276.4,273.0,268.5,264.0,259.9,256.6,263.7,265.6,267.6,268.3,267.5,265.6,263.7,262.9,330.7,332.5,337.1,341.8,343.9,342.1,337.5,332.5,326.9,329.2,332.8,337.7,342.9,347.5,350.9,347.6,343.3,338.5,333.9,329.8,335.4,337.5,339.5,340.3,339.4,337.3,335.3,334.5,-1.4,-5.8,-7.8,-6.2,-2.0,2.7,4.4,2.8,0.6,-1.5,-3.1,-4.0,-3.5,-2.0,0.2,1.7,2.3,2.8,2.7,2.1,0.4,1.1,0.2,-1.7,-3.5,-4.2,-3.4,-1.4,-3.9,-8.3,-10.3,-8.8,-4.6,-0.2,1.8,0.6,-1.2,-3.8,-5.7,-6.7,-6.2,-4.9,-2.8,-1.2,-0.2,0.2,0.2,-0.0,-2.1,-1.4,-2.3,-4.2,-6.1,-6.7,-5.8,-3.9,653.2,654.0,654.7,655.0,654.7,654.1,653.1,652.8,656.5,654.3,652.5,652.0,653.1,654.9,656.9,654.8,652.7,651.8,652.3,654.1,654.2,654.4,654.7,655.1,655.2,655.1,654.8,654.4,699.6,700.8,702.4,703.5,703.4,702.2,700.6,699.6,699.9,699.2,699.1,700.0,702.5,705.9,709.1,705.7,702.3,699.9,698.8,699.1,701.4,701.8,702.6,703.1,703.1,702.7,701.9,701.4,369.7,31.7,827.0,-0.007,0.095,-0.073
537,0,1656521724.926,0.98,1,-0.083893,0.078774,-0.993356,-0.239542,0.078192,-0.967732,-0.163,0.080,560.5,561.9,565.7,569.7,571.5,570.4,566.4,562.4,554.9,557.6,561.3,565.5,569.6,572.8,575.1,572.8,569.4,565.5,561.5,557.8,564.3,566.1,567.8,568.4,567.6,565.8,564.1,563.5,606.4,607.4,610.6,614.2,616.1,615.1,611.8,607.9,602.9,605.2,608.4,612.2,615.6,618.1,619.7,618.3,616.0,613.0,609.4,605.7,609.7,611.2,612.7,613.1,612.3,610.7,609.3,608.9,231.9,227.9,226.0,227.5,231.4,235.8,237.3,235.8,233.8,231.8,230.3,229.5,230.0,231.4,233.5,234.9,235.5,235.8,235.8,235.2,233.6,234.3,233.5,231.7,230.0,229.3,230.1,231.9,229.9,226.2,224.5,225.8,229.4,233.1,234.8,233.8,232.3,230.0,228.3,227.5,227.9,229.1,230.9,232.3,233.1,233.5,233.5,233.3,231.5,232.1,231.3,229.7,228.1,227.5,228.3,229.9,257.8,259.6,264.0,268.5,270.3,268.9,264.1,259.7,253.0,255.1,258.4,262.7,267.6,271.8,275.1,271.7,267.2,262.7,258.6,255.3,262.4,264.3,266.3,267.0,266.2,264.3,262.4,261.6,329.7,331.4,336.0,340.7,342.8,341.0,336.5,331.5,325.8,328.2,331.8,336.7,341.9,346.4,349.9,346.6,342.2,337.5,332.8,328.7,334.4,336.4,338.4,339.2,338.3,336.2,334.2,333.5,-1.3,-5.7,-7.7,-6.1,-1.9,2.8,4.5,2.9,0.7,-1.5,-3.1,-3.9,-3.5,-1.9,0.3,1.8,2.5,2.9,2.8,2.2,0.5,1.2,0.3,-1.6,-3.4,-4.1,-3.3,-1.4,-3.7,-8.1,-10.1,-8.6,-4.4,-0.0,1.9,0.8,-1.0,-3.6,-5.6,-6.6,-6.1,-4.8,-2.7,-1.0,-0.0,0.4,0.4,0.2,-1.9,-1.3,-2.1,-4.1,-5.9,-6.5,-5.7,-3.8,650.0,650.7,651.5,651.8,651.4,650.9,649.9,649.6,653.3,651.1,649.3,648.8,649.9,651.7,653.7,651.6,649.5,648.6,649.1,650.9,651.0,651.2,651.5,651.8,652.0,651.8,651.5,651.2,697.4,698.6,700.3,701.4,701.3,700.1,698.5,697.5,697.7,697.1,696.9,697.9,700.4,703.8,707.1,703.6,700.2,697.8,696.7,697.0,699.3,699.7,700.5,701.0,701.0,700.5,699.8,699.3,369.7,31.7,827.0,-0.006,0.094,-0.074
538,0,1656521724.959,0.98,1,-0.087575,0.079859,-0.992952,-0.244481,0.079469,-0.966392,-0.168,0.081,560.4,561.8,565.6,569.5,571.4,570.3,566.3,562.3,554.8,557.5,561.2,565.4,569.5,572.6,574.9,572.6,569.3,565.4,561.4,557.7,564.3,566.0,567.6,568.2,567.4,565.7,564.0,563.4,606.2,607.2,610.5,614.1,615.9,614.9,611.6,607.8,602.8,605.1,608.2,612.0,615.5,618.0,619.6,618.2,615.9,612.8,609.2,605.6,609.5,611.1,612.5,613.0,612.2,610.6,609.2,608.7,231.9,227.8,226.0,227.4,231.3,235.7,237.2,235.8,233.7,231.8,230.3,229.5,229.9,231.3,233.3,234.7,235.3,235.7,235.7,235.1,233.6,234.2,233.4,231.6,229.9,229.3,230.1,231.9,229.7,226.0,224.3,225.6,229.1,232.8,234.6,233.6,232.0,229.8,228.1,227.3,227.7,228.8,230.6,232.0,232.8,233.2,233.2,233.0,231.2,231.8,231.1,229.4,227.9,227.3,228.1,229.7,259.4,261.2,265.6,270.0,271.9,270.5,265.7,261.3,254.7,256.7,260.0,264.3,269.2,273.4,276.7,273.3,268.8,264.3,260.2,256.9,264.0,265.9,267.9,268.6,267.8,265.9,264.0,263.2,331.7,333.4,338.0,342.7,344.8,343.0,338.5,333.5,327.8,330.2,333.8,338.6,343.9,348.4,351.9,348.6,344.2,339.5,334.8,330.7,336.4,338.5,340.4,341.2,340.3,338.2,336.2,335.5,-1.4,-5.8,-7.8,-6.2,-2.0,2.7,4.4,2.8,0.6,-1.5,-3.1,-4.0,-3.5,-2.0,0.2,1.7,2.3,2.8,2.7,2.1,0.4,1.1,0.2,-1.7,-3.5,-4.2,-3.3,-1.4,-4.0,-8.4,-10.4,-8.9,-4.7,-0.4,1.6,0.5,-1.3,-3.9,-5.9,-6.9,-6.4,-5.1,-3.0,-1.3,-0.4,0.1,0.1,-0.1,-2.2,-1.6,-2.5,-4.4,-6.2,-6.9,-6.0,-4.1,654.2,655.0,655.7,656.0,655.7,655.2,654.1,653.9,657.6,655.4,653.5,653.0,654.1,655.9,657.9,655.8,653.7,652.8,653.4,655.2,655.3,655.4,655.7,656.1,656.2,656.1,655.8,655.4,702.1,703.3,704.9,705.9,705.8,704.6,703.0,702.1,702.4,701.7,701.5,702.5,705.0,708.3,711.5,708.1,704.7,702.3,701.3,701.6,703.9,704.3,705.0,705.5,705.6,705.1,704.4,703.9,370.6,31.7,828.9,-0.005,0.098,-0.079
539,0,1656521724.993,0.98,1,-0.083577,0.083580,-0.992990,-0.241105,0.084152,-0.966844,-0.164,0.085,560.8,562.1,565.9,569.8,571.7,570.6,566.6,562.7,555.2,557.9,561.5,565.7,569.8,572.9,575.2,572.9,569.6,565.8,561.8,558.1,564.6,566.3,568.0,568.5,567.7,566.0,564.4,563.8,606.4,607.4,610.6,614.2,616.0,615.0,611.8,607.9,602.9,605.3,608.4,612.2,615.6,618.1,619.7,618.3,616.0,612.9,609.4,605.7,609.7,611.2,612.7,613.1,612.3,610.7,609.3,608.9,231.8,227.8,226.0,227.4,231.3,235.6,237.1,235.7,233.7,231.7,230.3,229.5,229.9,231.3,233.3,234.7,235.2,235.6,235.6,235.0,233.5,234.1,233.3,231.6,229.9,229.2,230.0,231.8,229.6,225.9,224.2,225.5,229.0,232.7,234.4,233.5,231.9,229.7,228.0,227.2,227.6,228.7,230.5,231.9,232.7,233.1,233.1,232.9,231.1,231.7,230.9,229.3,227.8,227.2,228.0,229.6,261.2,263.0,267.4,271.8,273.7,272.3,267.5,263.1,256.3,258.4,261.7,266.1,271.0,275.2,278.5,275.1,270.6,266.1,261.9,258.6,265.8,267.7,269.6,270.4,269.6,267.6,265.7,264.9,333.1,334.9,339.4,344.1,346.2,344.5,339.9,334.9,329.3,331.6,335.2,340.1,345.3,349.9,353.3,350.0,345.7,340.9,336.3,332.2,337.8,339.9,341.9,342.7,341.7,339.7,337.7,336.9,-1.5,-5.9,-7.9,-6.3,-2.1,2.7,4.3,2.8,0.6,-1.6,-3.1,-4.0,-3.6,-2.1,0.1,1.6,2.3,2.7,2.7,2.0,0.4,1.1,0.2,-1.7,-3.6,-4.3,-3.4,-1.5,-4.2,-8.5,-10.6,-9.0,-4.9,-0.5,1.5,0.3,-1.5,-4.0,-6.0,-7.0,-6.5,-5.2,-3.2,-1.5,-0.5,-0.1,-0.1,-0.3,-2.4,-1.7,-2.6,-4.5,-6.3,-7.0,-6.1,-4.2,657.6,658.4,659.2,659.5,659.2,658.7,657.6,657.3,660.9,658.7,656.9,656.5,657.6,659.5,661.5,659.4,657.2,656.3,656.8,658.6,658.7,658.9,659.2,659.6,659.7,659.6,659.2,658.9,704.6,705.8,707.4,708.5,708.5,707.3,705.7,704.7,705.0,704.3,704.1,705.1,707.6,710.9,714.2,710.7,707.4,705.0,703.9,704.2,706.5,706.9,707.6,708.2,708.2,707.7,707.0,706.5,370.4,31.5,828.1,-0.001,0.095,-0.078
540,0,1656521725.026,0.98,1,-0.083419,0.089945,-0.992447,-0.239836,0.090905,-0.966548,-0.164,0.092,561.0,562.3,566.0,569.9,571.7,570.7,566.7,562.8,555.4,558.1,561.7,565.8,569.8,572.9,575.1,572.9,569.7,565.9,562.0,558.3,564.7,566.4,568.0,568.6,567.8,566.1,564.5,563.9,606.4,607.4,610.7,614.2,616.0,615.0,611.8,607.9,603.0,605.3,608.4,612.2,615.6,618.0,619.6,618.2,615.9,612.9,609.4,605.8,609.7,611.2,612.6,613.1,612.3,610.8,609.3,608.9,231.6,227.6,225.8,227.3,231.1,235.4,236.9,235.5,233.5,231.5,230.1,229.3,229.7,231.1,233.0,234.4,235.0,235.4,235.4,234.8,233.3,233.9,233.1,231.4,229.7,229.1,229.9,231.6,229.4,225.7,224.0,225.3,228.8,232.5,234.2,233.2,231.7,229.5,227.9,227.1,227.5,228.6,230.3,231.7,232.5,232.8,232.9,232.7,230.9,231.5,230.7,229.1,227.6,227.0,227.8,229.4,264.3,266.1,270.5,275.0,276.9,275.5,270.7,266.2,259.5,261.6,264.9,269.2,274.1,278.4,281.6,278.3,273.8,269.2,265.1,261.8,268.9,270.9,272.8,273.6,272.8,270.8,268.9,268.1,336.6,338.4,342.9,347.6,349.7,348.0,343.4,338.4,332.8,335.1,338.7,343.6,348.8,353.4,356.9,353.5,349.2,344.4,339.7,335.7,341.3,343.4,345.4,346.2,345.2,343.2,341.2,340.4,-1.7,-6.1,-8.1,-6.5,-2.3,2.4,4.1,2.5,0.3,-1.8,-3.3,-4.2,-3.8,-2.3,-0.1,1.4,2.0,2.5,2.4,1.8,0.1,0.8,-0.1,-2.0,-3.8,-4.5,-3.7,-1.7,-4.5,-8.8,-10.9,-9.3,-5.2,-0.8,1.2,0.1,-1.8,-4.3,-6.2,-7.2,-6.7,-5.5,-3.5,-1.8,-0.8,-0.4,-0.4,-0.6,-2.7,-2.0,-2.9,-4.8,-6.6,-7.3,-6.4,-4.5,665.2,666.0,666.7,667.1,666.8,666.3,665.2,664.8,668.4,666.2,664.5,664.0,665.2,667.1,669.1,667.0,664.8,663.8,664.4,666.1,666.3,666.4,666.8,667.1,667.3,667.1,666.8,666.4,711.9,713.1,714.7,715.8,715.7,714.6,713.0,712.0,712.3,711.6,711.4,712.4,714.8,718.2,721.5,718.0,714.7,712.3,711.2,711.5,713.8,714.2,714.9,715.5,715.5,715.0,714.3,713.8,370.7,31.4,828.9,0.007,0.093,-0.079
541,0,1656521725.060,0.98,1,-0.086606,0.087551,-0.992388,-0.241375,0.087527,-0.966477,-0.166,0.089,561.1,562.4,566.2,570.1,571.9,570.8,566.9,562.9,555.6,558.2,561.8,566.0,570.0,573.1,575.3,573.1,569.8,566.0,562.1,558.4,564.9,566.6,568.2,568.8,568.0,566.3,564.6,564.1,606.5,607.5,610.8,614.3,616.1,615.1,611.9,608.0,603.1,605.4,608.5,612.3,615.7,618.2,619.7,618.4,616.1,613.0,609.5,605.9,609.8,611.3,612.8,613.2,612.4,610.9,609.5,609.0,231.4,227.4,225.6,227.1,230.9,235.2,236.7,235.2,233.3,231.3,229.9,229.1,229.5,230.9,232.9,234.3,234.8,235.2,235.2,234.6,233.1,233.7,232.9,231.2,229.5,228.9,229.7,231.4,229.3,225.6,223.9,225.2,228.7,232.4,234.1,233.1,231.6,229.4,227.7,226.9,227.4,228.5,230.2,231.6,232.4,232.8,232.8,232.6,230.8,231.4,230.6,229.0,227.5,226.9,227.6,229.3,263.9,265.7,270.1,274.6,276.4,275.0,270.2,265.8,259.1,261.2,264.5,268.8,273.7,277.9,281.2,277.9,273.3,268.8,264.7,261.3,268.5,270.4,272.4,273.1,272.3,270.4,268.4,267.7,334.9,336.6,341.2,345.9,348.0,346.2,341.6,336.7,331.0,333.4,337.0,341.8,347.1,351.6,355.1,351.8,347.4,342.7,338.0,333.9,339.6,341.6,343.6,344.4,343.5,341.4,339.4,338.7,-1.9,-6.3,-8.3,-6.7,-2.5,2.2,3.9,2.3,0.1,-2.0,-3.6,-4.5,-4.0,-2.5,-0.3,1.2,1.8,2.3,2.2,1.6,-0.1,0.6,-0.3,-2.2,-4.0,-4.7,-3.9,-1.9,-4.6,-8.9,-10.9,-9.4,-5.2,-0.9,1.1,-0.1,-1.9,-4.4,-6.4,-7.3,-6.8,-5.6,-3.5,-1.8,-0.9,-0.4,-0.4,-0.7,-2.8,-2.1,-3.0,-4.9,-6.7,-7.4,-6.5,-4.6,663.7,664.5,665.3,665.6,665.2,664.7,663.6,663.3,666.9,664.7,663.0,662.5,663.7,665.5,667.5,665.4,663.3,662.3,662.8,664.6,664.8,664.9,665.3,665.6,665.8,665.6,665.3,664.9,708.0,709.2,710.8,711.9,711.8,710.7,709.0,708.1,708.4,707.6,707.5,708.4,710.9,714.3,717.5,714.1,710.8,708.3,707.3,707.6,709.8,710.3,711.0,711.5,711.5,711.1,710.4,709.8,370.6,31.3,828.5,0.007,0.097,-0.078
542,0,1656521725.093,0.98,1,-0.087377,0.083099,-0.992703,-0.240760,0.083346,-0.966999,-0.166,0.085,561.0,562.3,566.0,570.0,571.8,570.7,566.7,562.8,555.4,558.1,561.7,565.9,569.9,573.1,575.3,573.0,569.7,565.9,562.0,558.3,564.7,566.5,568.1,568.7,567.9,566.1,564.5,563.9,606.5,607.5,610.7,614.3,616.1,615.1,611.9,608.0,603.0,605.4,608.5,612.3,615.7,618.2,619.7,618.4,616.1,613.1,609.5,605.8,609.8,611.3,612.8,613.2,612.4,610.8,609.4,609.0,231.3,227.3,225.5,227.0,230.8,235.1,236.6,235.2,233.2,231.2,229.7,228.9,229.4,230.8,232.8,234.2,234.8,235.2,235.1,234.6,233.0,233.6,232.8,231.1,229.4,228.8,229.6,231.3,229.1,225.4,223.7,225.0,228.6,232.3,234.0,233.0,231.5,229.2,227.5,226.7,227.1,228.3,230.1,231.5,232.3,232.7,232.7,232.5,230.7,231.2,230.5,228.9,227.3,226.7,227.5,229.1,261.9,263.7,268.1,272.6,274.4,273.0,268.2,263.8,257.1,259.2,262.5,266.8,271.7,275.9,279.2,275.8,271.3,266.8,262.7,259.4,266.5,268.4,270.3,271.1,270.3,268.4,266.5,265.7,332.5,334.2,338.8,343.5,345.6,343.9,339.3,334.3,328.6,331.0,334.6,339.5,344.7,349.2,352.7,349.4,345.0,340.3,335.6,331.5,337.2,339.3,341.3,342.0,341.1,339.1,337.1,336.3,-2.0,-6.4,-8.4,-6.8,-2.6,2.1,3.8,2.2,0.1,-2.1,-3.7,-4.6,-4.2,-2.6,-0.3,1.1,1.8,2.2,2.1,1.5,-0.2,0.5,-0.4,-2.3,-4.1,-4.8,-3.9,-2.0,-4.7,-9.1,-11.1,-9.6,-5.4,-1.0,1.0,-0.2,-2.0,-4.6,-6.6,-7.5,-7.1,-5.8,-3.7,-2.0,-1.0,-0.6,-0.6,-0.8,-2.9,-2.2,-3.1,-5.0,-6.9,-7.5,-6.6,-4.7,659.1,659.9,660.7,661.0,660.6,660.0,659.0,658.7,662.3,660.2,658.4,657.9,659.0,660.9,662.9,660.7,658.6,657.6,658.2,660.0,660.1,660.3,660.6,661.0,661.1,661.0,660.7,660.3,703.1,704.3,705.9,707.0,707.0,705.8,704.1,703.1,703.4,702.7,702.6,703.6,706.1,709.4,712.7,709.2,705.9,703.4,702.4,702.6,704.9,705.4,706.1,706.7,706.7,706.2,705.5,704.9,369.8,31.2,826.7,0.006,0.096,-0.078
543,0,1656521725.126,0.98,1,-0.086395,0.084991,-0.992629,-0.241376,0.084270,-0.966766,-0.166,0.086,561.0,562.3,566.0,569.9,571.8,570.7,566.7,562.8,555.4,558.1,561.7,565.9,569.9,573.0,575.2,573.0,569.7,565.9,561.9,558.3,564.7,566.4,568.0,568.6,567.8,566.1,564.5,563.9,606.5,607.5,610.8,614.3,616.1,615.1,611.9,608.0,603.1,605.4,608.5,612.3,615.7,618.2,619.7,618.4,616.1,613.0,609.5,605.9,609.8,611.4,612.8,613.2,612.4,610.9,609.4,609.0,231.3,227.3,225.5,227.0,230.8,235.1,236.6,235.1,233.1,231.2,229.7,228.9,229.4,230.8,232.8,234.2,234.8,235.1,235.1,234.5,233.0,233.6,232.8,231.1,229.4,228.8,229.5,231.3,229.2,225.5,223.8,225.2,228.7,232.4,234.1,233.1,231.6,229.4,227.7,226.8,227.3,228.4,230.2,231.6,232.4,232.8,232.8,232.6,230.8,231.4,230.6,229.0,227.4,226.9,227.6,229.2,262.7,264.6,269.0,273.4,275.3,273.8,269.0,264.6,257.9,260.0,263.3,267.7,272.5,276.7,280.0,276.6,272.1,267.6,263.5,260.1,267.3,269.2,271.2,272.0,271.2,269.2,267.3,266.5,333.7,335.5,340.0,344.7,346.8,345.1,340.5,335.5,329.8,332.2,335.8,340.7,345.9,350.4,353.9,350.6,346.2,341.5,336.8,332.7,338.4,340.5,342.5,343.2,342.3,340.3,338.3,337.5,-2.1,-6.4,-8.4,-6.8,-2.6,2.1,3.8,2.2,-0.0,-2.2,-3.8,-4.6,-4.2,-2.6,-0.3,1.1,1.7,2.2,2.1,1.5,-0.2,0.5,-0.4,-2.3,-4.1,-4.8,-4.0,-2.1,-4.6,-8.9,-11.0,-9.4,-5.3,-0.9,1.1,-0.1,-1.9,-4.5,-6.4,-7.4,-6.9,-5.6,-3.5,-1.8,-0.9,-0.5,-0.5,-0.7,-2.8,-2.1,-3.0,-4.9,-6.7,-7.4,-6.5,-4.6,661.2,662.0,662.8,663.1,662.7,662.2,661.1,660.8,664.4,662.2,660.5,660.0,661.2,663.0,665.0,662.9,660.7,659.8,660.3,662.1,662.2,662.4,662.7,663.1,663.3,663.1,662.8,662.4,705.6,706.8,708.4,709.5,709.4,708.2,706.6,705.6,705.9,705.2,705.1,706.0,708.5,711.9,715.1,711.7,708.3,705.9,704.8,705.1,707.4,707.9,708.6,709.1,709.1,708.7,708.0,707.4,369.3,31.3,825.8,0.006,0.095,-0.074
544,0,1656521725.160,0.98,1,-0.090875,0.083561,-0.992350,-0.243279,0.083229,-0.966379,-0.169,0.085,561.0,562.3,566.0,569.9,571.8,570.7,566.7,562.8,555.4,558.1,561.7,565.8,569.9,573.0,575.2,573.0,569.7,565.9,562.0,558.3,564.7,566.4,568.1,568.7,567.9,566.1,564.5,563.9,606.4,607.4,610.7,614.2,616.0,615.0,611.8,608.0,603.0,605.3,608.4,612.2,615.6,618.1,619.6,618.3,616.0,613.0,609.4,605.8,609.7,611.3,612.7,613.1,612.3,610.8,609.4,608.9,231.3,227.3,225.5,226.9,230.7,235.0,236.5,235.1,233.1,231.1,229.7,228.9,229.3,230.7,232.8,234.1,234.7,235.1,235.1,234.5,232.9,233.5,232.8,231.0,229.3,228.7,229.5,231.2,229.1,225.4,223.7,225.0,228.6,232.3,234.0,233.0,231.5,229.2,227.5,226.7,227.2,228.3,230.1,231.5,232.3,232.7,232.7,232.5,230.7,231.2,230.5,228.9,227.3,226.8,227.5,229.1,263.2,264.9,269.3,273.8,275.6,274.2,269.4,265.0,258.4,260.4,263.7,268.0,272.9,277.1,280.4,277.0,272.5,268.0,263.9,260.6,267.7,269.6,271.6,272.4,271.5,269.6,267.7,266.9,333.7,335.5,340.0,344.7,346.8,345.1,340.5,335.5,329.8,332.2,335.8,340.7,345.9,350.4,353.9,350.6,346.2,341.5,336.8,332.7,338.4,340.5,342.5,343.2,342.3,340.3,338.3,337.5,-2.1,-6.5,-8.5,-6.9,-2.7,2.0,3.7,2.1,-0.0,-2.2,-3.8,-4.7,-4.2,-2.7,-0.4,1.1,1.7,2.1,2.1,1.5,-0.3,0.4,-0.4,-2.4,-4.2,-4.9,-4.0,-2.1,-4.7,-9.1,-11.1,-9.6,-5.4,-1.0,0.9,-0.2,-2.0,-4.6,-6.6,-7.6,-7.1,-5.7,-3.6,-1.9,-1.0,-0.6,-0.6,-0.8,-2.9,-2.3,-3.1,-5.0,-6.9,-7.5,-6.7,-4.8,662.1,662.9,663.7,664.0,663.6,663.1,662.0,661.8,665.5,663.3,661.5,660.9,662.0,663.9,665.9,663.8,661.7,660.7,661.3,663.1,663.2,663.3,663.6,664.0,664.2,664.0,663.7,663.4,705.8,707.0,708.6,709.7,709.7,708.5,706.8,705.9,706.2,705.5,705.3,706.3,708.8,712.1,715.4,711.9,708.6,706.2,705.1,705.4,707.6,708.1,708.8,709.3,709.4,708.9,708.2,707.7,370.9,31.4,829.1,0.005,0.100,-0.078
545,0,1656521725.193,0.98,1,-0.091397,0.080934,-0.992520,-0.243625,0.081243,-0.966461,-0.169,0.083,560.9,562.3,566.0,569.9,571.7,570.7,566.7,562.8,555.4,558.0,561.7,565.8,569.9,573.0,575.2,573.0,569.7,565.9,561.9,558.3,564.7,566.4,568.0,568.6,567.8,566.1,564.5,563.9,606.3,607.3,610.6,614.1,615.9,614.9,611.7,607.9,602.9,605.2,608.3,612.1,615.5,618.0,619.6,618.2,615.9,612.9,609.3,605.7,609.6,611.2,612.6,613.0,612.2,610.7,609.3,608.8,231.3,227.3,225.5,226.9,230.7,235.0,236.5,235.1,233.2,231.2,229.7,228.8,229.3,230.7,232.8,234.2,234.7,235.1,235.1,234.5,232.9,233.6,232.8,231.0,229.3,228.7,229.5,231.3,229.1,225.4,223.6,224.9,228.5,232.2,233.9,232.9,231.4,229.2,227.5,226.6,227.1,228.2,230.0,231.4,232.2,232.6,232.6,232.4,230.6,231.2,230.4,228.8,227.3,226.7,227.4,229.1,262.5,264.3,268.7,273.1,275.0,273.6,268.8,264.4,257.7,259.8,263.1,267.4,272.3,276.5,279.8,276.4,271.9,267.4,263.3,260.0,267.1,269.0,270.9,271.7,270.9,269.0,267.0,266.3,332.5,334.3,338.8,343.6,345.6,343.9,339.3,334.4,328.7,331.0,334.6,339.5,344.7,349.3,352.7,349.4,345.1,340.3,335.7,331.6,337.2,339.3,341.3,342.1,341.1,339.1,337.1,336.3,-2.1,-6.5,-8.5,-6.9,-2.7,2.1,3.7,2.1,0.0,-2.2,-3.8,-4.7,-4.2,-2.7,-0.4,1.1,1.7,2.1,2.1,1.5,-0.2,0.4,-0.4,-2.4,-4.2,-4.9,-4.0,-2.1,-4.8,-9.1,-11.2,-9.6,-5.5,-1.1,0.9,-0.3,-2.0,-4.6,-6.6,-7.6,-7.1,-5.8,-3.7,-2.0,-1.1,-0.7,-0.6,-0.8,-3.0,-2.3,-3.2,-5.1,-6.9,-7.6,-6.7,-4.8,660.7,661.5,662.3,662.5,662.1,661.6,660.6,660.3,664.0,661.8,660.0,659.5,660.6,662.5,664.4,662.3,660.2,659.3,659.8,661.6,661.7,661.9,662.2,662.6,662.7,662.6,662.3,661.9,703.6,704.8,706.4,707.5,707.4,706.2,704.6,703.6,703.9,703.2,703.1,704.0,706.6,709.9,713.1,709.7,706.3,703.9,702.9,703.1,705.4,705.9,706.6,707.1,707.2,706.7,706.0,705.4,370.1,31.3,827.5,0.005,0.101,-0.080
546,0,1656521725.226,0.98,1,-0.084586,0.085141,-0.992772,-0.238757,0.085626,-0.967297,-0.163,0.087,560.9,562.2,565.9,569.8,571.7,570.6,566.6,562.7,555.3,558.0,561.6,565.7,569.8,572.9,575.1,572.9,569.6,565.8,561.9,558.2,564.6,566.3,567.9,568.5,567.7,566.0,564.4,563.8,606.4,607.4,610.6,614.1,616.0,615.0,611.8,607.9,602.9,605.2,608.4,612.1,615.5,618.0,619.6,618.2,615.9,612.9,609.3,605.7,609.6,611.2,612.6,613.0,612.3,610.7,609.3,608.9,231.3,227.3,225.5,227.0,230.8,235.1,236.6,235.1,233.2,231.2,229.8,228.9,229.4,230.8,232.8,234.2,234.7,235.1,235.1,234.5,233.0,233.6,232.8,231.1,229.4,228.8,229.6,231.3,229.0,225.3,223.6,224.9,228.5,232.2,233.9,232.9,231.4,229.2,227.5,226.7,227.1,228.2,230.0,231.4,232.2,232.5,232.6,232.4,230.6,231.1,230.4,228.8,227.2,226.7,227.4,229.0,263.0,264.8,269.2,273.6,275.5,274.1,269.3,264.8,258.1,260.2,263.5,267.9,272.8,277.0,280.2,276.9,272.4,267.8,263.7,260.4,267.5,269.5,271.4,272.2,271.4,269.4,267.5,266.7,333.6,335.3,339.9,344.6,346.7,345.0,340.4,335.4,329.7,332.1,335.7,340.6,345.8,350.3,353.8,350.5,346.1,341.4,336.7,332.6,338.3,340.4,342.4,343.1,342.2,340.1,338.1,337.4,-2.0,-6.4,-8.4,-6.8,-2.6,2.1,3.8,2.2,0.0,-2.1,-3.7,-4.6,-4.2,-2.6,-0.4,1.1,1.7,2.1,2.1,1.5,-0.2,0.5,-0.4,-2.3,-4.2,-4.8,-4.0,-2.0,-4.8,-9.2,-11.2,-9.7,-5.5,-1.2,0.8,-0.3,-2.1,-4.7,-6.6,-7.6,-7.1,-5.9,-3.8,-2.1,-1.2,-0.7,-0.7,-0.9,-3.0,-2.4,-3.2,-5.2,-7.0,-7.6,-6.8,-4.9,662.0,662.8,663.7,664.0,663.6,663.0,661.9,661.6,665.2,663.1,661.4,660.9,662.0,663.9,665.9,663.8,661.6,660.6,661.1,662.9,663.1,663.2,663.6,664.0,664.1,664.0,663.6,663.3,705.7,706.9,708.5,709.7,709.6,708.4,706.8,705.8,706.0,705.3,705.2,706.2,708.7,712.0,715.3,711.9,708.5,706.1,705.0,705.3,707.5,708.0,708.7,709.3,709.3,708.8,708.1,707.6,368.7,31.2,824.7,0.007,0.094,-0.078
547,0,1656521725.259,0.98,1,-0.088157,0.083767,-0.992578,-0.238986,0.083606,-0.967417,-0.165,0.085,560.9,562.2,565.9,569.8,571.7,570.6,566.6,562.7,555.4,558.0,561.6,565.7,569.8,572.9,575.1,572.9,569.6,565.8,561.9,558.2,564.6,566.3,568.0,568.5,567.7,566.0,564.4,563.8,606.3,607.3,610.5,614.1,615.9,614.9,611.7,607.8,602.9,605.2,608.3,612.1,615.5,617.9,619.5,618.1,615.8,612.8,609.3,605.7,609.6,611.1,612.5,613.0,612.2,610.6,609.2,608.8,231.4,227.4,225.6,227.0,230.9,235.1,236.6,235.2,233.3,231.3,229.8,229.0,229.4,230.8,232.9,234.2,234.8,235.2,235.2,234.6,233.0,233.7,232.9,231.1,229.5,228.8,229.6,231.4,229.2,225.5,223.8,225.1,228.6,232.3,234.0,233.0,231.5,229.3,227.6,226.8,227.2,228.3,230.1,231.5,232.3,232.7,232.7,232.5,230.7,231.3,230.5,228.9,227.4,226.8,227.5,229.2,263.8,265.6,270.0,274.4,276.3,274.9,270.1,265.7,259.0,261.1,264.3,268.7,273.6,277.8,281.1,277.7,273.2,268.7,264.6,261.3,268.4,270.3,272.2,273.0,272.2,270.3,268.3,267.6,334.3,336.1,340.6,345.3,347.4,345.7,341.1,336.1,330.4,332.8,336.4,341.3,346.5,351.1,354.5,351.2,346.9,342.1,337.5,333.4,339.0,341.1,343.1,343.9,342.9,340.9,338.9,338.1,-1.9,-6.3,-8.3,-6.8,-2.5,2.2,3.8,2.3,0.1,-2.1,-3.7,-4.6,-4.1,-2.6,-0.3,1.2,1.8,2.3,2.2,1.6,-0.1,0.6,-0.3,-2.2,-4.1,-4.8,-3.9,-2.0,-4.7,-9.0,-11.1,-9.5,-5.4,-1.0,1.0,-0.2,-2.0,-4.5,-6.5,-7.5,-7.0,-5.7,-3.6,-1.9,-1.0,-0.6,-0.6,-0.8,-2.9,-2.2,-3.1,-5.0,-6.8,-7.5,-6.6,-4.7,664.1,664.9,665.6,665.9,665.6,665.0,664.0,663.7,667.3,665.2,663.4,662.9,664.0,665.9,667.8,665.7,663.6,662.7,663.2,665.0,665.1,665.3,665.6,665.9,666.1,666.0,665.6,665.3,707.4,708.6,710.2,711.3,711.3,710.1,708.4,707.4,707.7,707.0,706.9,707.8,710.4,713.7,717.0,713.5,710.2,707.7,706.7,706.9,709.2,709.7,710.4,710.9,711.0,710.5,709.8,709.2,369.9,31.3,827.0,0.003,0.098,-0.081
548,0,1656521725.293,0.98,1,-0.092163,0.083362,-0.992248,-0.243627,0.082279,-0.966373,-0.170,0.084,560.8,562.1,565.8,569.8,571.6,570.5,566.5,562.6,555.2,557.9,561.5,565.7,569.7,572.9,575.1,572.8,569.5,565.7,561.8,558.1,564.5,566.3,567.9,568.5,567.7,566.0,564.3,563.7,606.3,607.3,610.5,614.1,615.9,614.9,611.7,607.8,602.8,605.1,608.2,612.0,615.5,617.9,619.5,618.2,615.9,612.8,609.2,605.6,609.6,611.1,612.5,613.0,612.2,610.6,609.2,608.8,231.4,227.4,225.6,227.0,230.9,235.2,236.7,235.2,233.3,231.3,229.8,229.0,229.4,230.8,232.9,234.3,234.9,235.3,235.2,234.6,233.1,233.7,232.9,231.1,229.5,228.8,229.6,231.4,229.1,225.4,223.7,225.0,228.5,232.3,234.0,233.0,231.5,229.2,227.5,226.7,227.1,228.3,230.1,231.5,232.3,232.7,232.7,232.5,230.7,231.2,230.5,228.9,227.3,226.7,227.5,229.1,262.4,264.2,268.6,273.0,274.9,273.5,268.7,264.3,257.6,259.7,262.9,267.3,272.2,276.4,279.6,276.3,271.8,267.2,263.2,259.9,267.0,268.9,270.8,271.6,270.8,268.9,266.9,266.2,331.9,333.6,338.2,342.9,345.0,343.3,338.7,333.7,328.0,330.4,334.0,338.8,344.1,348.6,352.1,348.8,344.4,339.7,335.0,330.9,336.6,338.7,340.7,341.4,340.5,338.4,336.4,335.7,-1.9,-6.3,-8.3,-6.7,-2.5,2.2,3.8,2.3,0.1,-2.1,-3.7,-4.6,-4.1,-2.6,-0.3,1.2,1.9,2.3,2.2,1.6,-0.1,0.6,-0.3,-2.2,-4.1,-4.8,-3.9,-2.0,-4.7,-9.1,-11.1,-9.6,-5.4,-1.0,1.0,-0.2,-1.9,-4.6,-6.5,-7.5,-7.1,-5.8,-3.7,-2.0,-1.0,-0.6,-0.6,-0.8,-2.9,-2.3,-3.1,-5.0,-6.9,-7.5,-6.6,-4.7,660.8,661.6,662.3,662.6,662.2,661.7,660.7,660.4,664.1,661.9,660.1,659.6,660.7,662.5,664.5,662.4,660.3,659.4,660.0,661.8,661.9,662.0,662.3,662.6,662.8,662.7,662.4,662.0,702.3,703.5,705.2,706.3,706.2,705.0,703.4,702.4,702.7,702.0,701.8,702.8,705.3,708.7,711.9,708.5,705.1,702.7,701.7,701.9,704.2,704.7,705.4,705.9,705.9,705.4,704.7,704.2,370.3,31.3,828.1,0.006,0.104,-0.085
549,0,1656521725.326,0.98,1,-0.086918,0.083013,-0.992751,-0.241346,0.082427,-0.966932,-0.166,0.084,560.7,562.1,565.8,569.7,571.5,570.5,566.5,562.6,555.2,557.9,561.5,565.6,569.7,572.8,575.0,572.8,569.5,565.7,561.7,558.1,564.5,566.2,567.8,568.4,567.6,565.9,564.3,563.7,606.2,607.2,610.4,614.0,615.8,614.8,611.6,607.7,602.7,605.0,608.2,611.9,615.3,617.8,619.4,618.1,615.8,612.7,609.2,605.5,609.5,611.0,612.4,612.9,612.1,610.5,609.1,608.7,231.4,227.5,225.6,227.1,230.9,235.2,236.7,235.3,233.3,231.3,229.9,229.0,229.5,230.9,232.9,234.3,234.9,235.3,235.2,234.7,233.1,233.7,232.9,231.2,229.5,228.9,229.7,231.4,229.1,225.4,223.7,225.0,228.5,232.2,233.9,233.0,231.5,229.3,227.5,226.7,227.1,228.2,230.0,231.4,232.2,232.6,232.6,232.5,230.6,231.2,230.5,228.8,227.3,226.7,227.5,229.1,262.8,264.6,269.0,273.4,275.3,273.9,269.1,264.7,258.0,260.1,263.3,267.7,272.6,276.8,280.1,276.7,272.2,267.7,263.6,260.2,267.4,269.3,271.2,272.0,271.2,269.3,267.3,266.6,333.0,334.7,339.2,344.0,346.1,344.3,339.8,334.8,329.1,331.5,335.0,339.9,345.1,349.7,353.1,349.8,345.5,340.8,336.1,332.0,337.7,339.7,341.7,342.5,341.6,339.5,337.5,336.7,-1.9,-6.3,-8.3,-6.7,-2.5,2.2,3.9,2.3,0.2,-2.0,-3.6,-4.5,-4.1,-2.5,-0.2,1.3,1.9,2.3,2.3,1.7,-0.1,0.6,-0.2,-2.2,-4.0,-4.7,-3.8,-1.9,-4.7,-9.1,-11.1,-9.6,-5.5,-1.1,0.9,-0.2,-2.0,-4.6,-6.6,-7.6,-7.1,-5.8,-3.7,-2.0,-1.1,-0.6,-0.6,-0.8,-2.9,-2.3,-3.2,-5.1,-6.9,-7.6,-6.7,-4.8,661.9,662.7,663.5,663.8,663.5,662.9,661.8,661.5,665.2,663.0,661.3,660.8,661.9,663.8,665.7,663.6,661.5,660.5,661.1,662.9,663.0,663.1,663.5,663.8,664.0,663.9,663.5,663.2,704.8,706.0,707.7,708.8,708.7,707.5,705.8,704.9,705.2,704.5,704.3,705.3,707.8,711.1,714.4,710.9,707.6,705.2,704.1,704.4,706.6,707.1,707.8,708.4,708.4,707.9,707.2,706.7,370.2,31.3,828.1,0.005,0.099,-0.084
550,0,1656521725.360,0.98,1,-0.088570,0.082089,-0.992682,-0.241205,0.081578,-0.967039,-0.167,0.083,560.7,562.0,565.8,569.7,571.5,570.5,566.5,562.5,555.1,557.8,561.4,565.6,569.7,572.8,575.0,572.8,569.5,565.6,561.7,558.0,564.5,566.2,567.8,568.4,567.6,565.9,564.2,563.7,606.1,607.1,610.3,613.9,615.7,614.7,611.5,607.6,602.6,604.9,608.1,611.9,615.3,617.7,619.3,618.0,615.7,612.7,609.1,605.4,609.4,610.9,612.3,612.8,612.0,610.4,609.0,608.6,231.4,227.4,225.6,227.0,230.9,235.2,236.7,235.2,233.3,231.2,229.8,228.9,229.4,230.8,232.9,234.3,234.9,235.3,235.2,234.6,233.1,233.7,232.9,231.1,229.5,228.8,229.6,231.4,229.1,225.4,223.7,225.0,228.5,232.2,234.0,233.0,231.5,229.2,227.5,226.6,227.1,228.2,230.0,231.4,232.2,232.6,232.7,232.5,230.6,231.2,230.5,228.8,227.3,226.7,227.5,229.1,261.7,263.5,267.9,272.3,274.2,272.8,268.0,263.6,256.9,259.0,262.2,266.6,271.5,275.7,278.9,275.6,271.1,266.5,262.4,259.1,266.2,268.2,270.1,270.9,270.1,268.1,266.2,265.4,331.3,333.0,337.5,342.3,344.4,342.6,338.1,333.1,327.4,329.8,333.3,338.2,343.4,348.0,351.4,348.2,343.8,339.1,334.4,330.3,336.0,338.0,340.0,340.8,339.9,337.8,335.8,335.1,-2.0,-6.3,-8.3,-6.7,-2.5,2.2,3.8,2.3,0.1,-2.1,-3.7,-4.6,-4.1,-2.6,-0.3,1.2,1.9,2.3,2.2,1.6,-0.1,0.6,-0.3,-2.2,-4.1,-4.8,-3.9,-2.0,-4.7,-9.1,-11.1,-9.6,-5.5,-1.1,0.9,-0.2,-1.9,-4.6,-6.6,-7.6,-7.1,-5.8,-3.7,-2.0,-1.1,-0.6,-0.6,-0.8,-2.9,-2.3,-3.2,-5.1,-6.9,-7.5,-6.7,-4.7,659.2,660.1,660.8,661.1,660.7,660.2,659.1,658.9,662.5,660.3,658.6,658.1,659.2,661.0,663.0,660.9,658.8,657.8,658.4,660.2,660.3,660.4,660.8,661.1,661.3,661.2,660.8,660.5,701.5,702.7,704.3,705.5,705.4,704.2,702.5,701.5,701.8,701.1,701.0,702.0,704.5,707.9,711.1,707.7,704.3,701.9,700.8,701.0,703.3,703.8,704.5,705.1,705.1,704.6,703.9,703.4,369.3,31.2,826.3,0.006,0.099,-0.083
551,0,1656521725.393,0.98,1,-0.087312,0.085309,-0.992522,-0.242098,0.085528,-0.966475,-0.167,0.087,560.8,562.1,565.8,569.7,571.6,570.5,566.5,562.6,555.2,557.9,561.5,565.7,569.7,572.8,575.0,572.8,569.5,565.7,561.8,558.1,564.5,566.2,567.9,568.5,567.7,565.9,564.3,563.7,606.3,607.3,610.5,614.0,615.8,614.8,611.6,607.8,602.8,605.1,608.2,612.0,615.4,617.9,619.5,618.1,615.8,612.8,609.2,605.6,609.5,611.1,612.5,612.9,612.1,610.6,609.2,608.7,231.3,227.3,225.5,227.0,230.8,235.1,236.6,235.2,233.2,231.2,229.8,229.0,229.4,230.8,232.8,234.2,234.8,235.2,235.1,234.6,233.0,233.6,232.8,231.1,229.4,228.8,229.6,231.3,229.1,225.5,223.8,225.1,228.6,232.3,234.0,233.0,231.5,229.3,227.6,226.8,227.2,228.3,230.1,231.5,232.3,232.7,232.7,232.5,230.7,231.3,230.5,228.9,227.4,226.8,227.5,229.1,262.7,264.5,268.9,273.3,275.2,273.8,269.0,264.6,257.9,260.0,263.2,267.6,272.5,276.7,280.0,276.6,272.1,267.6,263.5,260.1,267.3,269.2,271.1,271.9,271.1,269.2,267.2,266.4,334.4,336.1,340.7,345.4,347.5,345.7,341.1,336.2,330.5,332.9,336.4,341.3,346.5,351.1,354.6,351.2,346.9,342.1,337.5,333.4,339.1,341.1,343.1,343.9,343.0,340.9,338.9,338.1,-2.0,-6.4,-8.4,-6.8,-2.6,2.1,3.8,2.2,0.1,-2.1,-3.7,-4.6,-4.1,-2.6,-0.4,1.1,1.8,2.2,2.1,1.5,-0.2,0.5,-0.4,-2.3,-4.1,-4.8,-4.0,-2.0,-4.7,-9.1,-11.1,-9.6,-5.4,-1.0,1.0,-0.2,-2.0,-4.6,-6.5,-7.5,-7.0,-5.7,-3.6,-1.9,-1.0,-0.6,-0.6,-0.8,-2.9,-2.2,-3.1,-5.0,-6.9,-7.5,-6.6,-4.7,661.5,662.4,663.1,663.4,663.1,662.5,661.5,661.2,664.8,662.6,660.9,660.4,661.5,663.4,665.4,663.3,661.1,660.2,660.7,662.5,662.6,662.8,663.1,663.5,663.6,663.5,663.1,662.8,707.6,708.8,710.4,711.5,711.4,710.2,708.6,707.7,708.0,707.3,707.1,708.0,710.5,713.9,717.1,713.7,710.3,707.9,706.9,707.2,709.4,709.9,710.6,711.1,711.2,710.7,710.0,709.5,370.3,31.2,828.4,0.007,0.097,-0.079
552,0,1656521725.426,0.98,1,-0.090057,0.085493,-0.992260,-0.241711,0.085110,-0.966609,-0.168,0.087,560.7,562.1,565.8,569.7,571.5,570.5,566.5,562.6,555.2,557.9,561.5,565.6,569.7,572.8,575.0,572.8,569.5,565.7,561.7,558.1,564.5,566.2,567.8,568.4,567.6,565.9,564.3,563.7,606.2,607.2,610.4,614.0,615.8,614.8,611.6,607.7,602.8,605.1,608.2,612.0,615.4,617.9,619.4,618.1,615.8,612.7,609.2,605.6,609.5,611.0,612.5,612.9,612.1,610.5,609.1,608.7,231.3,227.3,225.5,227.0,230.8,235.1,236.6,235.1,233.2,231.2,229.7,228.9,229.3,230.7,232.8,234.2,234.8,235.2,235.1,234.5,233.0,233.6,232.8,231.1,229.4,228.8,229.5,231.3,229.1,225.4,223.7,225.0,228.5,232.2,233.9,233.0,231.5,229.2,227.5,226.7,227.1,228.3,230.0,231.5,232.2,232.6,232.6,232.5,230.6,231.2,230.5,228.8,227.3,226.7,227.5,229.1,263.2,264.9,269.3,273.8,275.6,274.2,269.4,265.0,258.4,260.4,263.7,268.0,272.9,277.1,280.4,277.0,272.5,268.0,263.9,260.6,267.7,269.6,271.6,272.4,271.5,269.6,267.7,266.9,333.4,335.1,339.6,344.4,346.5,344.7,340.1,335.2,329.5,331.8,335.4,340.3,345.5,350.1,353.5,350.2,345.9,341.2,336.5,332.4,338.1,340.1,342.1,342.9,342.0,339.9,337.9,337.1,-2.0,-6.4,-8.4,-6.8,-2.6,2.1,3.7,2.2,0.0,-2.2,-3.8,-4.7,-4.2,-2.7,-0.4,1.1,1.8,2.2,2.1,1.5,-0.2,0.5,-0.4,-2.3,-4.2,-4.9,-4.0,-2.1,-4.7,-9.1,-11.1,-9.6,-5.4,-1.1,0.9,-0.2,-2.0,-4.6,-6.6,-7.6,-7.1,-5.8,-3.7,-2.0,-1.1,-0.6,-0.6,-0.8,-3.0,-2.3,-3.2,-5.1,-6.9,-7.6,-6.7,-4.8,662.8,663.6,664.3,664.6,664.2,663.7,662.7,662.4,666.1,663.9,662.1,661.6,662.7,664.5,666.5,664.4,662.3,661.4,661.9,663.7,663.8,664.0,664.3,664.6,664.8,664.7,664.3,664.0,705.6,706.8,708.4,709.5,709.4,708.2,706.6,705.6,705.9,705.2,705.1,706.0,708.5,711.9,715.1,711.7,708.3,705.9,704.9,705.1,707.4,707.9,708.6,709.1,709.1,708.7,707.9,707.4,369.9,31.2,827.5,0.007,0.099,-0.081
553,0,1656521725.460,0.98,1,-0.087585,0.086103,-0.992429,-0.240088,0.085790,-0.966953,-0.166,0.088,560.8,562.1,565.9,569.8,571.6,570.5,566.6,562.6,555.3,557.9,561.5,565.7,569.7,572.9,575.1,572.8,569.5,565.7,561.8,558.1,564.6,566.3,567.9,568.5,567.7,566.0,564.3,563.8,606.2,607.2,610.4,614.0,615.8,614.8,611.6,607.7,602.8,605.1,608.2,612.0,615.4,617.8,619.4,618.1,615.8,612.7,609.2,605.6,609.5,611.0,612.5,612.9,612.1,610.5,609.1,608.7,231.3,227.3,225.5,226.9,230.7,235.0,236.5,235.1,233.2,231.2,229.7,228.9,229.3,230.7,232.8,234.1,234.7,235.1,235.1,234.5,232.9,233.6,232.8,231.0,229.4,228.7,229.5,231.3,229.0,225.3,223.6,224.9,228.4,232.1,233.8,232.9,231.4,229.1,227.4,226.6,227.0,228.1,229.9,231.3,232.1,232.5,232.5,232.4,230.5,231.1,230.4,228.7,227.2,226.6,227.4,229.0,262.9,264.7,269.1,273.6,275.4,274.0,269.2,264.8,258.1,260.2,263.5,267.8,272.7,276.9,280.2,276.8,272.3,267.8,263.7,260.4,267.5,269.4,271.4,272.1,271.3,269.4,267.5,266.7,333.0,334.8,339.3,344.0,346.1,344.4,339.8,334.9,329.2,331.5,335.1,340.0,345.2,349.8,353.2,349.9,345.6,340.9,336.2,332.1,337.7,339.8,341.8,342.6,341.6,339.6,337.6,336.8,-2.1,-6.5,-8.5,-6.9,-2.7,2.1,3.7,2.1,-0.0,-2.2,-3.8,-4.7,-4.2,-2.7,-0.4,1.1,1.7,2.1,2.1,1.5,-0.2,0.4,-0.4,-2.4,-4.2,-4.9,-4.0,-2.1,-4.9,-9.2,-11.2,-9.7,-5.6,-1.2,0.8,-0.4,-2.1,-4.7,-6.7,-7.7,-7.2,-5.9,-3.9,-2.1,-1.2,-0.7,-0.7,-0.9,-3.1,-2.4,-3.3,-5.2,-7.0,-7.7,-6.8,-4.9,662.0,662.8,663.6,663.9,663.5,663.0,662.0,661.7,665.3,663.1,661.4,660.9,662.0,663.8,665.8,663.7,661.6,660.6,661.2,663.0,663.1,663.2,663.6,663.9,664.1,664.0,663.6,663.3,704.9,706.1,707.7,708.9,708.8,707.6,706.0,705.0,705.2,704.5,704.4,705.4,707.9,711.3,714.5,711.1,707.7,705.3,704.2,704.5,706.7,707.2,708.0,708.5,708.5,708.0,707.3,706.8,369.9,31.2,827.5,0.009,0.096,-0.081
554,0,1656521725.493,0.98,1,-0.085651,0.082228,-0.992926,-0.240504,0.082513,-0.967135,-0.165,0.084,560.7,562.1,565.8,569.7,571.5,570.5,566.5,562.6,555.2,557.9,561.5,565.6,569.7,572.8,575.0,572.8,569.5,565.7,561.7,558.1,564.5,566.2,567.8,568.4,567.6,565.9,564.3,563.7,606.2,607.1,610.3,613.9,615.7,614.8,611.5,607.7,602.7,605.0,608.1,611.9,615.3,617.8,619.3,618.0,615.7,612.7,609.1,605.5,609.4,611.0,612.4,612.8,612.0,610.5,609.1,608.6,231.2,227.2,225.4,226.9,230.7,235.0,236.5,235.0,233.1,231.1,229.6,228.8,229.3,230.7,232.8,234.1,234.7,235.1,235.0,234.4,232.9,233.5,232.7,231.0,229.3,228.7,229.5,231.2,229.0,225.3,223.6,224.9,228.4,232.1,233.8,232.8,231.4,229.1,227.4,226.5,227.0,228.1,229.9,231.3,232.1,232.5,232.5,232.4,230.5,231.1,230.3,228.7,227.2,226.6,227.4,229.0,262.4,264.2,268.6,273.1,274.9,273.5,268.7,264.3,257.6,259.7,263.0,267.3,272.2,276.4,279.7,276.3,271.8,267.3,263.2,259.8,267.0,268.9,270.8,271.6,270.8,268.9,266.9,266.2,333.1,334.9,339.4,344.1,346.3,344.5,339.9,335.0,329.3,331.6,335.2,340.1,345.3,349.9,353.3,350.0,345.7,341.0,336.3,332.2,337.8,339.9,341.9,342.7,341.7,339.7,337.7,336.9,-2.1,-6.5,-8.5,-6.9,-2.7,2.0,3.7,2.1,-0.1,-2.3,-3.9,-4.8,-4.3,-2.7,-0.4,1.0,1.7,2.1,2.0,1.4,-0.3,0.4,-0.5,-2.4,-4.2,-4.9,-4.1,-2.1,-4.9,-9.2,-11.3,-9.8,-5.6,-1.2,0.8,-0.4,-2.1,-4.7,-6.7,-7.8,-7.3,-6.0,-3.9,-2.2,-1.2,-0.8,-0.8,-0.9,-3.1,-2.4,-3.3,-5.2,-7.1,-7.7,-6.8,-4.9,660.9,661.8,662.6,662.9,662.5,661.9,660.8,660.5,664.2,662.0,660.3,659.8,661.0,662.8,664.8,662.7,660.5,659.5,660.1,661.8,662.0,662.2,662.5,662.9,663.0,662.9,662.6,662.2,705.3,706.5,708.1,709.3,709.2,708.0,706.3,705.3,705.6,704.9,704.8,705.8,708.3,711.6,714.9,711.4,708.1,705.6,704.6,704.8,707.1,707.6,708.3,708.9,708.9,708.4,707.7,707.2,369.2,31.1,826.2,0.006,0.096,-0.080
555,0,1656521725.526,0.98,1,-0.089516,0.084769,-0.992371,-0.243062,0.084472,-0.966326,-0.168,0.086,560.8,562.1,565.9,569.8,571.6,570.5,566.6,562.6,555.3,557.9,561.5,565.7,569.7,572.9,575.1,572.8,569.5,565.7,561.8,558.1,564.6,566.3,567.9,568.5,567.7,566.0,564.3,563.8,606.2,607.2,610.4,614.0,615.8,614.8,611.5,607.7,602.7,605.0,608.2,611.9,615.3,617.8,619.4,618.0,615.7,612.7,609.1,605.5,609.4,611.0,612.4,612.8,612.1,610.5,609.1,608.7,231.3,227.3,225.5,226.9,230.8,235.1,236.6,235.1,233.2,231.2,229.7,228.9,229.3,230.7,232.8,234.2,234.7,235.1,235.1,234.5,233.0,233.6,232.8,231.0,229.4,228.7,229.5,231.3,229.1,225.4,223.8,225.1,228.6,232.3,234.0,233.0,231.5,229.3,227.6,226.7,227.2,228.3,230.1,231.5,232.3,232.7,232.7,232.5,230.7,231.2,230.5,228.9,227.3,226.8,227.5,229.1,262.9,264.7,269.1,273.6,275.4,274.0,269.2,264.8,258.1,260.2,263.5,267.8,272.7,276.9,280.2,276.9,272.3,267.8,263.7,260.4,267.5,269.4,271.4,272.2,271.3,269.4,267.5,266.7,333.8,335.6,340.1,344.8,346.9,345.2,340.6,335.6,329.9,332.3,335.9,340.8,346.0,350.5,354.0,350.7,346.3,341.6,336.9,332.8,338.5,340.6,342.6,343.3,342.4,340.4,338.4,337.6,-2.1,-6.4,-8.4,-6.9,-2.6,2.1,3.7,2.2,0.0,-2.2,-3.8,-4.7,-4.2,-2.7,-0.4,1.1,1.7,2.1,2.1,1.5,-0.2,0.5,-0.4,-2.3,-4.2,-4.9,-4.0,-2.1,-4.7,-9.1,-11.1,-9.6,-5.4,-1.0,1.0,-0.2,-2.0,-4.6,-6.6,-7.5,-7.0,-5.7,-3.6,-1.9,-1.0,-0.6,-0.6,-0.8,-2.9,-2.2,-3.1,-5.0,-6.9,-7.5,-6.6,-4.7,662.1,662.9,663.6,663.9,663.6,663.0,662.0,661.7,665.3,663.2,661.4,660.9,662.0,663.9,665.8,663.7,661.6,660.7,661.2,663.0,663.1,663.3,663.6,664.0,664.1,664.0,663.7,663.3,706.7,707.9,709.5,710.6,710.5,709.3,707.7,706.7,707.0,706.3,706.1,707.1,709.6,712.9,716.2,712.7,709.4,707.0,705.9,706.2,708.5,709.0,709.7,710.2,710.2,709.7,709.0,708.5,369.8,31.2,827.4,0.006,0.100,-0.079
556,0,1656521725.560,0.98,1,-0.086743,0.083226,-0.992748,-0.241888,0.083581,-0.966698,-0.166,0.085,560.8,562.1,565.8,569.8,571.6,570.5,566.5,562.6,555.2,557.9,561.5,565.7,569.7,572.9,575.1,572.8,569.5,565.7,561.7,558.1,564.5,566.2,567.9,568.5,567.7,565.9,564.3,563.7,606.3,607.3,610.5,614.1,615.9,614.9,611.7,607.8,602.8,605.1,608.2,612.0,615.5,617.9,619.5,618.2,615.8,612.8,609.2,605.6,609.5,611.1,612.5,613.0,612.2,610.6,609.2,608.7,231.3,227.3,225.5,227.0,230.8,235.1,236.6,235.2,233.2,231.2,229.8,228.9,229.4,230.8,232.9,234.3,234.8,235.2,235.2,234.6,233.0,233.7,232.9,231.1,229.4,228.8,229.6,231.3,229.2,225.4,223.7,225.0,228.6,232.3,234.0,233.0,231.5,229.3,227.6,226.7,227.1,228.3,230.1,231.5,232.3,232.7,232.7,232.5,230.7,231.3,230.5,228.9,227.3,226.8,227.5,229.1,261.4,263.2,267.6,272.0,273.9,272.5,267.7,263.2,256.6,258.7,261.9,266.3,271.2,275.4,278.6,275.3,270.8,266.2,262.1,258.8,265.9,267.9,269.8,270.6,269.8,267.8,265.9,265.1,332.0,333.7,338.3,343.0,345.1,343.4,338.8,333.8,328.1,330.5,334.1,339.0,344.2,348.7,352.2,348.9,344.5,339.8,335.1,331.1,336.7,338.8,340.8,341.5,340.6,338.6,336.6,335.8,-2.0,-6.4,-8.4,-6.8,-2.5,2.2,3.8,2.2,0.1,-2.1,-3.7,-4.6,-4.1,-2.6,-0.3,1.2,1.8,2.2,2.2,1.6,-0.2,0.5,-0.3,-2.2,-4.1,-4.8,-3.9,-2.0,-4.7,-9.0,-11.0,-9.5,-5.4,-1.0,1.0,-0.2,-1.9,-4.5,-6.5,-7.5,-7.0,-5.7,-3.6,-1.9,-1.0,-0.5,-0.5,-0.7,-2.9,-2.2,-3.1,-5.0,-6.8,-7.5,-6.6,-4.7,658.3,659.1,659.9,660.2,659.8,659.3,658.2,657.9,661.6,659.4,657.6,657.1,658.3,660.1,662.1,660.0,657.9,656.9,657.5,659.2,659.4,659.5,659.9,660.2,660.4,660.2,659.9,659.5,702.6,703.8,705.4,706.6,706.5,705.3,703.7,702.7,703.0,702.3,702.1,703.1,705.6,708.9,712.2,708.8,705.4,703.0,701.9,702.2,704.5,704.9,705.7,706.2,706.2,705.7,705.0,704.5,369.9,31.1,827.8,0.006,0.097,-0.078
557,0,1656521725.593,0.98,1,-0.086741,0.083357,-0.992737,-0.241373,0.083432,-0.966839,-0.166,0.085,560.6,562.0,565.7,569.6,571.5,570.4,566.4,562.4,555.0,557.7,561.3,565.5,569.6,572.7,574.9,572.7,569.4,565.5,561.6,557.9,564.4,566.1,567.7,568.3,567.5,565.8,564.2,563.6,606.2,607.2,610.4,614.0,615.8,614.8,611.6,607.7,602.7,605.1,608.2,612.0,615.4,617.9,619.4,618.1,615.8,612.7,609.2,605.5,609.5,611.0,612.4,612.9,612.1,610.5,609.1,608.7,231.3,227.2,225.4,226.9,230.8,235.1,236.6,235.1,233.1,231.1,229.7,228.9,229.3,230.7,232.8,234.2,234.7,235.1,235.0,234.5,232.9,233.6,232.8,231.0,229.3,228.7,229.5,231.2,229.2,225.5,223.8,225.1,228.6,232.3,234.0,233.0,231.5,229.3,227.6,226.7,227.2,228.3,230.1,231.5,232.3,232.7,232.7,232.5,230.7,231.3,230.5,228.9,227.4,226.8,227.5,229.2,261.5,263.3,267.7,272.1,274.0,272.5,267.7,263.3,256.6,258.8,262.0,266.4,271.3,275.5,278.7,275.4,270.9,266.3,262.2,258.9,266.0,268.0,269.9,270.7,269.9,267.9,266.0,265.2,332.7,334.5,339.0,343.7,345.8,344.1,339.5,334.5,328.8,331.2,334.8,339.7,344.9,349.4,352.9,349.6,345.2,340.5,335.8,331.7,337.4,339.5,341.5,342.2,341.3,339.3,337.3,336.5,-2.1,-6.5,-8.5,-6.9,-2.6,2.1,3.7,2.1,-0.1,-2.2,-3.8,-4.7,-4.2,-2.7,-0.4,1.1,1.7,2.1,2.1,1.4,-0.2,0.4,-0.4,-2.3,-4.2,-4.9,-4.0,-2.1,-4.7,-9.0,-11.0,-9.5,-5.4,-1.0,1.0,-0.2,-1.9,-4.5,-6.5,-7.5,-7.0,-5.7,-3.6,-1.9,-1.0,-0.5,-0.5,-0.7,-2.9,-2.2,-3.1,-5.0,-6.8,-7.5,-6.6,-4.7,658.9,659.7,660.5,660.8,660.4,659.9,658.8,658.5,662.2,660.0,658.3,657.8,658.9,660.7,662.7,660.6,658.5,657.5,658.1,659.9,660.0,660.1,660.5,660.8,661.0,660.9,660.5,660.2,704.3,705.5,707.1,708.2,708.1,706.9,705.3,704.3,704.6,703.9,703.8,704.7,707.2,710.6,713.8,710.4,707.0,704.6,703.5,703.8,706.1,706.6,707.3,707.8,707.8,707.4,706.6,706.1,369.4,31.1,826.8,0.004,0.096,-0.077
558,0,1656521725.626,0.98,1,-0.083422,0.083692,-0.992994,-0.239185,0.083918,-0.967341,-0.163,0.085,560.7,562.1,565.8,569.7,571.5,570.4,566.5,562.6,555.1,557.8,561.5,565.6,569.6,572.8,575.0,572.7,569.5,565.7,561.7,558.0,564.5,566.2,567.8,568.4,567.6,565.9,564.3,563.7,606.2,607.2,610.4,613.9,615.7,614.7,611.5,607.7,602.7,605.0,608.1,611.9,615.3,617.8,619.3,618.0,615.7,612.7,609.1,605.5,609.4,611.0,612.4,612.8,612.0,610.5,609.1,608.6,231.1,227.1,225.3,226.8,230.6,234.9,236.4,234.9,233.0,231.0,229.6,228.8,229.2,230.6,232.6,234.0,234.5,234.9,234.9,234.3,232.8,233.4,232.6,230.9,229.2,228.6,229.4,231.1,229.0,225.3,223.6,224.9,228.4,232.1,233.8,232.8,231.3,229.1,227.4,226.6,227.0,228.2,229.9,231.3,232.1,232.5,232.5,232.3,230.5,231.1,230.3,228.7,227.2,226.6,227.4,229.0,262.9,264.6,269.1,273.5,275.4,274.0,269.1,264.7,258.0,260.1,263.4,267.8,272.7,276.9,280.1,276.8,272.3,267.7,263.6,260.3,267.4,269.4,271.3,272.1,271.3,269.3,267.4,266.6,334.7,336.4,341.0,345.7,347.8,346.0,341.4,336.5,330.8,333.2,336.8,341.6,346.9,351.4,354.9,351.6,347.2,342.5,337.8,333.7,339.4,341.4,343.4,344.2,343.3,341.2,339.2,338.5,-2.3,-6.6,-8.6,-7.0,-2.8,1.9,3.5,2.0,-0.2,-2.4,-3.9,-4.8,-4.4,-2.8,-0.6,0.9,1.5,1.9,1.9,1.3,-0.4,0.3,-0.6,-2.5,-4.4,-5.1,-4.2,-2.3,-4.9,-9.3,-11.3,-9.8,-5.6,-1.2,0.8,-0.4,-2.2,-4.8,-6.7,-7.7,-7.2,-5.9,-3.9,-2.2,-1.3,-0.8,-0.8,-1.0,-3.1,-2.5,-3.3,-5.2,-7.1,-7.7,-6.9,-4.9,662.1,662.9,663.7,664.0,663.7,663.1,662.0,661.7,665.3,663.1,661.4,660.9,662.1,664.0,666.0,663.8,661.7,660.7,661.2,663.0,663.2,663.3,663.7,664.0,664.2,664.1,663.7,663.3,708.5,709.7,711.3,712.4,712.3,711.1,709.5,708.5,708.8,708.1,708.0,708.9,711.5,714.8,718.0,714.6,711.2,708.8,707.8,708.0,710.3,710.8,711.5,712.0,712.1,711.6,710.9,710.3,369.1,31.0,826.1,0.003,0.092,-0.076
559,0,1656521725.660,0.98,1,-0.085480,0.082073,-0.992954,-0.240457,0.082277,-0.967166,-0.165,0.084,560.7,562.0,565.7,569.7,571.5,570.4,566.5,562.5,555.1,557.8,561.4,565.6,569.6,572.8,575.0,572.7,569.4,565.6,561.7,558.0,564.5,566.2,567.8,568.4,567.6,565.9,564.2,563.6,606.1,607.1,610.3,613.9,615.7,614.7,611.5,607.6,602.7,605.0,608.1,611.9,615.3,617.7,619.3,618.0,615.7,612.6,609.1,605.5,609.4,610.9,612.3,612.8,612.0,610.4,609.0,608.6,231.1,227.1,225.3,226.7,230.6,234.9,236.4,234.9,233.0,231.0,229.5,228.7,229.1,230.5,232.6,234.0,234.5,234.9,234.9,234.3,232.8,233.4,232.6,230.9,229.2,228.5,229.3,231.1,228.9,225.2,223.5,224.8,228.3,232.0,233.7,232.8,231.3,229.0,227.3,226.5,226.9,228.1,229.9,231.3,232.0,232.4,232.4,232.3,230.5,231.0,230.3,228.7,227.1,226.5,227.3,228.9,262.3,264.1,268.5,273.0,274.8,273.4,268.6,264.2,257.5,259.6,262.9,267.2,272.1,276.3,279.6,276.3,271.8,267.2,263.1,259.8,266.9,268.8,270.8,271.6,270.7,268.8,266.9,266.1,333.6,335.3,339.9,344.6,346.7,344.9,340.4,335.4,329.7,332.1,335.7,340.6,345.8,350.3,353.8,350.5,346.1,341.4,336.7,332.6,338.3,340.4,342.4,343.1,342.2,340.1,338.2,337.4,-2.3,-6.7,-8.7,-7.1,-2.8,1.9,3.5,1.9,-0.2,-2.4,-4.0,-4.9,-4.4,-2.9,-0.6,0.9,1.5,1.9,1.9,1.3,-0.4,0.3,-0.6,-2.5,-4.4,-5.1,-4.2,-2.3,-5.0,-9.3,-11.4,-9.8,-5.7,-1.3,0.7,-0.5,-2.2,-4.8,-6.8,-7.8,-7.3,-6.0,-3.9,-2.2,-1.3,-0.9,-0.9,-1.0,-3.2,-2.5,-3.4,-5.3,-7.1,-7.8,-6.9,-5.0,660.9,661.7,662.5,662.8,662.4,661.9,660.8,660.5,664.1,662.0,660.2,659.7,660.9,662.7,664.7,662.6,660.4,659.5,660.0,661.8,661.9,662.1,662.4,662.8,663.0,662.8,662.5,662.1,706.4,707.6,709.2,710.3,710.2,709.0,707.4,706.4,706.7,706.0,705.9,706.8,709.4,712.7,715.9,712.5,709.1,706.7,705.7,705.9,708.2,708.7,709.4,709.9,710.0,709.5,708.8,708.2,369.4,31.1,826.6,0.002,0.094,-0.078
560,0,1656521725.693,0.98,1,-0.090467,0.083460,-0.992396,-0.242619,0.083293,-0.966539,-0.168,0.085,560.7,562.0,565.7,569.6,571.5,570.4,566.4,562.5,555.2,557.8,561.4,565.5,569.6,572.7,574.9,572.7,569.4,565.6,561.7,558.0,564.4,566.1,567.8,568.3,567.5,565.8,564.2,563.6,606.0,607.0,610.2,613.8,615.6,614.6,611.4,607.5,602.6,604.9,608.0,611.8,615.2,617.6,619.2,617.8,615.5,612.5,609.0,605.3,609.3,610.8,612.2,612.7,611.9,610.3,608.9,608.5,231.1,227.1,225.3,226.8,230.6,234.9,236.4,234.9,233.0,231.0,229.6,228.7,229.2,230.6,232.6,234.0,234.6,235.0,234.9,234.4,232.8,233.4,232.6,230.9,229.2,228.6,229.4,231.1,228.9,225.2,223.6,224.9,228.4,232.1,233.8,232.8,231.3,229.1,227.4,226.5,227.0,228.1,229.9,231.3,232.1,232.5,232.5,232.3,230.5,231.0,230.3,228.7,227.1,226.6,227.3,228.9,263.3,265.1,269.5,273.9,275.8,274.4,269.6,265.2,258.6,260.6,263.9,268.2,273.1,277.3,280.6,277.2,272.7,268.2,264.1,260.8,267.9,269.8,271.8,272.5,271.7,269.8,267.9,267.1,333.9,335.7,340.2,344.9,347.0,345.3,340.7,335.7,330.1,332.4,336.0,340.9,346.1,350.7,354.1,350.8,346.5,341.7,337.0,333.0,338.6,340.7,342.7,343.5,342.5,340.5,338.5,337.7,-2.2,-6.6,-8.6,-7.1,-2.8,1.9,3.5,2.0,-0.2,-2.4,-4.0,-4.9,-4.4,-2.9,-0.6,0.9,1.5,2.0,1.9,1.3,-0.4,0.3,-0.6,-2.5,-4.4,-5.1,-4.2,-2.3,-5.0,-9.3,-11.3,-9.8,-5.6,-1.3,0.7,-0.4,-2.2,-4.8,-6.8,-7.8,-7.3,-6.0,-3.9,-2.2,-1.3,-0.8,-0.8,-1.0,-3.2,-2.5,-3.4,-5.3,-7.1,-7.8,-6.9,-5.0,663.5,664.3,665.0,665.3,664.9,664.4,663.4,663.1,666.8,664.6,662.8,662.3,663.4,665.2,667.2,665.1,663.0,662.1,662.6,664.4,664.5,664.6,665.0,665.3,665.5,665.4,665.0,664.7,707.3,708.5,710.1,711.2,711.1,709.9,708.3,707.4,707.7,707.0,706.8,707.8,710.3,713.6,716.8,713.4,710.0,707.6,706.6,706.9,709.1,709.6,710.3,710.8,710.9,710.4,709.7,709.2,370.2,31.1,828.5,0.004,0.099,-0.081
561,0,1656521725.726,0.98,1,-0.090337,0.083767,-0.992382,-0.241980,0.083395,-0.966691,-0.168,0.085,560.6,561.9,565.7,569.6,571.5,570.4,566.4,562.5,555.1,557.7,561.3,565.5,569.6,572.7,575.0,572.7,569.4,565.6,561.6,557.9,564.4,566.1,567.7,568.3,567.5,565.8,564.2,563.6,606.1,607.0,610.3,613.9,615.7,614.7,611.5,607.6,602.6,604.9,608.0,611.8,615.3,617.7,619.3,618.0,615.7,612.6,609.0,605.4,609.3,610.9,612.3,612.8,612.0,610.4,609.0,608.5,231.1,227.1,225.3,226.7,230.6,234.9,236.4,235.0,233.0,231.0,229.5,228.7,229.1,230.5,232.6,234.0,234.6,235.0,234.9,234.3,232.8,233.4,232.6,230.9,229.2,228.5,229.3,231.1,228.8,225.1,223.4,224.6,228.2,231.9,233.7,232.7,231.2,228.9,227.2,226.4,226.8,227.9,229.7,231.1,231.9,232.3,232.4,232.2,230.3,230.9,230.2,228.5,227.0,226.4,227.2,228.8,261.5,263.3,267.7,272.1,274.0,272.6,267.8,263.4,256.7,258.8,262.0,266.4,271.3,275.5,278.7,275.4,270.9,266.4,262.3,259.0,266.1,268.0,269.9,270.7,269.9,268.0,266.0,265.3,330.8,332.5,337.0,341.8,343.9,342.2,337.6,332.6,326.9,329.3,332.8,337.7,342.9,347.5,351.0,347.7,343.3,338.6,333.9,329.8,335.5,337.6,339.5,340.3,339.4,337.3,335.3,334.6,-2.2,-6.6,-8.6,-7.1,-2.8,1.9,3.5,2.0,-0.2,-2.4,-4.0,-4.9,-4.4,-2.9,-0.6,0.9,1.5,2.0,1.9,1.3,-0.4,0.3,-0.6,-2.5,-4.4,-5.1,-4.2,-2.3,-5.1,-9.4,-11.5,-10.0,-5.8,-1.4,0.6,-0.6,-2.3,-4.9,-6.9,-7.9,-7.5,-6.2,-4.1,-2.4,-1.4,-1.0,-0.9,-1.1,-3.3,-2.6,-3.5,-5.4,-7.2,-7.9,-7.0,-5.1,659.0,659.8,660.6,660.8,660.5,659.9,658.9,658.6,662.3,660.1,658.4,657.8,658.9,660.8,662.7,660.6,658.5,657.6,658.2,660.0,660.1,660.2,660.5,660.9,661.0,660.9,660.6,660.2,700.5,701.7,703.4,704.5,704.4,703.2,701.6,700.6,700.9,700.2,700.0,701.0,703.5,706.9,710.2,706.7,703.3,700.9,699.8,700.1,702.4,702.9,703.6,704.1,704.1,703.6,702.9,702.4,369.5,31.0,826.8,0.006,0.101,-0.083
562,0,1656521725.760,0.98,1,-0.089468,0.079681,-0.992797,-0.243473,0.079609,-0.966635,-0.168,0.081,560.6,562.0,565.7,569.6,571.5,570.4,566.4,562.5,555.1,557.7,561.4,565.5,569.6,572.7,575.0,572.7,569.4,565.6,561.6,558.0,564.4,566.1,567.8,568.4,567.5,565.8,564.2,563.6,606.1,607.1,610.4,613.9,615.8,614.8,611.5,607.7,602.7,605.0,608.1,611.9,615.3,617.8,619.4,618.0,615.7,612.7,609.1,605.5,609.4,611.0,612.4,612.8,612.0,610.5,609.1,608.6,231.1,227.1,225.3,226.8,230.6,234.9,236.4,235.0,233.0,231.0,229.5,228.7,229.1,230.6,232.6,234.0,234.6,235.0,235.0,234.4,232.8,233.4,232.6,230.9,229.2,228.6,229.4,231.1,228.9,225.2,223.4,224.7,228.3,232.0,233.7,232.7,231.3,229.0,227.2,226.4,226.8,228.0,229.8,231.2,232.0,232.4,232.4,232.3,230.4,231.0,230.2,228.6,227.0,226.5,227.2,228.9,261.3,263.1,267.5,271.9,273.7,272.3,267.6,263.1,256.5,258.6,261.8,266.2,271.0,275.2,278.5,275.2,270.7,266.1,262.0,258.7,265.8,267.8,269.7,270.5,269.7,267.7,265.8,265.0,331.6,333.3,337.9,342.6,344.7,342.9,338.4,333.4,327.7,330.1,333.7,338.5,343.8,348.3,351.8,348.5,344.1,339.4,334.7,330.7,336.3,338.4,340.4,341.1,340.2,338.1,336.1,335.4,-2.2,-6.6,-8.6,-7.0,-2.8,1.9,3.6,2.0,-0.1,-2.4,-4.0,-4.9,-4.4,-2.9,-0.6,1.0,1.6,2.0,2.0,1.4,-0.4,0.3,-0.6,-2.5,-4.3,-5.0,-4.2,-2.2,-5.0,-9.3,-11.4,-9.9,-5.7,-1.4,0.6,-0.5,-2.2,-4.9,-6.9,-7.9,-7.4,-6.1,-4.0,-2.3,-1.3,-0.9,-0.8,-1.0,-3.2,-2.6,-3.4,-5.3,-7.2,-7.8,-6.9,-5.0,658.4,659.2,659.9,660.2,659.8,659.3,658.2,658.0,661.7,659.5,657.7,657.2,658.3,660.1,662.1,660.0,657.9,656.9,657.5,659.3,659.4,659.5,659.9,660.2,660.4,660.3,659.9,659.6,702.1,703.3,704.9,706.0,705.9,704.7,703.1,702.1,702.4,701.7,701.6,702.6,705.1,708.4,711.6,708.2,704.8,702.4,701.4,701.7,703.9,704.4,705.1,705.6,705.7,705.2,704.5,703.9,370.2,31.0,828.2,0.004,0.100,-0.081
563,0,1656521725.793,0.98,1,-0.078534,0.096749,-0.992206,-0.239617,0.099683,-0.965736,-0.161,0.100,561.1,562.3,566.0,569.8,571.7,570.7,566.8,562.9,555.5,558.2,561.8,565.9,569.8,572.9,575.0,572.9,569.7,566.0,562.1,558.4,564.8,566.4,568.0,568.6,567.8,566.1,564.5,563.9,606.1,607.1,610.3,613.8,615.6,614.5,611.3,607.6,602.7,605.0,608.1,611.8,615.2,617.6,619.2,617.8,615.5,612.5,609.0,605.4,609.3,610.8,612.2,612.7,611.9,610.4,609.0,608.6,232.2,228.3,226.5,227.8,231.6,235.9,237.4,236.0,234.0,232.2,230.9,230.1,230.4,231.7,233.5,234.8,235.4,235.9,235.8,235.3,233.8,234.4,233.6,231.9,230.3,229.7,230.5,232.2,229.8,226.2,224.5,225.8,229.3,232.9,234.6,233.6,232.0,230.0,228.4,227.7,228.1,229.1,230.6,232.0,232.8,233.2,233.2,233.0,231.3,231.9,231.1,229.6,228.0,227.5,228.2,229.8,267.8,269.5,273.9,278.4,280.4,279.0,274.2,269.7,262.8,265.0,268.3,272.7,277.6,281.8,285.1,281.8,277.3,272.7,268.6,265.2,272.4,274.3,276.3,277.0,276.2,274.2,272.3,271.5,342.3,344.1,348.6,353.3,355.4,353.7,349.1,344.1,338.5,340.8,344.4,349.3,354.5,359.1,362.6,359.2,354.8,350.1,345.4,341.3,347.0,349.1,351.1,351.9,350.9,348.9,346.9,346.1,-1.0,-5.5,-7.5,-6.0,-1.7,3.0,4.7,3.2,1.0,-1.0,-2.5,-3.4,-3.1,-1.7,0.4,1.9,2.5,3.0,3.0,2.4,0.8,1.4,0.5,-1.4,-3.2,-3.9,-3.0,-1.1,-4.0,-8.4,-10.4,-8.9,-4.7,-0.3,1.7,0.5,-1.4,-3.8,-5.7,-6.6,-6.2,-5.0,-3.1,-1.4,-0.4,0.0,0.0,-0.2,-2.2,-1.6,-2.4,-4.4,-6.2,-6.9,-6.0,-4.1,673.5,674.2,675.1,675.5,675.3,674.8,673.7,673.2,676.7,674.5,672.8,672.4,673.6,675.6,677.7,675.5,673.3,672.3,672.7,674.4,674.7,674.9,675.2,675.6,675.7,675.5,675.1,674.8,724.8,725.8,727.4,728.4,728.4,727.3,725.8,724.9,725.2,724.4,724.2,725.0,727.5,730.8,734.1,730.7,727.4,725.1,724.1,724.4,726.6,727.0,727.7,728.2,728.2,727.7,727.1,726.6,372.4,31.4,833.1,0.005,0.094,-0.083
564,0,1656521725.826,0.98,1,-0.075225,0.102499,-0.991885,-0.238978,0.105874,-0.965236,-0.159,0.106,561.1,562.3,565.9,569.7,571.6,570.6,566.7,562.9,555.5,558.2,561.8,565.8,569.7,572.7,574.9,572.8,569.6,565.9,562.1,558.4,564.7,566.4,568.0,568.5,567.7,566.0,564.5,563.9,606.0,607.1,610.2,613.7,615.3,614.2,611.1,607.4,602.6,604.9,608.0,611.7,614.9,617.4,618.9,617.5,615.2,612.2,608.7,605.3,609.1,610.6,612.0,612.5,611.8,610.3,608.9,608.4,232.8,228.9,227.1,228.5,232.2,236.4,237.9,236.6,234.6,232.9,231.6,230.8,231.1,232.3,233.9,235.3,235.9,236.3,236.3,235.8,234.4,235.0,234.2,232.5,230.8,230.3,231.0,232.8,230.6,227.0,225.4,226.7,230.1,233.7,235.3,234.3,232.6,230.7,229.3,228.7,229.0,230.0,231.5,232.8,233.5,233.9,233.8,233.6,232.1,232.6,231.9,230.4,228.9,228.3,229.0,230.5,271.3,273.0,277.4,282.0,284.0,282.6,277.8,273.3,266.3,268.5,271.8,276.2,281.1,285.4,288.7,285.4,280.9,276.3,272.1,268.7,275.9,277.9,279.9,280.6,279.7,277.7,275.8,275.0,348.5,350.3,354.9,359.6,361.7,359.8,355.2,350.3,344.7,347.1,350.7,355.5,360.7,365.3,368.9,365.5,361.0,356.2,351.6,347.5,353.2,355.3,357.3,358.1,357.2,355.2,353.1,352.3,-0.4,-4.8,-6.9,-5.3,-1.1,3.7,5.4,3.9,1.6,-0.3,-1.8,-2.6,-2.3,-1.0,0.9,2.4,3.1,3.6,3.6,3.0,1.4,2.1,1.2,-0.8,-2.6,-3.3,-2.4,-0.4,-3.2,-7.6,-9.6,-8.0,-3.7,0.7,2.6,1.4,-0.7,-3.0,-4.7,-5.5,-5.1,-3.9,-2.1,-0.4,0.5,0.9,0.8,0.5,-1.4,-0.6,-1.5,-3.4,-5.3,-6.0,-5.1,-3.2,682.3,683.0,683.9,684.4,684.2,683.8,682.6,682.1,685.5,683.3,681.6,681.2,682.5,684.5,686.7,684.5,682.3,681.2,681.6,683.2,683.6,683.8,684.2,684.5,684.6,684.3,684.0,683.7,738.3,739.3,740.8,741.8,741.8,740.8,739.3,738.4,738.8,737.9,737.6,738.4,740.9,744.2,747.5,744.1,740.8,738.5,737.6,738.0,740.1,740.5,741.2,741.6,741.6,741.1,740.5,740.1,373.0,31.8,835.0,-0.001,0.094,-0.078
565,0,1656521725.860,0.98,1,-0.076204,0.105516,-0.991493,-0.239087,0.108640,-0.964902,-0.160,0.109,560.9,562.2,565.8,569.6,571.4,570.4,566.6,562.7,555.4,558.1,561.6,565.6,569.5,572.6,574.7,572.6,569.4,565.8,561.9,558.3,564.6,566.2,567.8,568.4,567.6,565.9,564.3,563.8,605.8,606.9,610.0,613.5,615.1,614.1,610.9,607.2,602.4,604.7,607.8,611.5,614.8,617.2,618.7,617.3,615.0,612.0,608.6,605.1,609.0,610.5,611.8,612.3,611.6,610.1,608.7,608.2,232.9,229.0,227.1,228.5,232.2,236.4,238.0,236.6,234.6,232.9,231.7,230.9,231.2,232.3,234.0,235.3,235.9,236.4,236.3,235.8,234.4,235.0,234.2,232.5,230.9,230.3,231.1,232.8,230.6,227.0,225.4,226.7,230.1,233.7,235.3,234.3,232.6,230.7,229.3,228.7,229.1,230.0,231.4,232.8,233.5,233.8,233.8,233.6,232.0,232.6,231.9,230.3,228.8,228.3,229.0,230.5,271.6,273.3,277.7,282.2,284.3,283.0,278.1,273.6,266.6,268.8,272.1,276.5,281.4,285.7,289.0,285.7,281.2,276.6,272.4,269.0,276.2,278.2,280.2,280.9,280.0,278.0,276.1,275.4,348.6,350.4,355.0,359.7,361.8,360.0,355.4,350.4,344.8,347.2,350.8,355.6,360.9,365.4,369.0,365.6,361.1,356.4,351.7,347.6,353.3,355.4,357.4,358.2,357.3,355.3,353.2,352.5,-0.3,-4.8,-6.8,-5.3,-1.0,3.7,5.5,3.9,1.6,-0.3,-1.7,-2.5,-2.2,-1.0,0.9,2.5,3.1,3.6,3.6,3.0,1.5,2.1,1.2,-0.7,-2.6,-3.3,-2.4,-0.4,-3.2,-7.6,-9.6,-8.0,-3.8,0.6,2.6,1.4,-0.7,-3.0,-4.7,-5.5,-5.1,-4.0,-2.2,-0.5,0.4,0.8,0.8,0.5,-1.4,-0.7,-1.5,-3.5,-5.3,-6.0,-5.1,-3.2,683.5,684.2,685.0,685.5,685.4,685.0,683.9,683.4,686.7,684.5,682.8,682.4,683.6,685.7,687.8,685.7,683.5,682.4,682.8,684.5,684.8,685.0,685.4,685.7,685.8,685.5,685.2,684.9,739.0,740.0,741.4,742.5,742.5,741.5,740.1,739.2,739.5,738.7,738.3,739.1,741.6,744.8,748.2,744.8,741.5,739.2,738.3,738.7,740.8,741.2,741.9,742.3,742.3,741.8,741.2,740.8,373.2,31.8,835.5,-0.000,0.095,-0.081
566,0,1656521725.893,0.98,1,-0.071507,0.104951,-0.991903,-0.236445,0.109703,-0.965432,-0.156,0.109,561.0,562.2,565.8,569.6,571.4,570.4,566.6,562.8,555.4,558.1,561.7,565.7,569.5,572.6,574.7,572.6,569.5,565.8,561.9,558.3,564.6,566.3,567.8,568.4,567.6,565.9,564.3,563.8,605.8,606.9,610.0,613.4,615.1,614.1,610.9,607.2,602.5,604.8,607.8,611.5,614.7,617.1,618.7,617.3,615.0,612.0,608.6,605.2,609.0,610.5,611.9,612.3,611.6,610.1,608.7,608.3,232.8,228.9,227.1,228.4,232.1,236.3,237.9,236.5,234.5,232.8,231.6,230.8,231.1,232.2,233.9,235.2,235.8,236.3,236.3,235.8,234.3,234.9,234.1,232.4,230.8,230.2,231.0,232.7,230.3,226.7,225.1,226.4,229.8,233.4,235.0,234.0,232.3,230.5,229.0,228.4,228.7,229.6,231.1,232.4,233.2,233.6,233.5,233.3,231.8,232.3,231.6,230.0,228.6,228.0,228.7,230.3,272.2,273.9,278.3,282.9,284.9,283.6,278.8,274.2,267.2,269.4,272.7,277.1,282.0,286.3,289.7,286.4,281.9,277.3,273.1,269.6,276.9,278.9,280.8,281.5,280.6,278.6,276.7,276.0,350.3,352.1,356.7,361.4,363.4,361.7,357.1,352.1,346.5,348.9,352.4,357.3,362.5,367.1,370.7,367.3,362.8,358.1,353.4,349.3,355.0,357.1,359.1,359.9,359.0,356.9,354.9,354.1,-0.4,-4.9,-6.9,-5.4,-1.2,3.6,5.3,3.8,1.6,-0.4,-1.8,-2.7,-2.4,-1.1,0.8,2.3,3.0,3.5,3.5,3.0,1.3,2.0,1.1,-0.8,-2.7,-3.4,-2.5,-0.5,-3.5,-7.9,-10.0,-8.4,-4.2,0.2,2.2,1.0,-1.0,-3.3,-5.1,-5.9,-5.5,-4.4,-2.6,-0.9,0.0,0.5,0.5,0.2,-1.7,-1.0,-1.9,-3.9,-5.7,-6.4,-5.5,-3.6,685.0,685.7,686.6,687.1,686.9,686.5,685.3,684.8,688.1,685.9,684.3,683.9,685.2,687.2,689.4,687.2,685.0,683.9,684.3,685.9,686.3,686.5,686.9,687.2,687.3,687.0,686.7,686.3,742.4,743.4,744.9,745.9,745.9,744.9,743.5,742.6,743.0,742.1,741.8,742.6,745.0,748.3,751.6,748.3,745.0,742.7,741.7,742.1,744.2,744.7,745.3,745.7,745.7,745.3,744.6,744.2,373.1,31.6,835.6,0.002,0.087,-0.080
567,0,1656521725.926,0.98,1,-0.076922,0.102354,-0.991769,-0.239634,0.105264,-0.965140,-0.160,0.106,560.8,562.0,565.7,569.5,571.4,570.3,566.5,562.6,555.2,557.9,561.5,565.5,569.5,572.6,574.7,572.6,569.4,565.6,561.7,558.1,564.4,566.1,567.7,568.3,567.5,565.8,564.2,563.6,606.0,607.1,610.3,613.8,615.5,614.4,611.2,607.5,602.7,605.0,608.1,611.8,615.1,617.6,619.1,617.7,615.4,612.4,608.9,605.4,609.3,610.8,612.2,612.6,611.9,610.4,609.0,608.5,232.5,228.5,226.7,228.1,231.9,236.1,237.7,236.3,234.2,232.5,231.2,230.4,230.7,231.9,233.7,235.0,235.7,236.1,236.1,235.5,234.1,234.7,233.9,232.2,230.5,229.9,230.7,232.4,230.1,226.4,224.8,226.1,229.5,233.2,234.8,233.8,232.2,230.2,228.8,228.0,228.4,229.3,230.9,232.3,233.0,233.4,233.4,233.2,231.6,232.1,231.4,229.8,228.3,227.7,228.5,230.0,267.7,269.4,273.8,278.4,280.3,279.0,274.2,269.7,262.7,264.9,268.2,272.6,277.5,281.8,285.1,281.8,277.3,272.7,268.5,265.1,272.3,274.3,276.3,277.0,276.1,274.2,272.2,271.5,342.8,344.6,349.2,353.9,356.0,354.2,349.6,344.6,339.0,341.4,345.0,349.8,355.0,359.6,363.2,359.8,355.4,350.6,345.9,341.9,347.6,349.6,351.6,352.4,351.5,349.4,347.4,346.6,-0.7,-5.2,-7.2,-5.7,-1.4,3.3,5.1,3.5,1.2,-0.7,-2.2,-3.1,-2.7,-1.4,0.6,2.1,2.8,3.3,3.3,2.7,1.1,1.7,0.8,-1.1,-3.0,-3.7,-2.8,-0.8,-3.7,-8.1,-10.1,-8.6,-4.4,0.0,2.0,0.8,-1.2,-3.5,-5.3,-6.2,-5.8,-4.6,-2.8,-1.1,-0.1,0.3,0.3,0.1,-1.9,-1.2,-2.1,-4.1,-5.9,-6.6,-5.7,-3.8,674.2,675.0,675.8,676.2,676.0,675.6,674.5,674.1,677.5,675.3,673.5,673.1,674.3,676.3,678.5,676.3,674.1,673.1,673.5,675.2,675.5,675.7,676.0,676.4,676.4,676.2,675.9,675.6,726.1,727.1,728.6,729.7,729.7,728.6,727.1,726.2,726.6,725.7,725.4,726.3,728.7,732.0,735.4,732.0,728.7,726.3,725.4,725.7,727.9,728.3,729.0,729.4,729.4,729.0,728.3,727.9,372.3,31.5,833.5,0.005,0.094,-0.081
568,0,1656521725.960,0.98,1,-0.082244,0.095289,-0.992046,-0.242602,0.097386,-0.965225,-0.164,0.098,560.7,562.0,565.7,569.6,571.4,570.4,566.5,562.5,555.1,557.8,561.4,565.5,569.5,572.6,574.8,572.6,569.4,565.6,561.7,558.0,564.4,566.1,567.7,568.3,567.5,565.8,564.2,563.6,606.1,607.1,610.3,613.8,615.6,614.6,611.4,607.6,602.7,605.0,608.1,611.8,615.2,617.7,619.2,617.8,615.5,612.5,609.0,605.4,609.3,610.9,612.3,612.7,612.0,610.4,609.0,608.6,231.9,227.9,226.1,227.5,231.3,235.6,237.1,235.7,233.7,231.9,230.5,229.7,230.1,231.3,233.2,234.6,235.2,235.6,235.6,235.0,233.5,234.1,233.3,231.6,229.9,229.3,230.1,231.9,229.5,225.8,224.2,225.5,229.0,232.6,234.3,233.3,231.7,229.7,228.1,227.3,227.7,228.7,230.3,231.8,232.6,232.9,232.9,232.7,231.0,231.6,230.9,229.2,227.7,227.1,227.9,229.5,265.1,266.8,271.2,275.7,277.6,276.3,271.5,267.0,260.1,262.3,265.6,269.9,274.8,279.1,282.4,279.1,274.6,270.0,265.9,262.5,269.7,271.6,273.6,274.3,273.5,271.5,269.6,268.8,338.8,340.5,345.1,349.8,351.9,350.1,345.5,340.6,334.9,337.3,340.9,345.7,350.9,355.5,359.0,355.7,351.3,346.5,341.9,337.8,343.5,345.5,347.5,348.3,347.4,345.3,343.3,342.6,-1.4,-5.8,-7.8,-6.3,-2.1,2.7,4.4,2.8,0.6,-1.4,-2.9,-3.8,-3.4,-2.0,0.0,1.6,2.2,2.7,2.7,2.1,0.4,1.1,0.2,-1.7,-3.6,-4.3,-3.4,-1.4,-4.3,-8.7,-10.7,-9.2,-5.0,-0.6,1.4,0.2,-1.7,-4.2,-6.0,-7.0,-6.5,-5.3,-3.4,-1.7,-0.7,-0.3,-0.3,-0.5,-2.6,-1.9,-2.8,-4.7,-6.5,-7.2,-6.3,-4.4,667.7,668.4,669.2,669.6,669.4,668.9,667.8,667.4,670.9,668.7,667.0,666.5,667.7,669.6,671.7,669.6,667.4,666.4,666.9,668.6,668.8,669.0,669.4,669.7,669.8,669.6,669.3,669.0,717.4,718.5,720.0,721.0,721.0,719.9,718.4,717.5,717.8,717.0,716.8,717.7,720.1,723.4,726.7,723.3,720.0,717.7,716.7,717.0,719.2,719.6,720.3,720.8,720.8,720.3,719.7,719.2,371.9,31.2,832.4,0.006,0.098,-0.082
569,0,1656521725.993,0.98,1,-0.083850,0.088589,-0.992533,-0.240223,0.090540,-0.966486,-0.164,0.091,560.5,561.8,565.5,569.4,571.3,570.2,566.3,562.4,555.0,557.7,561.3,565.4,569.4,572.5,574.7,572.5,569.3,565.5,561.5,557.9,564.3,566.0,567.6,568.2,567.4,565.6,564.0,563.5,606.0,607.0,610.2,613.7,615.5,614.5,611.3,607.5,602.5,604.9,608.0,611.7,615.1,617.6,619.1,617.7,615.4,612.4,608.9,605.3,609.2,610.8,612.2,612.6,611.8,610.3,608.9,608.4,231.6,227.6,225.8,227.2,231.0,235.3,236.8,235.4,233.4,231.5,230.1,229.3,229.7,231.0,232.9,234.3,234.9,235.3,235.3,234.7,233.2,233.8,233.0,231.3,229.6,229.0,229.8,231.6,229.2,225.6,223.9,225.2,228.7,232.4,234.1,233.1,231.5,229.4,227.8,227.0,227.4,228.5,230.1,231.5,232.3,232.7,232.7,232.5,230.8,231.3,230.6,229.0,227.5,226.9,227.6,229.2,264.5,266.2,270.6,275.1,277.0,275.7,270.9,266.4,259.6,261.7,265.0,269.4,274.3,278.5,281.8,278.5,274.0,269.4,265.3,261.9,269.1,271.0,273.0,273.7,272.9,270.9,269.0,268.2,337.0,338.8,343.3,348.0,350.1,348.4,343.8,338.8,333.1,335.5,339.1,344.0,349.2,353.8,357.3,353.9,349.5,344.8,340.1,336.0,341.7,343.8,345.8,346.6,345.6,343.6,341.6,340.8,-1.7,-6.1,-8.2,-6.6,-2.4,2.4,4.0,2.5,0.3,-1.8,-3.3,-4.2,-3.8,-2.4,-0.3,1.3,1.9,2.4,2.3,1.8,0.1,0.8,-0.1,-2.1,-3.9,-4.6,-3.7,-1.8,-4.6,-9.0,-11.0,-9.5,-5.3,-0.9,1.1,-0.1,-2.0,-4.5,-6.4,-7.3,-6.9,-5.6,-3.6,-1.9,-1.0,-0.5,-0.5,-0.8,-2.8,-2.2,-3.0,-5.0,-6.8,-7.5,-6.6,-4.7,666.7,667.5,668.3,668.6,668.3,667.8,666.7,666.4,669.9,667.7,666.0,665.5,666.7,668.6,670.6,668.5,666.3,665.3,665.9,667.6,667.8,668.0,668.3,668.7,668.8,668.6,668.3,667.9,713.9,715.1,716.6,717.7,717.7,716.6,715.0,714.0,714.3,713.6,713.4,714.3,716.8,720.1,723.4,720.0,716.6,714.2,713.2,713.5,715.7,716.2,716.9,717.4,717.4,717.0,716.3,715.8,370.3,31.0,829.2,0.002,0.096,-0.081
570,0,1656521726.027,0.98,1,-0.085934,0.085673,-0.992610,-0.242148,0.086816,-0.966348,-0.166,0.088,560.5,561.8,565.6,569.5,571.3,570.3,566.3,562.4,555.0,557.6,561.3,565.4,569.4,572.6,574.8,572.6,569.3,565.5,561.5,557.9,564.3,566.0,567.6,568.2,567.4,565.7,564.1,563.5,606.1,607.1,610.3,613.9,615.7,614.7,611.4,607.6,602.6,604.9,608.0,611.8,615.2,617.7,619.3,617.9,615.6,612.6,609.0,605.4,609.3,610.9,612.3,612.7,612.0,610.4,609.0,608.6,231.3,227.3,225.4,226.9,230.7,235.0,236.5,235.1,233.1,231.2,229.7,228.9,229.3,230.7,232.7,234.1,234.7,235.1,235.0,234.5,232.9,233.5,232.7,231.0,229.3,228.7,229.5,231.2,228.9,225.2,223.5,224.8,228.3,232.0,233.8,232.8,231.3,229.1,227.4,226.5,227.0,228.1,229.8,231.2,232.0,232.4,232.4,232.3,230.5,231.0,230.3,228.6,227.1,226.5,227.3,228.9,262.4,264.2,268.6,273.0,274.9,273.5,268.7,264.3,257.6,259.7,262.9,267.3,272.2,276.4,279.7,276.4,271.9,267.3,263.2,259.8,267.0,268.9,270.9,271.6,270.8,268.9,266.9,266.2,333.9,335.7,340.2,344.9,347.0,345.3,340.7,335.8,330.1,332.4,336.0,340.9,346.1,350.7,354.1,350.8,346.5,341.7,337.1,333.0,338.6,340.7,342.7,343.5,342.5,340.5,338.5,337.7,-2.1,-6.5,-8.5,-6.9,-2.7,2.0,3.7,2.1,-0.0,-2.2,-3.8,-4.7,-4.2,-2.7,-0.5,1.0,1.6,2.1,2.0,1.4,-0.3,0.4,-0.5,-2.4,-4.2,-4.9,-4.0,-2.1,-5.0,-9.3,-11.4,-9.9,-5.7,-1.3,0.7,-0.5,-2.2,-4.8,-6.8,-7.8,-7.3,-6.0,-4.0,-2.3,-1.3,-0.9,-0.8,-1.0,-3.2,-2.5,-3.4,-5.3,-7.1,-7.8,-6.9,-5.0,661.5,662.3,663.1,663.4,663.1,662.5,661.5,661.1,664.8,662.6,660.8,660.3,661.5,663.4,665.4,663.2,661.1,660.1,660.7,662.4,662.6,662.7,663.1,663.4,663.6,663.4,663.1,662.7,707.2,708.3,709.9,711.0,711.0,709.8,708.2,707.2,707.5,706.8,706.6,707.6,710.1,713.4,716.7,713.2,709.9,707.5,706.5,706.8,709.0,709.5,710.2,710.7,710.7,710.2,709.5,709.0,370.3,30.8,829.1,0.006,0.097,-0.081
571,0,1656521726.060,0.98,1,-0.087473,0.083412,-0.992669,-0.240604,0.083030,-0.967066,-0.166,0.085,560.5,561.8,565.6,569.5,571.3,570.2,566.3,562.3,555.0,557.6,561.2,565.4,569.4,572.6,574.8,572.5,569.2,565.4,561.5,557.8,564.3,566.0,567.6,568.2,567.4,565.7,564.0,563.5,606.1,607.1,610.3,613.8,615.7,614.7,611.4,607.6,602.6,604.9,608.1,611.8,615.2,617.7,619.3,617.9,615.6,612.6,609.0,605.4,609.3,610.9,612.3,612.7,611.9,610.4,609.0,608.5,231.1,227.1,225.3,226.8,230.6,234.9,236.4,234.9,233.0,231.0,229.6,228.7,229.2,230.6,232.6,234.0,234.5,234.9,234.9,234.3,232.8,233.4,232.6,230.9,229.2,228.6,229.3,231.1,228.9,225.2,223.5,224.8,228.4,232.1,233.8,232.8,231.3,229.1,227.4,226.6,227.0,228.1,229.9,231.3,232.1,232.4,232.5,232.3,230.5,231.0,230.3,228.7,227.1,226.6,227.3,228.9,262.5,264.3,268.7,273.1,275.0,273.6,268.8,264.4,257.7,259.8,263.0,267.4,272.3,276.5,279.7,276.4,271.9,267.3,263.2,259.9,267.0,269.0,270.9,271.7,270.9,268.9,267.0,266.2,333.2,334.9,339.5,344.2,346.3,344.5,340.0,335.0,329.3,331.7,335.3,340.2,345.4,349.9,353.4,350.1,345.7,341.0,336.3,332.2,337.9,339.9,341.9,342.7,341.8,339.7,337.7,337.0,-2.3,-6.6,-8.6,-7.1,-2.8,1.9,3.5,2.0,-0.2,-2.4,-4.0,-4.9,-4.4,-2.9,-0.6,0.9,1.5,1.9,1.9,1.3,-0.4,0.3,-0.6,-2.5,-4.4,-5.1,-4.2,-2.3,-4.9,-9.3,-11.3,-9.8,-5.6,-1.3,0.7,-0.4,-2.2,-4.8,-6.8,-7.7,-7.3,-6.0,-3.9,-2.2,-1.3,-0.8,-0.8,-1.0,-3.2,-2.5,-3.4,-5.3,-7.1,-7.8,-6.9,-5.0,661.8,662.6,663.3,663.6,663.3,662.7,661.7,661.4,665.1,662.9,661.1,660.6,661.7,663.6,665.5,663.4,661.3,660.4,660.9,662.7,662.8,663.0,663.3,663.7,663.8,663.7,663.3,663.0,705.6,706.8,708.4,709.5,709.5,708.3,706.6,705.7,705.9,705.2,705.1,706.1,708.6,711.9,715.2,711.7,708.4,705.9,704.9,705.2,707.4,707.9,708.6,709.1,709.2,708.7,708.0,707.5,369.8,30.8,827.7,0.002,0.098,-0.080
572,0,1656521726.093,0.98,1,-0.088850,0.083471,-0.992541,-0.242271,0.083439,-0.966614,-0.167,0.085,560.6,561.9,565.7,569.6,571.4,570.4,566.4,562.4,555.0,557.7,561.3,565.5,569.5,572.7,574.9,572.7,569.4,565.5,561.6,557.9,564.4,566.1,567.7,568.3,567.5,565.8,564.1,563.6,606.1,607.2,610.4,614.0,615.8,614.7,611.5,607.7,602.7,605.0,608.1,611.9,615.3,617.8,619.4,618.0,615.7,612.7,609.1,605.5,609.4,611.0,612.4,612.8,612.1,610.5,609.1,608.6,231.0,227.0,225.2,226.7,230.5,234.8,236.3,234.9,232.9,230.9,229.5,228.6,229.1,230.5,232.5,233.9,234.5,234.9,234.8,234.2,232.7,233.3,232.5,230.8,229.1,228.5,229.3,231.0,228.9,225.2,223.5,224.8,228.4,232.1,233.8,232.8,231.2,229.0,227.3,226.5,227.0,228.1,229.9,231.3,232.1,232.4,232.4,232.3,230.4,231.0,230.3,228.7,227.1,226.5,227.3,228.9,261.8,263.6,268.0,272.4,274.3,272.9,268.1,263.7,257.0,259.1,262.3,266.7,271.6,275.8,279.1,275.7,271.2,266.6,262.6,259.2,266.4,268.3,270.2,271.0,270.2,268.3,266.3,265.5,332.2,333.9,338.5,343.2,345.3,343.5,338.9,334.0,328.3,330.7,334.3,339.2,344.4,348.9,352.4,349.1,344.7,340.0,335.3,331.2,336.9,338.9,340.9,341.7,340.8,338.7,336.7,336.0,-2.3,-6.7,-8.7,-7.1,-2.9,1.8,3.5,1.9,-0.3,-2.5,-4.0,-4.9,-4.5,-2.9,-0.7,0.8,1.4,1.9,1.8,1.2,-0.5,0.2,-0.7,-2.6,-4.5,-5.1,-4.3,-2.4,-5.0,-9.3,-11.3,-9.8,-5.6,-1.3,0.7,-0.5,-2.3,-4.8,-6.8,-7.8,-7.3,-6.0,-3.9,-2.2,-1.3,-0.8,-0.8,-1.1,-3.2,-2.5,-3.4,-5.3,-7.1,-7.8,-6.9,-5.0,659.8,660.6,661.4,661.7,661.3,660.7,659.7,659.4,663.1,660.9,659.1,658.6,659.7,661.6,663.6,661.4,659.3,658.4,658.9,660.7,660.8,661.0,661.3,661.7,661.8,661.7,661.4,661.0,703.3,704.5,706.1,707.2,707.1,705.9,704.3,703.3,703.6,702.9,702.8,703.7,706.2,709.6,712.8,709.4,706.0,703.6,702.6,702.9,705.1,705.6,706.3,706.8,706.8,706.4,705.7,705.1,369.6,30.8,827.3,0.004,0.101,-0.079
573,0,1656521726.127,0.98,1,-0.083534,0.084106,-0.992949,-0.238420,0.083516,-0.967564,-0.163,0.085,560.6,561.9,565.6,569.5,571.4,570.3,566.3,562.4,555.0,557.7,561.3,565.5,569.5,572.6,574.8,572.6,569.3,565.5,561.6,557.9,564.3,566.0,567.7,568.2,567.4,565.7,564.1,563.5,606.0,607.1,610.3,613.8,615.6,614.6,611.4,607.5,602.6,604.9,608.0,611.8,615.2,617.7,619.2,617.9,615.6,612.5,609.0,605.4,609.3,610.8,612.3,612.7,611.9,610.4,609.0,608.5,231.1,227.1,225.3,226.8,230.6,234.9,236.4,234.9,232.9,231.0,229.5,228.7,229.2,230.6,232.6,234.0,234.5,234.9,234.8,234.3,232.8,233.4,232.6,230.9,229.2,228.6,229.3,231.1,229.1,225.4,223.7,225.0,228.5,232.2,233.9,232.9,231.4,229.2,227.5,226.7,227.2,228.3,230.1,231.5,232.2,232.6,232.6,232.4,230.6,231.2,230.4,228.8,227.3,226.7,227.4,229.1,263.4,265.2,269.6,274.1,275.9,274.5,269.7,265.3,258.6,260.7,264.0,268.3,273.2,277.4,280.7,277.3,272.8,268.3,264.2,260.8,268.0,269.9,271.8,272.6,271.8,269.9,267.9,267.2,334.0,335.8,340.3,345.1,347.1,345.4,340.8,335.8,330.1,332.5,336.1,341.0,346.2,350.8,354.2,350.9,346.5,341.8,337.1,333.0,338.7,340.8,342.8,343.5,342.6,340.6,338.6,337.8,-2.3,-6.7,-8.7,-7.1,-2.8,1.9,3.5,1.9,-0.3,-2.4,-4.0,-4.9,-4.4,-2.9,-0.6,0.9,1.5,1.9,1.9,1.2,-0.5,0.2,-0.6,-2.5,-4.4,-5.1,-4.2,-2.3,-4.8,-9.2,-11.2,-9.6,-5.5,-1.1,0.9,-0.3,-2.1,-4.7,-6.6,-7.6,-7.1,-5.8,-3.7,-2.0,-1.1,-0.7,-0.7,-0.9,-3.0,-2.3,-3.2,-5.1,-6.9,-7.6,-6.7,-4.8,663.9,664.7,665.5,665.8,665.4,664.9,663.8,663.5,667.1,664.9,663.2,662.7,663.9,665.7,667.7,665.6,663.5,662.5,663.0,664.8,665.0,665.1,665.5,665.8,666.0,665.8,665.5,665.1,707.4,708.6,710.2,711.3,711.3,710.1,708.4,707.5,707.7,707.0,706.9,707.9,710.4,713.7,717.0,713.5,710.2,707.7,706.7,707.0,709.2,709.7,710.4,711.0,711.0,710.5,709.8,709.3,369.5,30.9,827.6,0.000,0.093,-0.076
574,0,1656521726.160,0.98,1,-0.084976,0.084072,-0.992830,-0.240330,0.084601,-0.966998,-0.164,0.086,560.5,561.8,565.5,569.5,571.3,570.2,566.3,562.3,554.9,557.6,561.2,565.4,569.4,572.5,574.8,572.5,569.2,565.4,561.5,557.8,564.2,566.0,567.6,568.2,567.4,565.7,564.0,563.4,606.0,607.0,610.3,613.8,615.6,614.6,611.4,607.5,602.6,604.9,608.0,611.8,615.2,617.7,619.2,617.9,615.6,612.5,609.0,605.4,609.3,610.8,612.3,612.7,611.9,610.4,608.9,608.5,231.0,227.0,225.2,226.7,230.5,234.8,236.3,234.9,232.9,230.9,229.5,228.6,229.1,230.5,232.5,233.9,234.4,234.8,234.8,234.2,232.7,233.3,232.5,230.8,229.1,228.5,229.3,231.0,228.8,225.1,223.5,224.8,228.3,232.0,233.7,232.7,231.2,229.0,227.3,226.5,226.9,228.0,229.8,231.2,232.0,232.4,232.4,232.2,230.4,231.0,230.2,228.6,227.0,226.5,227.2,228.8,262.3,264.1,268.5,273.0,274.8,273.4,268.6,264.2,257.5,259.6,262.9,267.2,272.1,276.3,279.6,276.3,271.8,267.2,263.1,259.8,266.9,268.8,270.8,271.6,270.7,268.8,266.9,266.1,333.6,335.3,339.9,344.6,346.7,344.9,340.4,335.4,329.7,332.1,335.7,340.6,345.8,350.3,353.8,350.5,346.1,341.4,336.7,332.6,338.3,340.3,342.3,343.1,342.2,340.1,338.1,337.4,-2.4,-6.7,-8.7,-7.2,-2.9,1.8,3.4,1.9,-0.3,-2.5,-4.1,-4.9,-4.5,-3.0,-0.7,0.8,1.4,1.8,1.8,1.2,-0.5,0.2,-0.7,-2.6,-4.5,-5.2,-4.3,-2.4,-5.1,-9.4,-11.4,-9.9,-5.7,-1.4,0.6,-0.5,-2.3,-4.9,-6.9,-7.9,-7.4,-6.1,-4.0,-2.3,-1.4,-0.9,-0.9,-1.1,-3.3,-2.6,-3.5,-5.4,-7.2,-7.9,-7.0,-5.1,661.4,662.2,663.0,663.3,663.0,662.4,661.3,661.0,664.6,662.5,660.7,660.2,661.4,663.3,665.3,663.1,661.0,660.0,660.5,662.3,662.5,662.6,663.0,663.3,663.5,663.4,663.0,662.6,706.5,707.7,709.3,710.4,710.4,709.2,707.6,706.6,706.9,706.2,706.0,707.0,709.5,712.8,716.1,712.6,709.3,706.9,705.8,706.1,708.4,708.8,709.6,710.1,710.1,709.6,708.9,708.4,369.7,30.8,827.9,0.004,0.095,-0.077
575,0,1656521726.194,0.98,1,-0.089637,0.085750,-0.992276,-0.241521,0.086299,-0.966551,-0.167,0.088,560.4,561.8,565.5,569.4,571.3,570.2,566.2,562.3,554.9,557.6,561.2,565.3,569.4,572.5,574.7,572.5,569.2,565.4,561.4,557.8,564.2,565.9,567.6,568.1,567.3,565.6,564.0,563.4,606.1,607.1,610.3,613.9,615.7,614.7,611.5,607.6,602.6,604.9,608.1,611.9,615.3,617.8,619.3,618.0,615.7,612.6,609.0,605.4,609.3,610.9,612.3,612.8,612.0,610.4,609.0,608.6,231.0,227.0,225.2,226.6,230.5,234.8,236.3,234.9,232.9,230.9,229.5,228.6,229.1,230.4,232.5,233.9,234.5,234.9,234.8,234.3,232.7,233.3,232.5,230.8,229.1,228.5,229.3,231.0,228.8,225.0,223.3,224.6,228.2,231.9,233.6,232.6,231.1,228.9,227.2,226.4,226.8,227.9,229.7,231.1,231.9,232.3,232.3,232.1,230.3,230.9,230.1,228.5,226.9,226.4,227.1,228.7,262.0,263.7,268.1,272.5,274.4,273.0,268.3,263.8,257.2,259.2,262.5,266.8,271.7,275.9,279.2,275.9,271.4,266.8,262.7,259.4,266.5,268.5,270.4,271.2,270.3,268.4,266.5,265.7,331.8,333.6,338.1,342.8,344.9,343.2,338.6,333.7,328.0,330.3,333.9,338.8,344.0,348.6,352.0,348.7,344.4,339.7,335.0,330.9,336.5,338.6,340.6,341.4,340.4,338.4,336.4,335.6,-2.3,-6.7,-8.7,-7.2,-3.0,1.8,3.4,1.9,-0.3,-2.5,-4.0,-5.0,-4.5,-3.0,-0.8,0.8,1.4,1.9,1.8,1.2,-0.5,0.2,-0.7,-2.6,-4.5,-5.2,-4.3,-2.4,-5.1,-9.5,-11.5,-10.0,-5.8,-1.5,0.5,-0.6,-2.4,-5.0,-6.9,-7.9,-7.5,-6.2,-4.1,-2.4,-1.5,-1.0,-1.0,-1.2,-3.3,-2.7,-3.6,-5.5,-7.3,-8.0,-7.1,-5.2,660.6,661.4,662.1,662.4,662.1,661.6,660.5,660.2,663.9,661.7,659.9,659.4,660.5,662.4,664.3,662.2,660.1,659.2,659.8,661.6,661.7,661.8,662.1,662.5,662.6,662.5,662.2,661.8,702.7,703.9,705.5,706.7,706.6,705.4,703.8,702.8,703.1,702.4,702.2,703.2,705.7,709.1,712.3,708.9,705.5,703.1,702.0,702.3,704.6,705.1,705.8,706.3,706.3,705.8,705.1,704.6,369.3,30.7,827.0,0.006,0.098,-0.079
576,0,1656521726.227,0.98,1,-0.085373,0.083588,-0.992837,-0.239995,0.083539,-0.967173,-0.165,0.085,560.5,561.9,565.6,569.5,571.4,570.3,566.3,562.4,555.0,557.7,561.3,565.4,569.5,572.6,574.8,572.6,569.3,565.5,561.5,557.9,564.3,566.0,567.6,568.2,567.4,565.7,564.1,563.5,606.0,607.0,610.2,613.7,615.5,614.5,611.3,607.5,602.5,604.8,607.9,611.7,615.1,617.6,619.1,617.8,615.5,612.5,608.9,605.3,609.2,610.8,612.2,612.6,611.8,610.3,608.9,608.4,231.1,227.1,225.3,226.7,230.6,234.9,236.4,234.9,233.0,231.0,229.5,228.7,229.1,230.5,232.6,234.0,234.5,234.9,234.9,234.3,232.8,233.4,232.6,230.8,229.2,228.5,229.3,231.1,228.9,225.2,223.5,224.8,228.3,232.0,233.7,232.7,231.2,229.0,227.3,226.5,226.9,228.1,229.8,231.3,232.0,232.4,232.4,232.2,230.4,231.0,230.3,228.6,227.1,226.5,227.3,228.9,262.4,264.2,268.6,273.1,274.9,273.5,268.7,264.3,257.6,259.7,263.0,267.3,272.2,276.4,279.7,276.3,271.8,267.3,263.2,259.9,267.0,268.9,270.9,271.6,270.8,268.9,266.9,266.2,333.4,335.2,339.7,344.5,346.6,344.8,340.2,335.3,329.6,331.9,335.5,340.4,345.6,350.2,353.6,350.3,346.0,341.3,336.6,332.5,338.1,340.2,342.2,343.0,342.1,340.0,338.0,337.2,-2.3,-6.7,-8.7,-7.1,-2.9,1.9,3.5,1.9,-0.2,-2.4,-4.0,-4.9,-4.4,-2.9,-0.6,0.9,1.5,1.9,1.9,1.3,-0.5,0.2,-0.6,-2.6,-4.4,-5.1,-4.2,-2.3,-5.0,-9.4,-11.4,-9.9,-5.7,-1.3,0.7,-0.5,-2.3,-4.9,-6.8,-7.8,-7.3,-6.0,-3.9,-2.2,-1.3,-0.9,-0.9,-1.1,-3.2,-2.5,-3.4,-5.3,-7.1,-7.8,-6.9,-5.0,661.5,662.3,663.1,663.4,663.0,662.5,661.4,661.1,664.8,662.6,660.8,660.3,661.5,663.4,665.3,663.2,661.1,660.1,660.7,662.4,662.6,662.7,663.1,663.4,663.6,663.4,663.1,662.7,706.4,707.6,709.2,710.3,710.3,709.1,707.5,706.5,706.8,706.1,705.9,706.9,709.4,712.7,716.0,712.6,709.2,706.8,705.7,706.0,708.3,708.7,709.5,710.0,710.0,709.5,708.8,708.3,369.6,30.9,827.6,0.003,0.096,-0.079
577,0,1656521726.260,0.98,1,-0.085642,0.083316,-0.992836,-0.241562,0.083742,-0.966765,-0.165,0.085,560.4,561.7,565.5,569.4,571.2,570.2,566.2,562.2,554.8,557.5,561.1,565.3,569.3,572.5,574.7,572.5,569.2,565.3,561.4,557.7,564.1,565.9,567.5,568.1,567.3,565.6,563.9,563.3,606.1,607.1,610.3,613.9,615.7,614.7,611.5,607.6,602.6,604.9,608.1,611.9,615.3,617.8,619.4,618.0,615.7,612.6,609.0,605.4,609.4,610.9,612.3,612.8,612.0,610.4,609.0,608.6,231.1,227.1,225.3,226.7,230.6,234.9,236.4,235.0,233.0,231.0,229.5,228.7,229.1,230.5,232.6,234.0,234.6,235.0,234.9,234.3,232.8,233.4,232.6,230.9,229.2,228.5,229.3,231.1,228.9,225.2,223.5,224.8,228.4,232.1,233.8,232.8,231.3,229.0,227.4,226.5,227.0,228.1,229.9,231.3,232.1,232.5,232.5,232.3,230.5,231.1,230.3,228.7,227.1,226.6,227.3,228.9,260.7,262.5,266.9,271.3,273.2,271.8,267.0,262.6,255.9,258.0,261.2,265.6,270.5,274.7,277.9,274.6,270.1,265.5,261.4,258.1,265.2,267.2,269.1,269.9,269.1,267.1,265.2,264.4,332.0,333.7,338.2,343.0,345.0,343.3,338.7,333.8,328.1,330.4,334.0,338.9,344.1,348.7,352.1,348.8,344.5,339.7,335.1,331.0,336.6,338.7,340.7,341.5,340.6,338.5,336.5,335.7,-2.2,-6.6,-8.6,-7.0,-2.8,1.9,3.6,2.0,-0.2,-2.4,-4.0,-4.9,-4.4,-2.9,-0.6,0.9,1.5,2.0,1.9,1.3,-0.4,0.3,-0.6,-2.5,-4.4,-5.1,-4.2,-2.3,-4.9,-9.3,-11.3,-9.8,-5.6,-1.2,0.7,-0.4,-2.2,-4.8,-6.8,-7.8,-7.3,-6.0,-3.9,-2.2,-1.2,-0.8,-0.8,-1.0,-3.1,-2.5,-3.3,-5.3,-7.1,-7.7,-6.9,-5.0,657.6,658.4,659.2,659.5,659.1,658.6,657.5,657.2,660.9,658.7,656.9,656.4,657.6,659.4,661.4,659.3,657.2,656.2,656.8,658.5,658.7,658.8,659.1,659.5,659.7,659.5,659.2,658.8,702.9,704.1,705.7,706.8,706.8,705.6,704.0,703.0,703.3,702.6,702.4,703.4,705.9,709.2,712.5,709.0,705.7,703.3,702.2,702.5,704.8,705.2,705.9,706.5,706.5,706.0,705.3,704.8,369.9,30.9,828.5,0.005,0.094,-0.076
578,0,1656521726.294,0.98,1,-0.082023,0.084718,-0.993023,-0.236300,0.085090,-0.967947,-0.161,0.086,560.6,561.9,565.6,569.6,571.4,570.3,566.4,562.4,555.0,557.7,561.3,565.5,569.5,572.6,574.8,572.6,569.3,565.5,561.6,557.9,564.3,566.1,567.7,568.3,567.5,565.7,564.1,563.5,606.0,607.0,610.2,613.8,615.6,614.6,611.3,607.5,602.5,604.9,608.0,611.8,615.2,617.6,619.2,617.8,615.5,612.5,608.9,605.3,609.3,610.8,612.2,612.7,611.9,610.3,608.9,608.5,231.0,227.0,225.2,226.7,230.5,234.8,236.3,234.9,232.9,230.9,229.5,228.7,229.1,230.5,232.5,233.9,234.5,234.8,234.8,234.2,232.7,233.3,232.5,230.8,229.1,228.5,229.3,231.0,228.9,225.2,223.5,224.8,228.4,232.1,233.7,232.7,231.2,229.0,227.3,226.5,227.0,228.1,229.9,231.3,232.0,232.4,232.4,232.2,230.4,231.0,230.3,228.6,227.1,226.5,227.3,228.9,262.4,264.2,268.6,273.1,275.0,273.5,268.7,264.3,257.5,259.7,263.0,267.3,272.2,276.4,279.7,276.4,271.9,267.3,263.2,259.8,267.0,268.9,270.9,271.7,270.8,268.9,267.0,266.2,333.3,335.0,339.6,344.3,346.4,344.6,340.1,335.1,329.4,331.8,335.4,340.3,345.5,350.0,353.5,350.2,345.8,341.1,336.4,332.3,338.0,340.0,342.0,342.8,341.9,339.8,337.8,337.1,-2.3,-6.7,-8.7,-7.1,-2.9,1.8,3.5,1.9,-0.3,-2.5,-4.0,-4.9,-4.5,-2.9,-0.7,0.8,1.4,1.9,1.8,1.2,-0.5,0.2,-0.7,-2.6,-4.5,-5.2,-4.3,-2.4,-5.0,-9.4,-11.4,-9.8,-5.7,-1.3,0.7,-0.5,-2.3,-4.9,-6.8,-7.8,-7.3,-6.0,-3.9,-2.2,-1.3,-0.9,-0.9,-1.1,-3.2,-2.5,-3.4,-5.3,-7.1,-7.8,-6.9,-5.0,661.3,662.2,663.0,663.3,663.0,662.4,661.3,661.0,664.6,662.4,660.7,660.2,661.4,663.3,665.3,663.2,661.0,660.0,660.5,662.3,662.5,662.6,663.0,663.3,663.5,663.3,663.0,662.6,706.0,707.2,708.8,709.9,709.9,708.7,707.0,706.0,706.3,705.6,705.5,706.5,709.0,712.3,715.6,712.2,708.8,706.4,705.3,705.5,707.8,708.3,709.0,709.6,709.6,709.1,708.4,707.8,368.6,30.8,825.4,0.003,0.092,-0.077
579,0,1656521726.327,0.98,1,-0.090313,0.082743,-0.992470,-0.241866,0.082383,-0.966806,-0.168,0.084,560.5,561.8,565.6,569.5,571.3,570.3,566.3,562.3,554.9,557.6,561.2,565.4,569.4,572.6,574.8,572.6,569.2,565.4,561.5,557.8,564.3,566.0,567.6,568.2,567.4,565.7,564.0,563.4,606.0,607.0,610.3,613.9,615.7,614.7,611.4,607.6,602.6,604.9,608.0,611.8,615.3,617.7,619.3,618.0,615.7,612.6,609.0,605.4,609.3,610.9,612.3,612.8,612.0,610.4,609.0,608.5,231.0,227.0,225.1,226.6,230.4,234.7,236.3,234.8,232.8,230.8,229.4,228.5,229.0,230.4,232.5,233.9,234.5,234.9,234.8,234.2,232.6,233.3,232.5,230.7,229.0,228.4,229.2,230.9,228.8,225.0,223.3,224.6,228.2,231.9,233.6,232.6,231.1,228.9,227.2,226.3,226.7,227.9,229.7,231.1,231.9,232.3,232.3,232.2,230.3,230.9,230.1,228.5,226.9,226.4,227.1,228.7,261.1,262.9,267.3,271.7,273.6,272.2,267.4,263.0,256.3,258.4,261.6,266.0,270.9,275.1,278.3,275.0,270.5,265.9,261.9,258.6,265.7,267.6,269.5,270.3,269.5,267.6,265.6,264.8,330.8,332.5,337.0,341.8,343.9,342.1,337.6,332.6,326.9,329.3,332.8,337.7,342.9,347.5,350.9,347.6,343.3,338.6,333.9,329.8,335.5,337.5,339.5,340.3,339.4,337.3,335.3,334.5,-2.4,-6.8,-8.8,-7.2,-3.0,1.7,3.4,1.8,-0.3,-2.6,-4.2,-5.1,-4.6,-3.0,-0.7,0.8,1.4,1.8,1.8,1.2,-0.6,0.1,-0.8,-2.7,-4.5,-5.2,-4.3,-2.4,-5.1,-9.5,-11.5,-10.0,-5.8,-1.5,0.5,-0.6,-2.4,-5.0,-7.0,-8.0,-7.5,-6.2,-4.1,-2.4,-1.4,-1.0,-1.0,-1.2,-3.3,-2.7,-3.5,-5.5,-7.3,-7.9,-7.1,-5.1,658.4,659.2,659.9,660.2,659.8,659.3,658.3,658.0,661.7,659.5,657.7,657.2,658.3,660.1,662.1,660.0,657.9,657.0,657.5,659.3,659.4,659.5,659.9,660.2,660.4,660.3,659.9,659.6,700.5,701.7,703.4,704.5,704.4,703.2,701.6,700.6,700.8,700.2,700.0,701.0,703.5,706.9,710.1,706.7,703.3,700.9,699.8,700.1,702.4,702.8,703.6,704.1,704.1,703.6,702.9,702.4,369.4,30.7,827.0,0.005,0.099,-0.080
580,0,1656521726.360,0.98,1,-0.090176,0.084550,-0.992330,-0.242807,0.084164,-0.966417,-0.168,0.086,560.6,561.9,565.6,569.6,571.4,570.3,566.3,562.4,555.0,557.7,561.3,565.5,569.5,572.7,574.9,572.6,569.3,565.5,561.6,557.9,564.3,566.1,567.7,568.3,567.5,565.8,564.1,563.5,606.0,607.0,610.2,613.8,615.6,614.6,611.3,607.5,602.5,604.8,607.9,611.7,615.1,617.6,619.2,617.8,615.5,612.5,608.9,605.3,609.2,610.8,612.2,612.7,611.9,610.3,608.9,608.4,231.0,227.0,225.2,226.6,230.5,234.8,236.3,234.8,232.9,230.9,229.4,228.6,229.0,230.4,232.5,233.9,234.5,234.9,234.8,234.2,232.7,233.3,232.5,230.8,229.1,228.4,229.2,231.0,228.8,225.1,223.4,224.7,228.2,231.9,233.6,232.7,231.2,228.9,227.2,226.4,226.8,227.9,229.7,231.2,232.0,232.3,232.4,232.2,230.3,230.9,230.2,228.5,227.0,226.4,227.2,228.8,262.1,263.9,268.3,272.7,274.6,273.2,268.4,264.0,257.3,259.4,262.7,267.0,271.9,276.1,279.3,276.0,271.5,267.0,262.9,259.6,266.7,268.6,270.5,271.3,270.5,268.6,266.6,265.9,332.2,334.0,338.5,343.2,345.3,343.6,339.0,334.0,328.4,330.7,334.3,339.2,344.4,348.9,352.4,349.1,344.8,340.0,335.4,331.3,336.9,339.0,341.0,341.7,340.8,338.8,336.8,336.0,-2.4,-6.8,-8.8,-7.2,-2.9,1.8,3.4,1.8,-0.3,-2.5,-4.1,-5.0,-4.5,-3.0,-0.7,0.8,1.4,1.9,1.8,1.2,-0.5,0.1,-0.7,-2.6,-4.5,-5.2,-4.3,-2.4,-5.1,-9.4,-11.5,-10.0,-5.8,-1.4,0.6,-0.6,-2.3,-5.0,-6.9,-8.0,-7.5,-6.2,-4.1,-2.4,-1.4,-0.9,-0.9,-1.1,-3.3,-2.6,-3.5,-5.4,-7.3,-7.9,-7.0,-5.1,660.6,661.4,662.2,662.5,662.1,661.6,660.5,660.3,663.9,661.7,660.0,659.4,660.5,662.4,664.3,662.2,660.1,659.2,659.8,661.6,661.7,661.8,662.1,662.5,662.6,662.5,662.2,661.9,703.8,705.0,706.6,707.7,707.7,706.5,704.9,703.9,704.2,703.5,703.3,704.3,706.8,710.1,713.4,709.9,706.6,704.2,703.1,703.4,705.6,706.1,706.8,707.3,707.4,706.9,706.2,705.7,369.9,30.8,828.0,0.007,0.099,-0.081
581,0,1656521726.393,0.98,1,-0.085644,0.083699,-0.992804,-0.239201,0.083576,-0.967366,-0.164,0.085,560.6,562.0,565.7,569.6,571.5,570.4,566.4,562.4,555.0,557.7,561.4,565.5,569.6,572.7,574.9,572.7,569.4,565.6,561.6,557.9,564.4,566.1,567.7,568.3,567.5,565.8,564.2,563.6,606.2,607.2,610.5,614.0,615.9,614.9,611.6,607.8,602.8,605.1,608.2,612.0,615.4,617.9,619.5,618.1,615.8,612.8,609.2,605.6,609.5,611.1,612.5,612.9,612.1,610.6,609.1,608.7,231.0,227.0,225.2,226.7,230.5,234.8,236.3,234.9,232.9,230.9,229.4,228.6,229.1,230.5,232.6,233.9,234.5,234.9,234.8,234.2,232.7,233.3,232.5,230.8,229.1,228.5,229.3,231.0,228.9,225.1,223.4,224.7,228.3,232.0,233.7,232.7,231.2,229.0,227.3,226.5,226.9,228.0,229.8,231.2,232.0,232.4,232.4,232.2,230.4,231.0,230.2,228.6,227.1,226.5,227.2,228.9,261.3,263.1,267.5,271.9,273.8,272.4,267.6,263.2,256.5,258.6,261.8,266.2,271.1,275.3,278.5,275.2,270.7,266.1,262.0,258.7,265.9,267.8,269.7,270.5,269.7,267.8,265.8,265.0,331.4,333.1,337.7,342.4,344.5,342.8,338.2,333.2,327.5,329.9,333.5,338.4,343.6,348.1,351.6,348.3,343.9,339.2,334.5,330.4,336.1,338.2,340.2,340.9,340.0,337.9,335.9,335.2,-2.4,-6.7,-8.7,-7.1,-2.9,1.8,3.5,1.9,-0.3,-2.5,-4.1,-5.0,-4.5,-2.9,-0.7,0.8,1.5,1.9,1.8,1.2,-0.5,0.2,-0.7,-2.6,-4.5,-5.1,-4.3,-2.4,-5.0,-9.3,-11.4,-9.9,-5.7,-1.3,0.7,-0.5,-2.3,-4.9,-6.8,-7.8,-7.3,-6.0,-3.9,-2.2,-1.3,-0.9,-0.9,-1.1,-3.2,-2.5,-3.4,-5.3,-7.1,-7.8,-6.9,-5.0,658.5,659.3,660.1,660.4,660.0,659.4,658.4,658.1,661.7,659.5,657.8,657.3,658.4,660.3,662.3,660.2,658.0,657.1,657.6,659.4,659.5,659.7,660.0,660.4,660.5,660.4,660.1,659.7,701.4,702.6,704.2,705.4,705.3,704.1,702.5,701.4,701.7,701.0,700.9,701.9,704.4,707.8,711.0,707.6,704.2,701.8,700.7,700.9,703.2,703.7,704.5,705.0,705.0,704.5,703.8,703.3,369.0,30.8,826.0,0.005,0.095,-0.076
582,0,1656521726.427,0.98,1,-0.084590,0.082458,-0.992998,-0.238876,0.082634,-0.967528,-0.164,0.084,560.6,562.0,565.7,569.6,571.5,570.4,566.4,562.5,555.1,557.7,561.4,565.5,569.6,572.7,574.9,572.7,569.4,565.6,561.6,557.9,564.4,566.1,567.7,568.3,567.5,565.8,564.2,563.6,606.1,607.1,610.3,613.9,615.7,614.7,611.5,607.6,602.6,604.9,608.1,611.9,615.3,617.7,619.3,618.0,615.7,612.6,609.1,605.4,609.4,610.9,612.3,612.8,612.0,610.4,609.0,608.6,230.9,226.9,225.1,226.6,230.4,234.7,236.2,234.8,232.8,230.8,229.3,228.5,229.0,230.4,232.5,233.8,234.4,234.8,234.7,234.1,232.6,233.2,232.4,230.7,229.0,228.4,229.2,230.9,228.8,225.1,223.4,224.7,228.3,232.0,233.7,232.7,231.2,228.9,227.2,226.4,226.9,228.0,229.8,231.2,232.0,232.4,232.4,232.2,230.4,230.9,230.2,228.6,227.0,226.5,227.2,228.8,261.8,263.6,268.0,272.5,274.3,272.9,268.1,263.7,257.0,259.1,262.4,266.7,271.6,275.8,279.1,275.7,271.2,266.7,262.6,259.2,266.4,268.3,270.3,271.1,270.2,268.3,266.4,265.6,332.5,334.2,338.8,343.5,345.6,343.8,339.3,334.3,328.6,331.0,334.6,339.5,344.7,349.2,352.7,349.4,345.0,340.3,335.6,331.5,337.2,339.2,341.3,342.0,341.1,339.0,337.0,336.3,-2.5,-6.8,-8.8,-7.2,-3.0,1.7,3.3,1.8,-0.4,-2.6,-4.2,-5.1,-4.6,-3.0,-0.8,0.7,1.3,1.8,1.7,1.1,-0.6,0.1,-0.8,-2.7,-4.6,-5.3,-4.4,-2.5,-5.1,-9.4,-11.4,-9.9,-5.7,-1.4,0.6,-0.6,-2.3,-4.9,-6.9,-7.9,-7.4,-6.1,-4.0,-2.3,-1.4,-0.9,-0.9,-1.1,-3.3,-2.6,-3.5,-5.4,-7.2,-7.9,-7.0,-5.1,659.7,660.6,661.4,661.7,661.3,660.7,659.7,659.4,663.0,660.8,659.1,658.6,659.7,661.6,663.6,661.5,659.3,658.3,658.9,660.6,660.8,661.0,661.3,661.7,661.8,661.7,661.4,661.0,704.1,705.3,706.9,708.0,707.9,706.7,705.1,704.1,704.4,703.7,703.6,704.5,707.1,710.4,713.7,710.2,706.8,704.4,703.4,703.6,705.9,706.4,707.1,707.6,707.6,707.2,706.4,705.9,368.7,30.9,825.4,0.004,0.094,-0.077
583,0,1656521726.460,0.98,1,-0.085142,0.083643,-0.992852,-0.238693,0.083867,-0.967467,-0.164,0.085,560.6,561.9,565.6,569.6,571.4,570.3,566.3,562.4,555.0,557.7,561.3,565.5,569.5,572.7,574.9,572.6,569.3,565.5,561.6,557.9,564.3,566.1,567.7,568.3,567.5,565.8,564.1,563.5,606.1,607.1,610.3,613.9,615.7,614.7,611.5,607.6,602.6,604.9,608.1,611.9,615.3,617.7,619.3,617.9,615.6,612.6,609.1,605.4,609.4,610.9,612.3,612.8,612.0,610.4,609.0,608.6,231.0,227.0,225.2,226.7,230.5,234.8,236.3,234.9,232.9,230.9,229.4,228.6,229.1,230.5,232.6,233.9,234.5,234.9,234.8,234.3,232.7,233.3,232.5,230.8,229.1,228.5,229.3,231.0,228.8,225.1,223.4,224.7,228.3,232.0,233.7,232.7,231.2,229.0,227.3,226.4,226.9,228.0,229.8,231.2,232.0,232.4,232.4,232.2,230.4,231.0,230.2,228.6,227.0,226.5,227.2,228.8,261.5,263.3,267.7,272.1,274.0,272.6,267.8,263.4,256.7,258.8,262.0,266.4,271.3,275.5,278.7,275.4,270.9,266.3,262.3,258.9,266.1,268.0,269.9,270.7,269.9,268.0,266.0,265.2,332.9,334.6,339.2,343.9,346.0,344.2,339.7,334.7,329.0,331.4,335.0,339.8,345.1,349.6,353.0,349.8,345.4,340.7,336.0,331.9,337.6,339.6,341.6,342.4,341.5,339.4,337.4,336.7,-2.3,-6.7,-8.7,-7.1,-2.9,1.8,3.5,1.9,-0.3,-2.5,-4.1,-5.0,-4.5,-2.9,-0.7,0.8,1.5,1.9,1.8,1.2,-0.5,0.2,-0.7,-2.6,-4.5,-5.1,-4.3,-2.4,-5.0,-9.4,-11.4,-9.9,-5.7,-1.4,0.6,-0.5,-2.3,-4.9,-6.9,-7.9,-7.4,-6.1,-4.0,-2.3,-1.4,-0.9,-0.9,-1.1,-3.3,-2.6,-3.5,-5.4,-7.2,-7.9,-7.0,-5.1,659.1,659.9,660.7,661.0,660.6,660.1,659.0,658.7,662.4,660.2,658.4,658.0,659.1,660.9,662.9,660.8,658.7,657.7,658.3,660.0,660.2,660.3,660.7,661.0,661.2,661.0,660.7,660.3,704.9,706.1,707.7,708.8,708.8,707.6,705.9,704.9,705.2,704.5,704.4,705.4,707.9,711.2,714.5,711.0,707.7,705.3,704.2,704.4,706.7,707.2,707.9,708.4,708.5,708.0,707.3,706.7,369.1,30.9,826.2,0.007,0.093,-0.077
584,0,1656521726.493,0.98,1,-0.086097,0.083308,-0.992798,-0.240793,0.083055,-0.967016,-0.165,0.085,560.7,562.0,565.7,569.7,571.5,570.4,566.4,562.5,555.1,557.8,561.4,565.5,569.6,572.7,574.9,572.7,569.4,565.6,561.6,558.0,564.4,566.1,567.8,568.3,567.5,565.8,564.2,563.6,606.2,607.2,610.4,614.0,615.8,614.8,611.6,607.7,602.7,605.0,608.2,612.0,615.4,617.8,619.4,618.1,615.8,612.7,609.2,605.5,609.5,611.0,612.4,612.9,612.1,610.5,609.1,608.7,231.2,227.2,225.4,226.8,230.7,235.0,236.5,235.0,233.1,231.0,229.6,228.8,229.2,230.6,232.7,234.1,234.6,235.0,235.0,234.4,232.9,233.5,232.7,231.0,229.3,228.6,229.4,231.2,229.0,225.3,223.6,224.9,228.4,232.1,233.9,232.9,231.4,229.1,227.4,226.6,227.0,228.1,229.9,231.4,232.2,232.5,232.5,232.4,230.5,231.1,230.4,228.7,227.2,226.6,227.4,229.0,262.0,263.8,268.2,272.7,274.5,273.1,268.3,263.9,257.2,259.3,262.6,266.9,271.8,276.0,279.3,275.9,271.4,266.9,262.8,259.5,266.6,268.5,270.5,271.2,270.4,268.5,266.6,265.8,332.6,334.3,338.9,343.6,345.7,343.9,339.4,334.4,328.7,331.1,334.6,339.5,344.7,349.3,352.7,349.4,345.1,340.4,335.7,331.6,337.3,339.3,341.3,342.1,341.2,339.1,337.1,336.4,-2.2,-6.6,-8.5,-7.0,-2.7,2.0,3.6,2.0,-0.1,-2.3,-3.9,-4.8,-4.3,-2.8,-0.5,1.0,1.6,2.1,2.0,1.4,-0.3,0.4,-0.5,-2.4,-4.3,-5.0,-4.1,-2.2,-4.8,-9.2,-11.2,-9.7,-5.6,-1.2,0.8,-0.3,-2.1,-4.7,-6.7,-7.7,-7.2,-5.9,-3.8,-2.1,-1.2,-0.7,-0.7,-0.9,-3.1,-2.4,-3.3,-5.2,-7.0,-7.7,-6.8,-4.9,660.2,661.0,661.8,662.1,661.7,661.2,660.1,659.8,663.5,661.3,659.5,659.0,660.2,662.0,664.0,661.9,659.8,658.8,659.3,661.1,661.3,661.4,661.8,662.1,662.3,662.1,661.8,661.4,704.0,705.2,706.8,707.9,707.9,706.7,705.0,704.0,704.3,703.6,703.5,704.5,707.0,710.3,713.6,710.1,706.8,704.3,703.3,703.6,705.8,706.3,707.0,707.5,707.6,707.1,706.4,705.8,369.8,31.0,827.8,0.005,0.096,-0.078
585,0,1656521726.527,0.98,1,-0.089067,0.082230,-0.992625,-0.242211,0.081626,-0.966784,-0.167,0.083,560.7,562.0,565.8,569.7,571.5,570.4,566.4,562.5,555.1,557.8,561.4,565.6,569.6,572.8,575.0,572.7,569.4,565.6,561.7,558.0,564.4,566.2,567.8,568.4,567.6,565.9,564.2,563.6,606.1,607.1,610.3,613.9,615.7,614.7,611.5,607.7,602.7,605.0,608.1,611.9,615.3,617.8,619.4,618.0,615.7,612.7,609.1,605.5,609.4,611.0,612.4,612.8,612.0,610.5,609.0,608.6,231.1,227.1,225.3,226.8,230.6,234.9,236.4,235.0,233.0,231.0,229.5,228.7,229.1,230.6,232.7,234.0,234.6,235.0,235.0,234.4,232.8,233.4,232.6,230.9,229.2,228.6,229.4,231.1,228.9,225.2,223.5,224.8,228.3,232.1,233.8,232.8,231.3,229.0,227.3,226.5,226.9,228.0,229.9,231.3,232.1,232.5,232.5,232.3,230.5,231.0,230.3,228.7,227.1,226.5,227.3,228.9,261.7,263.5,267.9,272.3,274.2,272.7,268.0,263.5,256.9,259.0,262.2,266.6,271.5,275.7,278.9,275.6,271.1,266.5,262.4,259.1,266.2,268.2,270.1,270.9,270.1,268.1,266.2,265.4,332.0,333.7,338.3,343.0,345.1,343.4,338.8,333.8,328.1,330.5,334.1,339.0,344.2,348.7,352.2,348.9,344.5,339.8,335.1,331.0,336.7,338.8,340.8,341.5,340.6,338.5,336.5,335.8,-2.2,-6.6,-8.6,-7.0,-2.8,1.9,3.6,2.0,-0.2,-2.4,-4.0,-4.9,-4.4,-2.8,-0.5,1.0,1.6,2.0,2.0,1.3,-0.4,0.3,-0.6,-2.5,-4.3,-5.0,-4.2,-2.2,-4.9,-9.3,-11.3,-9.8,-5.6,-1.3,0.7,-0.4,-2.2,-4.8,-6.8,-7.8,-7.3,-6.0,-3.9,-2.2,-1.3,-0.8,-0.8,-1.0,-3.2,-2.5,-3.4,-5.3,-7.1,-7.8,-6.9,-5.0,659.3,660.1,660.8,661.1,660.7,660.2,659.2,658.9,662.6,660.4,658.6,658.1,659.2,661.0,663.0,660.9,658.8,657.9,658.4,660.2,660.3,660.4,660.8,661.1,661.3,661.2,660.8,660.5,703.0,704.2,705.8,706.9,706.8,705.6,704.0,703.0,703.3,702.6,702.5,703.4,705.9,709.3,712.5,709.1,705.7,703.3,702.3,702.5,704.8,705.3,706.0,706.5,706.5,706.1,705.3,704.8,370.1,31.0,828.1,0.006,0.099,-0.082
586,0,1656521726.561,0.98,1,-0.089187,0.079430,-0.992843,-0.243136,0.078539,-0.966807,-0.168,0.080,560.6,561.9,565.7,569.6,571.5,570.4,566.4,562.4,555.0,557.7,561.3,565.5,569.6,572.7,574.9,572.7,569.4,565.5,561.6,557.9,564.4,566.1,567.7,568.3,567.5,565.8,564.2,563.6,606.1,607.1,610.3,613.9,615.7,614.7,611.5,607.6,602.6,604.9,608.1,611.9,615.3,617.8,619.4,618.0,615.7,612.7,609.1,605.5,609.4,611.0,612.4,612.8,612.0,610.4,609.0,608.6,231.2,227.2,225.4,226.8,230.7,235.0,236.5,235.0,233.1,231.0,229.6,228.7,229.2,230.6,232.7,234.1,234.7,235.1,235.0,234.4,232.9,233.5,232.7,231.0,229.3,228.6,229.4,231.2,229.1,225.3,223.6,224.9,228.5,232.2,233.9,232.9,231.4,229.2,227.4,226.6,227.0,228.2,230.0,231.4,232.2,232.6,232.6,232.4,230.6,231.2,230.4,228.8,227.2,226.7,227.4,229.0,261.1,262.9,267.3,271.7,273.6,272.2,267.4,263.0,256.3,258.4,261.7,266.0,270.9,275.1,278.3,275.0,270.5,265.9,261.9,258.6,265.7,267.6,269.5,270.3,269.5,267.6,265.6,264.9,331.7,333.4,338.0,342.7,344.8,343.1,338.5,333.5,327.8,330.2,333.8,338.7,343.9,348.4,351.9,348.6,344.2,339.5,334.8,330.8,336.4,338.5,340.5,341.2,340.3,338.3,336.3,335.5,-2.2,-6.5,-8.5,-6.9,-2.7,2.0,3.6,2.1,-0.1,-2.3,-3.9,-4.8,-4.3,-2.8,-0.5,1.1,1.7,2.1,2.0,1.4,-0.3,0.4,-0.5,-2.4,-4.3,-4.9,-4.1,-2.2,-4.8,-9.1,-11.2,-9.7,-5.5,-1.1,0.9,-0.3,-2.0,-4.7,-6.7,-7.7,-7.2,-5.9,-3.7,-2.0,-1.1,-0.7,-0.6,-0.8,-3.0,-2.3,-3.2,-5.1,-6.9,-7.6,-6.7,-4.8,658.1,658.9,659.6,659.9,659.5,659.0,657.9,657.7,661.4,659.2,657.4,656.9,658.0,659.8,661.8,659.7,657.6,656.6,657.2,659.0,659.1,659.2,659.6,659.9,660.1,660.0,659.6,659.3,702.4,703.6,705.2,706.3,706.2,705.0,703.4,702.4,702.7,702.0,701.9,702.9,705.4,708.7,711.9,708.5,705.1,702.7,701.7,701.9,704.2,704.7,705.4,705.9,706.0,705.5,704.8,704.2,370.1,31.1,828.3,0.002,0.099,-0.080
587,0,1656521726.594,0.98,1,-0.089649,0.082825,-0.992524,-0.242403,0.081978,-0.966706,-0.168,0.084,560.6,562.0,565.7,569.7,571.5,570.4,566.4,562.5,555.1,557.8,561.4,565.5,569.6,572.8,575.0,572.7,569.4,565.6,561.6,558.0,564.4,566.1,567.8,568.4,567.6,565.8,564.2,563.6,606.2,607.2,610.5,614.0,615.8,614.8,611.6,607.8,602.8,605.1,608.2,612.0,615.4,617.9,619.5,618.1,615.8,612.8,609.2,605.6,609.5,611.1,612.5,612.9,612.1,610.6,609.1,608.7,231.2,227.2,225.4,226.8,230.7,235.0,236.5,235.0,233.0,231.0,229.6,228.7,229.2,230.6,232.7,234.1,234.7,235.1,235.0,234.4,232.8,233.5,232.7,230.9,229.2,228.6,229.4,231.2,229.0,225.3,223.6,224.9,228.4,232.1,233.8,232.9,231.4,229.1,227.4,226.5,227.0,228.1,229.9,231.4,232.2,232.5,232.6,232.4,230.5,231.1,230.4,228.7,227.2,226.6,227.4,229.0,261.6,263.4,267.7,272.2,274.0,272.6,267.8,263.4,256.8,258.9,262.1,266.4,271.3,275.5,278.8,275.4,270.9,266.4,262.3,259.0,266.1,268.0,270.0,270.8,269.9,268.0,266.1,265.3,331.9,333.6,338.1,342.9,345.0,343.2,338.6,333.7,328.0,330.3,333.9,338.8,344.0,348.6,352.0,348.7,344.4,339.7,335.0,330.9,336.6,338.6,340.6,341.4,340.5,338.4,336.4,335.6,-2.2,-6.6,-8.6,-7.0,-2.7,2.0,3.6,2.0,-0.1,-2.3,-3.9,-4.8,-4.4,-2.8,-0.5,1.0,1.6,2.1,2.0,1.4,-0.4,0.3,-0.5,-2.4,-4.3,-5.0,-4.1,-2.2,-4.9,-9.2,-11.2,-9.7,-5.6,-1.2,0.8,-0.4,-2.1,-4.7,-6.7,-7.7,-7.2,-5.9,-3.8,-2.1,-1.2,-0.7,-0.7,-0.9,-3.1,-2.4,-3.3,-5.2,-7.0,-7.7,-6.8,-4.9,659.0,659.8,660.6,660.9,660.5,659.9,658.9,658.7,662.4,660.2,658.4,657.8,658.9,660.8,662.7,660.6,658.5,657.6,658.2,660.0,660.1,660.2,660.5,660.9,661.1,660.9,660.6,660.3,702.4,703.6,705.2,706.3,706.2,705.0,703.4,702.4,702.7,702.0,701.9,702.9,705.4,708.7,711.9,708.5,705.2,702.7,701.7,701.9,704.2,704.7,705.4,705.9,706.0,705.5,704.8,704.2,370.2,31.0,828.4,0.006,0.099,-0.081
588,0,1656521726.627,0.98,1,-0.085965,0.084497,-0.992709,-0.239545,0.084317,-0.967217,-0.165,0.086,560.6,561.9,565.6,569.6,571.4,570.3,566.3,562.4,555.0,557.7,561.3,565.5,569.5,572.6,574.8,572.6,569.3,565.5,561.6,557.9,564.3,566.1,567.7,568.3,567.5,565.7,564.1,563.5,606.1,607.1,610.3,613.8,615.6,614.6,611.4,607.6,602.6,604.9,608.0,611.8,615.2,617.7,619.3,617.9,615.6,612.6,609.0,605.4,609.3,610.9,612.3,612.7,611.9,610.4,609.0,608.5,231.1,227.1,225.3,226.8,230.6,234.9,236.4,235.0,233.0,231.0,229.6,228.7,229.2,230.6,232.6,234.0,234.6,235.0,234.9,234.3,232.8,233.4,232.6,230.9,229.2,228.6,229.4,231.1,228.9,225.2,223.5,224.8,228.4,232.1,233.8,232.8,231.3,229.1,227.4,226.5,227.0,228.1,229.9,231.3,232.1,232.4,232.4,232.3,230.5,231.0,230.3,228.7,227.1,226.6,227.3,228.9,262.6,264.4,268.8,273.3,275.1,273.7,268.9,264.5,257.8,259.9,263.2,267.5,272.4,276.6,279.9,276.6,272.1,267.5,263.4,260.1,267.2,269.1,271.1,271.9,271.0,269.1,267.2,266.4,333.2,334.9,339.5,344.2,346.3,344.6,340.0,335.0,329.3,331.7,335.3,340.2,345.4,349.9,353.4,350.1,345.7,341.0,336.3,332.2,337.9,340.0,342.0,342.7,341.8,339.7,337.7,337.0,-2.2,-6.6,-8.6,-7.0,-2.8,1.9,3.6,2.0,-0.2,-2.4,-3.9,-4.8,-4.4,-2.8,-0.6,0.9,1.5,2.0,1.9,1.3,-0.4,0.3,-0.6,-2.5,-4.4,-5.0,-4.2,-2.3,-5.0,-9.3,-11.3,-9.8,-5.6,-1.3,0.7,-0.4,-2.2,-4.8,-6.8,-7.8,-7.3,-6.0,-3.9,-2.2,-1.3,-0.8,-0.8,-1.0,-3.2,-2.5,-3.4,-5.3,-7.1,-7.8,-6.9,-5.0,661.9,662.7,663.5,663.8,663.4,662.9,661.8,661.5,665.2,663.0,661.2,660.7,661.9,663.7,665.7,663.6,661.5,660.5,661.0,662.8,663.0,663.1,663.5,663.8,664.0,663.9,663.5,663.1,705.6,706.8,708.5,709.6,709.5,708.3,706.7,705.7,706.0,705.3,705.1,706.1,708.6,712.0,715.2,711.8,708.4,706.0,704.9,705.2,707.5,707.9,708.7,709.2,709.2,708.7,708.0,707.5,368.7,30.9,825.5,0.005,0.096,-0.080
589,0,1656521726.661,0.98,1,-0.090095,0.083647,-0.992414,-0.242022,0.082781,-0.966733,-0.168,0.085,560.7,562.0,565.7,569.7,571.5,570.4,566.4,562.5,555.1,557.8,561.4,565.6,569.6,572.7,574.9,572.7,569.4,565.6,561.7,558.0,564.4,566.2,567.8,568.4,567.6,565.8,564.2,563.6,606.2,607.2,610.4,614.0,615.8,614.8,611.5,607.7,602.7,605.0,608.1,611.9,615.3,617.8,619.4,618.0,615.7,612.7,609.1,605.5,609.4,611.0,612.4,612.8,612.1,610.5,609.1,608.6,231.1,227.1,225.3,226.8,230.6,234.9,236.4,234.9,233.0,231.0,229.5,228.7,229.1,230.6,232.6,234.0,234.6,234.9,234.9,234.3,232.8,233.4,232.6,230.9,229.2,228.6,229.4,231.1,229.0,225.2,223.5,224.9,228.4,232.1,233.8,232.8,231.3,229.1,227.4,226.6,227.0,228.1,229.9,231.3,232.1,232.5,232.5,232.3,230.5,231.1,230.3,228.7,227.2,226.6,227.3,228.9,262.8,264.6,269.0,273.4,275.3,273.9,269.1,264.7,258.0,260.1,263.3,267.7,272.6,276.8,280.0,276.7,272.2,267.6,263.5,260.2,267.3,269.3,271.2,272.0,271.2,269.2,267.3,266.5,332.4,334.1,338.7,343.4,345.5,343.7,339.1,334.2,328.5,330.9,334.5,339.3,344.6,349.1,352.6,349.3,344.9,340.2,335.5,331.4,337.1,339.1,341.1,341.9,341.0,338.9,336.9,336.2,-2.3,-6.6,-8.6,-7.1,-2.8,1.9,3.5,2.0,-0.2,-2.4,-4.0,-4.9,-4.4,-2.9,-0.6,0.9,1.5,2.0,1.9,1.3,-0.4,0.3,-0.6,-2.5,-4.4,-5.1,-4.2,-2.3,-4.9,-9.3,-11.3,-9.8,-5.6,-1.2,0.8,-0.4,-2.2,-4.8,-6.7,-7.7,-7.2,-5.9,-3.8,-2.2,-1.2,-0.8,-0.8,-1.0,-3.1,-2.4,-3.3,-5.2,-7.1,-7.7,-6.8,-4.9,662.0,662.8,663.6,663.9,663.5,663.0,661.9,661.6,665.3,663.1,661.4,660.9,662.0,663.8,665.8,663.7,661.6,660.6,661.2,663.0,663.1,663.2,663.5,663.9,664.1,664.0,663.6,663.3,703.6,704.9,706.5,707.6,707.5,706.3,704.7,703.7,704.0,703.3,703.1,704.1,706.6,710.0,713.2,709.8,706.4,704.0,702.9,703.2,705.5,706.0,706.7,707.2,707.2,706.8,706.0,705.5,369.4,31.0,826.7,0.005,0.100,-0.079
590,0,1656521726.694,0.98,1,-0.089270,0.085365,-0.992343,-0.242154,0.084683,-0.966535,-0.168,0.087,560.6,562.0,565.7,569.6,571.4,570.4,566.4,562.5,555.1,557.8,561.4,565.5,569.6,572.7,574.9,572.7,569.4,565.6,561.6,558.0,564.4,566.1,567.7,568.3,567.5,565.8,564.2,563.6,606.0,607.0,610.2,613.8,615.6,614.6,611.4,607.5,602.5,604.8,608.0,611.8,615.2,617.7,619.2,617.9,615.6,612.5,608.9,605.3,609.3,610.8,612.2,612.7,611.9,610.3,608.9,608.5,231.2,227.2,225.4,226.8,230.7,235.0,236.5,235.0,233.0,231.1,229.6,228.8,229.2,230.6,232.7,234.1,234.6,235.0,235.0,234.4,232.8,233.5,232.7,230.9,229.3,228.6,229.4,231.2,229.0,225.3,223.6,224.9,228.5,232.2,233.9,232.9,231.4,229.1,227.5,226.6,227.1,228.2,230.0,231.4,232.2,232.6,232.6,232.4,230.6,231.1,230.4,228.8,227.2,226.6,227.4,229.0,262.5,264.3,268.7,273.1,275.0,273.6,268.8,264.4,257.7,259.8,263.0,267.4,272.3,276.5,279.7,276.4,271.9,267.4,263.3,260.0,267.1,269.0,270.9,271.7,270.9,269.0,267.0,266.3,332.5,334.3,338.8,343.5,345.6,343.9,339.3,334.3,328.7,331.0,334.6,339.5,344.7,349.2,352.7,349.4,345.1,340.3,335.6,331.6,337.2,339.3,341.3,342.1,341.1,339.1,337.1,336.3,-2.2,-6.6,-8.6,-7.0,-2.7,2.0,3.6,2.0,-0.1,-2.3,-3.9,-4.8,-4.3,-2.8,-0.5,1.0,1.6,2.1,2.0,1.4,-0.3,0.3,-0.5,-2.4,-4.3,-5.0,-4.1,-2.2,-4.8,-9.2,-11.2,-9.7,-5.5,-1.2,0.8,-0.3,-2.1,-4.7,-6.7,-7.7,-7.2,-5.9,-3.8,-2.1,-1.1,-0.7,-0.7,-0.9,-3.0,-2.4,-3.2,-5.2,-7.0,-7.7,-6.8,-4.9,661.5,662.3,663.0,663.3,662.9,662.4,661.4,661.1,664.8,662.6,660.8,660.3,661.4,663.2,665.2,663.1,661.0,660.1,660.6,662.4,662.5,662.7,663.0,663.3,663.5,663.4,663.0,662.7,704.4,705.6,707.2,708.3,708.2,707.0,705.4,704.4,704.7,704.0,703.9,704.8,707.3,710.7,713.9,710.5,707.2,704.7,703.7,704.0,706.2,706.7,707.4,707.9,707.9,707.5,706.7,706.2,369.8,31.2,827.9,0.007,0.101,-0.082
591,0,1656521726.728,0.98,1,-0.087810,0.082555,-0.992711,-0.241813,0.081891,-0.966861,-0.167,0.084,560.6,561.9,565.7,569.6,571.4,570.3,566.3,562.4,555.0,557.7,561.3,565.5,569.6,572.7,574.9,572.6,569.3,565.5,561.6,557.9,564.4,566.1,567.7,568.3,567.5,565.8,564.1,563.6,606.0,607.0,610.2,613.8,615.6,614.6,611.4,607.5,602.6,604.9,608.0,611.8,615.2,617.7,619.2,617.9,615.6,612.6,609.0,605.4,609.3,610.8,612.3,612.7,611.9,610.3,608.9,608.5,231.3,227.3,225.5,226.9,230.8,235.1,236.6,235.1,233.1,231.1,229.7,228.8,229.3,230.7,232.8,234.2,234.8,235.1,235.1,234.5,232.9,233.6,232.8,231.0,229.4,228.7,229.5,231.3,229.1,225.4,223.7,225.0,228.6,232.3,234.0,233.0,231.5,229.2,227.5,226.7,227.1,228.3,230.1,231.5,232.3,232.7,232.7,232.5,230.7,231.2,230.5,228.9,227.3,226.7,227.5,229.1,261.8,263.6,268.0,272.4,274.2,272.8,268.0,263.6,257.0,259.0,262.3,266.7,271.5,275.7,279.0,275.6,271.1,266.6,262.5,259.2,266.3,268.2,270.2,271.0,270.2,268.2,266.3,265.5,332.2,333.9,338.5,343.2,345.3,343.5,339.0,334.0,328.3,330.7,334.2,339.1,344.4,348.9,352.4,349.1,344.7,340.0,335.3,331.2,336.9,338.9,340.9,341.7,340.8,338.7,336.7,336.0,-2.1,-6.5,-8.4,-6.9,-2.6,2.1,3.7,2.1,-0.0,-2.2,-3.8,-4.7,-4.2,-2.7,-0.4,1.1,1.8,2.2,2.1,1.5,-0.2,0.4,-0.4,-2.3,-4.2,-4.9,-4.0,-2.1,-4.7,-9.1,-11.1,-9.6,-5.4,-1.1,0.9,-0.2,-1.9,-4.6,-6.6,-7.6,-7.1,-5.8,-3.7,-2.0,-1.0,-0.6,-0.6,-0.8,-2.9,-2.3,-3.1,-5.0,-6.9,-7.5,-6.6,-4.7,659.7,660.5,661.3,661.5,661.2,660.6,659.6,659.3,663.0,660.8,659.0,658.5,659.6,661.5,663.4,661.3,659.2,658.3,658.8,660.6,660.7,660.9,661.2,661.6,661.7,661.6,661.3,660.9,703.6,704.8,706.5,707.6,707.5,706.3,704.7,703.7,704.0,703.3,703.1,704.1,706.6,710.0,713.2,709.8,706.4,704.0,702.9,703.2,705.5,705.9,706.7,707.2,707.2,706.7,706.0,705.5,370.1,31.1,828.4,0.006,0.099,-0.081
592,0,1656521726.760,0.98,1,-0.087755,0.085036,-0.992506,-0.242069,0.085664,-0.966470,-0.167,0.087,560.8,562.1,565.8,569.7,571.6,570.5,566.5,562.6,555.2,557.9,561.5,565.7,569.7,572.8,575.0,572.8,569.5,565.7,561.8,558.1,564.5,566.2,567.9,568.4,567.6,565.9,564.3,563.7,606.0,607.0,610.2,613.7,615.6,614.6,611.4,607.5,602.6,604.8,607.9,611.7,615.1,617.6,619.2,617.8,615.5,612.5,609.0,605.4,609.3,610.8,612.2,612.7,611.9,610.3,608.9,608.5,231.1,227.2,225.3,226.8,230.6,234.9,236.4,235.0,233.0,231.0,229.5,228.7,229.1,230.6,232.6,234.0,234.6,235.0,234.9,234.4,232.8,233.4,232.6,230.9,229.2,228.6,229.4,231.1,228.8,225.1,223.4,224.7,228.2,231.9,233.7,232.7,231.2,229.0,227.2,226.4,226.8,227.9,229.7,231.2,232.0,232.4,232.4,232.2,230.4,230.9,230.2,228.6,227.0,226.5,227.2,228.8,263.1,264.8,269.2,273.7,275.5,274.1,269.3,264.9,258.2,260.3,263.6,268.0,272.8,277.0,280.3,277.0,272.5,267.9,263.8,260.5,267.6,269.6,271.5,272.3,271.4,269.5,267.6,266.8,333.7,335.4,339.9,344.7,346.8,345.0,340.5,335.5,329.8,332.2,335.7,340.6,345.8,350.4,353.8,350.6,346.2,341.5,336.8,332.7,338.4,340.4,342.4,343.2,342.3,340.2,338.2,337.5,-2.2,-6.6,-8.6,-7.0,-2.8,1.9,3.5,2.0,-0.2,-2.4,-4.0,-4.9,-4.4,-2.9,-0.6,0.9,1.6,2.0,2.0,1.3,-0.4,0.3,-0.6,-2.5,-4.4,-5.0,-4.2,-2.3,-5.1,-9.4,-11.5,-10.0,-5.8,-1.4,0.6,-0.6,-2.3,-4.9,-6.9,-8.0,-7.5,-6.2,-4.1,-2.4,-1.4,-0.9,-0.9,-1.1,-3.3,-2.6,-3.5,-5.4,-7.2,-7.9,-7.0,-5.1,662.4,663.2,664.0,664.3,663.9,663.4,662.3,662.0,665.7,663.5,661.8,661.3,662.4,664.3,666.2,664.1,662.0,661.0,661.6,663.4,663.5,663.6,664.0,664.3,664.5,664.4,664.0,663.7,706.8,708.0,709.6,710.7,710.7,709.5,707.9,706.9,707.2,706.5,706.3,707.3,709.8,713.1,716.4,712.9,709.6,707.2,706.1,706.4,708.6,709.1,709.8,710.3,710.4,709.9,709.2,708.7,370.3,31.0,828.8,0.010,0.097,-0.081
593,0,1656521726.794,0.98,1,-0.087004,0.084743,-0.992597,-0.239659,0.085161,-0.967115,-0.165,0.086,560.6,561.9,565.6,569.6,571.4,570.3,566.4,562.4,555.1,557.7,561.3,565.5,569.5,572.6,574.9,572.6,569.3,565.5,561.6,557.9,564.4,566.1,567.7,568.3,567.5,565.8,564.1,563.6,606.1,607.1,610.3,613.8,615.7,614.7,611.5,607.6,602.6,604.9,608.1,611.8,615.2,617.7,619.3,617.9,615.6,612.6,609.0,605.4,609.3,610.9,612.3,612.7,612.0,610.4,609.0,608.6,231.3,227.3,225.5,226.9,230.7,235.0,236.5,235.1,233.2,231.2,229.7,228.9,229.3,230.7,232.7,234.1,234.7,235.1,235.0,234.5,232.9,233.5,232.7,231.0,229.3,228.7,229.5,231.2,229.0,225.3,223.6,224.9,228.4,232.1,233.8,232.8,231.3,229.1,227.4,226.6,227.0,228.1,229.9,231.3,232.1,232.5,232.5,232.3,230.5,231.1,230.3,228.7,227.2,226.6,227.3,229.0,263.0,264.8,269.2,273.6,275.5,274.1,269.3,264.9,258.2,260.3,263.5,267.9,272.8,277.0,280.3,276.9,272.4,267.9,263.8,260.4,267.6,269.5,271.4,272.2,271.4,269.4,267.5,266.7,333.8,335.5,340.1,344.8,346.9,345.2,340.6,335.6,329.9,332.3,335.9,340.8,346.0,350.5,354.0,350.7,346.4,341.6,336.9,332.8,338.5,340.6,342.6,343.3,342.4,340.4,338.4,337.6,-2.1,-6.5,-8.5,-6.9,-2.7,2.0,3.7,2.1,-0.0,-2.2,-3.8,-4.7,-4.2,-2.7,-0.5,1.0,1.7,2.1,2.1,1.5,-0.3,0.4,-0.5,-2.4,-4.2,-4.9,-4.0,-2.1,-4.9,-9.3,-11.3,-9.8,-5.6,-1.3,0.7,-0.4,-2.2,-4.8,-6.7,-7.7,-7.3,-6.0,-3.9,-2.2,-1.3,-0.8,-0.8,-1.0,-3.1,-2.5,-3.3,-5.3,-7.1,-7.7,-6.9,-4.9,662.8,663.6,664.3,664.6,664.3,663.7,662.7,662.4,666.0,663.8,662.1,661.6,662.7,664.6,666.6,664.4,662.3,661.4,661.9,663.7,663.8,664.0,664.3,664.7,664.8,664.7,664.4,664.0,706.9,708.1,709.7,710.8,710.8,709.6,707.9,706.9,707.2,706.5,706.4,707.3,709.9,713.2,716.5,713.0,709.7,707.2,706.2,706.4,708.7,709.2,709.9,710.4,710.5,710.0,709.3,708.7,368.9,31.1,825.8,0.005,0.096,-0.080
594,0,1656521726.827,0.98,1,-0.087652,0.084567,-0.992555,-0.240189,0.084535,-0.967038,-0.166,0.086,560.6,562.0,565.7,569.6,571.5,570.4,566.4,562.5,555.1,557.8,561.4,565.5,569.6,572.7,574.9,572.7,569.4,565.6,561.6,558.0,564.4,566.1,567.7,568.3,567.5,565.8,564.2,563.6,606.1,607.1,610.4,613.9,615.7,614.7,611.5,607.7,602.7,605.0,608.1,611.9,615.3,617.8,619.3,618.0,615.7,612.7,609.1,605.5,609.4,611.0,612.4,612.8,612.0,610.5,609.1,608.6,231.3,227.3,225.5,226.9,230.8,235.1,236.6,235.1,233.2,231.2,229.7,228.9,229.3,230.7,232.8,234.2,234.8,235.2,235.1,234.5,233.0,233.6,232.8,231.1,229.4,228.7,229.5,231.3,229.1,225.3,223.6,224.9,228.5,232.2,233.9,232.9,231.4,229.2,227.5,226.6,227.0,228.2,230.0,231.4,232.2,232.6,232.6,232.4,230.6,231.2,230.4,228.8,227.2,226.7,227.4,229.0,262.0,263.8,268.2,272.6,274.5,273.1,268.3,263.8,257.2,259.3,262.5,266.9,271.8,276.0,279.2,275.9,271.4,266.8,262.7,259.4,266.5,268.5,270.4,271.2,270.4,268.4,266.5,265.7,332.4,334.1,338.7,343.4,345.5,343.8,339.2,334.2,328.5,330.9,334.5,339.3,344.6,349.1,352.6,349.3,344.9,340.2,335.5,331.4,337.1,339.2,341.1,341.9,341.0,338.9,336.9,336.2,-2.0,-6.4,-8.4,-6.8,-2.6,2.1,3.8,2.2,0.0,-2.2,-3.8,-4.7,-4.2,-2.7,-0.4,1.1,1.8,2.2,2.1,1.5,-0.2,0.5,-0.4,-2.3,-4.2,-4.9,-4.0,-2.1,-4.8,-9.1,-11.2,-9.7,-5.5,-1.1,0.9,-0.3,-2.0,-4.7,-6.7,-7.7,-7.2,-5.9,-3.8,-2.1,-1.1,-0.7,-0.6,-0.8,-3.0,-2.4,-3.2,-5.1,-7.0,-7.6,-6.7,-4.8,660.1,660.9,661.7,662.0,661.6,661.1,660.1,659.8,663.4,661.2,659.5,658.9,660.1,661.9,663.9,661.8,659.7,658.7,659.3,661.1,661.2,661.3,661.7,662.0,662.2,662.0,661.7,661.4,703.7,704.9,706.5,707.6,707.6,706.4,704.8,703.8,704.0,703.4,703.2,704.2,706.7,710.1,713.3,709.9,706.5,704.1,703.0,703.3,705.6,706.0,706.8,707.3,707.3,706.8,706.1,705.6,369.9,31.1,827.8,0.007,0.098,-0.082
595,0,1656521726.861,0.98,1,-0.089382,0.087506,-0.992146,-0.242320,0.087422,-0.966250,-0.168,0.089,560.6,562.0,565.7,569.6,571.4,570.3,566.4,562.5,555.1,557.8,561.4,565.5,569.5,572.7,574.9,572.6,569.3,565.5,561.6,558.0,564.4,566.1,567.7,568.3,567.5,565.8,564.2,563.6,606.1,607.1,610.3,613.8,615.6,614.6,611.4,607.6,602.6,604.9,608.0,611.8,615.2,617.7,619.2,617.9,615.6,612.6,609.0,605.4,609.3,610.9,612.3,612.7,611.9,610.4,609.0,608.6,231.3,227.3,225.5,226.9,230.7,235.0,236.5,235.1,233.1,231.1,229.7,228.9,229.3,230.7,232.8,234.1,234.7,235.1,235.1,234.5,232.9,233.6,232.8,231.0,229.3,228.7,229.5,231.2,229.0,225.3,223.6,224.9,228.5,232.2,233.8,232.9,231.4,229.1,227.5,226.6,227.0,228.2,229.9,231.4,232.2,232.6,232.6,232.4,230.6,231.1,230.4,228.8,227.2,226.6,227.4,229.0,263.0,264.8,269.2,273.6,275.5,274.1,269.3,264.9,258.2,260.3,263.5,267.9,272.8,277.0,280.3,276.9,272.4,267.9,263.8,260.5,267.6,269.5,271.4,272.2,271.4,269.5,267.5,266.8,334.3,336.0,340.6,345.3,347.4,345.7,341.1,336.1,330.4,332.8,336.4,341.2,346.5,351.0,354.5,351.2,346.8,342.1,337.4,333.3,339.0,341.1,343.1,343.8,342.9,340.8,338.8,338.1,-2.1,-6.5,-8.5,-6.9,-2.7,2.1,3.7,2.1,-0.0,-2.2,-3.8,-4.7,-4.2,-2.7,-0.4,1.1,1.7,2.2,2.1,1.5,-0.3,0.4,-0.4,-2.4,-4.2,-4.9,-4.0,-2.1,-4.9,-9.2,-11.2,-9.7,-5.6,-1.2,0.8,-0.3,-2.1,-4.7,-6.7,-7.7,-7.2,-5.9,-3.8,-2.1,-1.2,-0.7,-0.7,-0.9,-3.1,-2.4,-3.3,-5.2,-7.0,-7.7,-6.8,-4.9,662.7,663.5,664.3,664.6,664.2,663.7,662.7,662.4,666.1,663.9,662.1,661.6,662.7,664.5,666.5,664.4,662.3,661.4,661.9,663.7,663.8,663.9,664.3,664.6,664.8,664.6,664.3,664.0,707.9,709.1,710.7,711.8,711.8,710.6,709.0,708.0,708.3,707.6,707.4,708.4,710.9,714.2,717.5,714.0,710.7,708.3,707.3,707.5,709.8,710.2,710.9,711.5,711.5,711.0,710.3,709.8,370.5,31.1,829.2,0.010,0.101,-0.083
596,0,1656521726.894,0.98,1,-0.087341,0.084983,-0.992547,-0.239674,0.083463,-0.967259,-0.165,0.086,560.7,562.1,565.8,569.7,571.5,570.4,566.5,562.5,555.2,557.8,561.4,565.6,569.6,572.7,574.9,572.7,569.4,565.6,561.7,558.0,564.5,566.2,567.8,568.4,567.6,565.9,564.2,563.7,606.1,607.2,610.4,613.9,615.7,614.7,611.5,607.7,602.7,605.0,608.1,611.9,615.3,617.8,619.3,618.0,615.7,612.7,609.1,605.5,609.4,611.0,612.4,612.8,612.0,610.5,609.1,608.6,231.3,227.3,225.5,226.9,230.8,235.1,236.6,235.1,233.1,231.2,229.7,228.9,229.4,230.8,232.8,234.2,234.7,235.1,235.1,234.5,233.0,233.6,232.8,231.1,229.4,228.7,229.5,231.3,229.1,225.4,223.7,225.1,228.6,232.3,234.0,233.0,231.5,229.3,227.6,226.8,227.2,228.3,230.1,231.5,232.3,232.7,232.7,232.5,230.7,231.3,230.5,228.9,227.3,226.8,227.5,229.1,263.1,264.9,269.3,273.7,275.6,274.2,269.4,265.0,258.3,260.3,263.6,268.0,272.9,277.1,280.3,277.0,272.5,267.9,263.8,260.5,267.6,269.6,271.5,272.3,271.5,269.5,267.6,266.8,333.3,335.0,339.6,344.3,346.4,344.6,340.1,335.1,329.4,331.8,335.4,340.3,345.5,350.0,353.5,350.2,345.8,341.1,336.4,332.3,338.0,340.0,342.0,342.8,341.9,339.8,337.8,337.1,-2.1,-6.4,-8.4,-6.9,-2.6,2.1,3.7,2.2,-0.0,-2.2,-3.8,-4.7,-4.2,-2.7,-0.4,1.1,1.7,2.2,2.1,1.5,-0.2,0.5,-0.4,-2.3,-4.2,-4.9,-4.0,-2.1,-4.7,-9.1,-11.1,-9.5,-5.4,-1.0,1.0,-0.2,-2.0,-4.6,-6.5,-7.5,-7.0,-5.7,-3.6,-1.9,-1.0,-0.6,-0.6,-0.8,-2.9,-2.2,-3.1,-5.0,-6.8,-7.5,-6.6,-4.7,662.7,663.5,664.2,664.5,664.2,663.7,662.6,662.3,666.0,663.8,662.0,661.5,662.6,664.5,666.5,664.4,662.3,661.3,661.8,663.6,663.8,663.9,664.2,664.6,664.7,664.6,664.3,663.9,705.6,706.8,708.4,709.5,709.5,708.3,706.7,705.7,705.9,705.2,705.1,706.1,708.6,711.9,715.2,711.8,708.4,706.0,704.9,705.2,707.4,707.9,708.6,709.2,709.2,708.7,708.0,707.4,369.8,31.2,827.4,0.004,0.100,-0.083
597,0,1656521726.927,0.98,1,-0.086824,0.082473,-0.992804,-0.240268,0.082501,-0.967194,-0.165,0.084,560.7,562.0,565.7,569.7,571.5,570.4,566.4,562.5,555.1,557.8,561.4,565.6,569.6,572.7,575.0,572.7,569.4,565.6,561.7,558.0,564.4,566.1,567.8,568.4,567.6,565.8,564.2,563.6,606.2,607.2,610.4,614.0,615.8,614.8,611.6,607.8,602.8,605.1,608.2,612.0,615.4,617.9,619.4,618.1,615.8,612.8,609.2,605.6,609.5,611.1,612.5,612.9,612.1,610.6,609.1,608.7,231.3,227.3,225.5,226.9,230.8,235.1,236.6,235.1,233.2,231.2,229.7,228.9,229.3,230.7,232.8,234.2,234.7,235.1,235.1,234.5,232.9,233.6,232.8,231.0,229.4,228.7,229.5,231.3,229.0,225.3,223.6,224.9,228.4,232.2,233.9,232.9,231.4,229.1,227.4,226.6,227.0,228.2,229.9,231.4,232.1,232.5,232.5,232.4,230.6,231.1,230.4,228.8,227.2,226.6,227.4,229.0,262.1,263.9,268.3,272.7,274.6,273.2,268.4,264.0,257.3,259.4,262.6,267.0,271.9,276.1,279.3,276.0,271.5,266.9,262.8,259.5,266.7,268.6,270.5,271.3,270.5,268.6,266.6,265.8,332.7,334.4,338.9,343.7,345.8,344.0,339.5,334.5,328.8,331.1,334.7,339.6,344.8,349.4,352.8,349.5,345.2,340.5,335.8,331.7,337.4,339.4,341.4,342.2,341.3,339.2,337.2,336.4,-2.1,-6.5,-8.4,-6.9,-2.6,2.1,3.7,2.1,0.0,-2.2,-3.8,-4.7,-4.2,-2.7,-0.4,1.1,1.7,2.1,2.1,1.5,-0.2,0.5,-0.4,-2.3,-4.2,-4.9,-4.0,-2.1,-4.8,-9.2,-11.2,-9.7,-5.5,-1.2,0.8,-0.3,-2.1,-4.7,-6.7,-7.7,-7.2,-5.9,-3.8,-2.1,-1.2,-0.7,-0.7,-0.9,-3.0,-2.4,-3.3,-5.2,-7.0,-7.7,-6.8,-4.9,660.3,661.2,661.9,662.2,661.9,661.3,660.2,660.0,663.6,661.4,659.7,659.2,660.3,662.2,664.1,662.0,659.9,658.9,659.5,661.3,661.4,661.5,661.9,662.2,662.4,662.3,661.9,661.6,704.0,705.3,706.9,708.0,708.0,706.7,705.1,704.1,704.4,703.7,703.5,704.5,707.1,710.4,713.7,710.2,706.9,704.4,703.4,703.6,705.9,706.4,707.1,707.6,707.7,707.2,706.4,705.9,369.5,31.1,826.7,0.004,0.098,-0.081
598,0,1656521726.961,0.98,1,-0.085990,0.085057,-0.992659,-0.239859,0.085307,-0.967053,-0.165,0.087,560.8,562.1,565.8,569.7,571.6,570.5,566.5,562.6,555.2,557.9,561.5,565.7,569.7,572.8,575.0,572.8,569.5,565.7,561.8,558.1,564.5,566.2,567.9,568.4,567.6,565.9,564.3,563.7,606.2,607.2,610.4,613.9,615.7,614.8,611.5,607.7,602.7,605.0,608.1,611.9,615.3,617.8,619.4,618.0,615.7,612.7,609.1,605.5,609.4,611.0,612.4,612.8,612.0,610.5,609.1,608.6,231.3,227.3,225.5,227.0,230.8,235.1,236.6,235.1,233.2,231.2,229.7,228.9,229.3,230.8,232.8,234.2,234.8,235.2,235.1,234.5,233.0,233.6,232.8,231.1,229.4,228.8,229.5,231.3,229.1,225.4,223.7,225.0,228.5,232.2,233.9,232.9,231.4,229.2,227.5,226.6,227.1,228.2,230.0,231.4,232.2,232.6,232.6,232.4,230.6,231.2,230.4,228.8,227.3,226.7,227.4,229.1,262.7,264.5,268.9,273.4,275.2,273.8,269.0,264.6,257.9,260.0,263.3,267.6,272.5,276.7,280.0,276.7,272.2,267.6,263.5,260.2,267.3,269.2,271.2,272.0,271.1,269.2,267.3,266.5,333.4,335.1,339.7,344.4,346.5,344.8,340.2,335.2,329.5,331.9,335.5,340.3,345.6,350.1,353.6,350.3,345.9,341.2,336.5,332.4,338.1,340.2,342.2,342.9,342.0,339.9,337.9,337.2,-2.0,-6.4,-8.4,-6.8,-2.6,2.1,3.8,2.2,0.0,-2.2,-3.8,-4.7,-4.2,-2.6,-0.4,1.1,1.8,2.2,2.1,1.5,-0.2,0.5,-0.4,-2.3,-4.2,-4.8,-4.0,-2.1,-4.8,-9.1,-11.2,-9.7,-5.5,-1.1,0.9,-0.3,-2.0,-4.6,-6.6,-7.6,-7.2,-5.9,-3.8,-2.1,-1.1,-0.7,-0.6,-0.8,-3.0,-2.3,-3.2,-5.1,-7.0,-7.6,-6.7,-4.8,661.7,662.5,663.3,663.6,663.2,662.7,661.6,661.3,664.9,662.8,661.0,660.5,661.7,663.5,665.5,663.4,661.3,660.3,660.8,662.6,662.8,662.9,663.2,663.6,663.8,663.6,663.3,662.9,705.8,707.0,708.6,709.7,709.7,708.5,706.8,705.8,706.1,705.4,705.3,706.2,708.8,712.1,715.4,711.9,708.6,706.2,705.1,705.4,707.6,708.1,708.8,709.3,709.4,708.9,708.2,707.6,370.0,31.1,828.0,0.007,0.096,-0.081
599,0,1656521726.994,0.98,1,-0.086521,0.084698,-0.992643,-0.238834,0.084176,-0.967405,-0.164,0.086,560.7,562.1,565.8,569.7,571.5,570.4,566.5,562.6,555.2,557.9,561.5,565.6,569.6,572.8,575.0,572.7,569.5,565.7,561.7,558.1,564.5,566.2,567.8,568.4,567.6,565.9,564.3,563.7,606.1,607.1,610.4,613.9,615.7,614.7,611.5,607.7,602.7,605.0,608.1,611.9,615.3,617.8,619.3,618.0,615.7,612.7,609.1,605.5,609.4,611.0,612.4,612.8,612.0,610.5,609.1,608.6,231.3,227.4,225.6,227.0,230.8,235.1,236.6,235.2,233.2,231.2,229.8,229.0,229.4,230.8,232.9,234.2,234.8,235.1,235.1,234.5,233.0,233.6,232.9,231.1,229.4,228.8,229.6,231.3,229.2,225.5,223.8,225.1,228.7,232.4,234.0,233.1,231.5,229.3,227.7,226.8,227.3,228.4,230.2,231.6,232.3,232.7,232.7,232.5,230.7,231.3,230.6,229.0,227.4,226.8,227.6,229.2,263.4,265.2,269.6,274.1,275.9,274.5,269.7,265.3,258.6,260.7,264.0,268.3,273.2,277.4,280.7,277.3,272.8,268.3,264.2,260.9,268.0,269.9,271.9,272.7,271.8,269.9,268.0,267.2,333.6,335.3,339.9,344.6,346.7,344.9,340.3,335.4,329.7,332.1,335.7,340.5,345.8,350.3,353.7,350.4,346.1,341.4,336.7,332.6,338.3,340.3,342.3,343.1,342.2,340.1,338.1,337.3,-2.0,-6.4,-8.4,-6.8,-2.6,2.2,3.8,2.2,0.0,-2.1,-3.7,-4.6,-4.1,-2.6,-0.3,1.2,1.8,2.2,2.1,1.5,-0.2,0.5,-0.3,-2.3,-4.1,-4.8,-3.9,-2.0,-4.6,-9.0,-11.0,-9.5,-5.3,-0.9,1.0,-0.1,-1.9,-4.5,-6.4,-7.4,-6.9,-5.6,-3.6,-1.9,-1.0,-0.5,-0.5,-0.7,-2.8,-2.2,-3.0,-5.0,-6.8,-7.5,-6.6,-4.7,663.5,664.3,665.1,665.4,665.0,664.5,663.4,663.1,666.7,664.6,662.8,662.3,663.5,665.3,667.3,665.2,663.0,662.1,662.6,664.4,664.6,664.7,665.0,665.4,665.6,665.4,665.1,664.7,706.2,707.4,709.0,710.2,710.1,708.9,707.2,706.2,706.5,705.8,705.7,706.7,709.2,712.5,715.8,712.3,709.0,706.5,705.5,705.7,708.0,708.5,709.2,709.8,709.8,709.3,708.6,708.0,368.9,31.2,825.7,0.004,0.096,-0.080
600,0,1656521727.028,0.98,1,-0.090508,0.084954,-0.992266,-0.243996,0.084821,-0.966060,-0.169,0.086,560.7,562.0,565.7,569.7,571.5,570.4,566.4,562.5,555.2,557.8,561.4,565.6,569.6,572.7,575.0,572.7,569.4,565.6,561.7,558.0,564.4,566.2,567.8,568.4,567.6,565.9,564.2,563.6,606.0,607.0,610.3,613.8,615.6,614.6,611.4,607.6,602.6,604.9,608.0,611.8,615.2,617.7,619.3,617.9,615.6,612.6,609.0,605.4,609.3,610.9,612.3,612.7,611.9,610.4,609.0,608.5,231.3,227.3,225.5,226.9,230.8,235.0,236.5,235.1,233.2,231.2,229.7,228.9,229.3,230.7,232.8,234.1,234.7,235.1,235.1,234.5,232.9,233.6,232.8,231.0,229.4,228.7,229.5,231.3,229.0,225.3,223.6,224.9,228.4,232.1,233.8,232.9,231.4,229.1,227.4,226.6,227.0,228.1,229.9,231.4,232.1,232.5,232.6,232.4,230.6,231.1,230.4,228.7,227.2,226.6,227.4,229.0,263.0,264.8,269.2,273.6,275.5,274.0,269.3,264.8,258.2,260.3,263.5,267.9,272.7,277.0,280.2,276.9,272.4,267.8,263.7,260.4,267.5,269.5,271.4,272.2,271.4,269.4,267.5,266.7,333.3,335.1,339.6,344.3,346.4,344.7,340.1,335.1,329.5,331.8,335.4,340.3,345.5,350.0,353.5,350.2,345.8,341.1,336.4,332.4,338.0,340.1,342.1,342.8,341.9,339.9,337.9,337.1,-2.1,-6.5,-8.5,-6.9,-2.7,2.1,3.7,2.1,0.0,-2.2,-3.8,-4.7,-4.2,-2.7,-0.4,1.1,1.7,2.2,2.1,1.5,-0.2,0.4,-0.4,-2.3,-4.2,-4.9,-4.0,-2.1,-4.8,-9.2,-11.2,-9.7,-5.6,-1.2,0.8,-0.3,-2.1,-4.7,-6.7,-7.7,-7.2,-5.9,-3.8,-2.1,-1.2,-0.7,-0.7,-0.9,-3.1,-2.4,-3.3,-5.2,-7.0,-7.7,-6.8,-4.9,662.5,663.3,664.0,664.3,663.9,663.4,662.4,662.1,665.8,663.6,661.8,661.3,662.4,664.2,666.2,664.1,662.0,661.1,661.6,663.4,663.5,663.7,664.0,664.3,664.5,664.4,664.0,663.7,705.9,707.1,708.7,709.8,709.7,708.5,706.9,706.0,706.3,705.6,705.4,706.3,708.8,712.2,715.4,712.0,708.6,706.2,705.2,705.5,707.7,708.2,708.9,709.4,709.5,709.0,708.3,707.8,370.5,31.2,829.1,0.009,0.101,-0.082
601,0,1656521727.061,0.98,1,-0.089751,0.083966,-0.992418,-0.241040,0.083847,-0.966886,-0.167,0.085,560.9,562.2,565.9,569.8,571.7,570.6,566.6,562.7,555.4,558.0,561.6,565.8,569.8,572.9,575.1,572.9,569.6,565.8,561.9,558.2,564.6,566.4,568.0,568.6,567.8,566.0,564.4,563.8,606.2,607.2,610.4,613.9,615.7,614.7,611.5,607.7,602.7,605.0,608.1,611.9,615.3,617.8,619.3,618.0,615.7,612.7,609.1,605.5,609.4,611.0,612.4,612.8,612.0,610.5,609.1,608.6,231.1,227.2,225.4,226.8,230.6,234.9,236.4,234.9,233.0,231.0,229.5,228.7,229.2,230.6,232.6,234.0,234.6,235.0,234.9,234.4,232.8,233.4,232.6,230.9,229.2,228.6,229.4,231.1,228.9,225.2,223.6,224.9,228.4,232.1,233.8,232.8,231.3,229.1,227.4,226.5,227.0,228.1,229.9,231.3,232.1,232.5,232.5,232.3,230.5,231.0,230.3,228.7,227.1,226.6,227.3,228.9,263.8,265.6,270.0,274.4,276.3,274.8,270.1,265.6,259.0,261.1,264.3,268.7,273.6,277.8,281.0,277.7,273.2,268.6,264.5,261.2,268.3,270.3,272.2,273.0,272.2,270.2,268.3,267.5,333.9,335.6,340.2,344.9,347.0,345.2,340.6,335.7,330.0,332.3,335.9,340.8,346.0,350.6,354.0,350.7,346.4,341.7,337.0,332.9,338.6,340.6,342.6,343.4,342.5,340.4,338.4,337.6,-2.2,-6.6,-8.6,-7.0,-2.8,1.9,3.5,2.0,-0.2,-2.4,-4.0,-4.9,-4.4,-2.9,-0.6,0.9,1.6,2.0,1.9,1.3,-0.4,0.3,-0.6,-2.5,-4.4,-5.1,-4.2,-2.3,-4.9,-9.3,-11.3,-9.8,-5.6,-1.3,0.7,-0.4,-2.2,-4.8,-6.8,-7.8,-7.3,-6.0,-3.9,-2.2,-1.3,-0.8,-0.8,-1.0,-3.2,-2.5,-3.4,-5.3,-7.1,-7.8,-6.9,-5.0,663.9,664.7,665.5,665.8,665.4,664.9,663.8,663.5,667.2,665.0,663.3,662.8,663.9,665.7,667.7,665.6,663.5,662.5,663.1,664.9,665.0,665.1,665.5,665.8,666.0,665.8,665.5,665.2,706.8,708.0,709.6,710.7,710.7,709.5,707.8,706.9,707.1,706.4,706.3,707.3,709.8,713.1,716.4,712.9,709.6,707.2,706.1,706.4,708.6,709.1,709.8,710.4,710.4,709.9,709.2,708.7,369.9,31.1,827.4,0.007,0.100,-0.081
602,0,1656521727.094,0.98,1,-0.086799,0.086279,-0.992483,-0.241939,0.085694,-0.966500,-0.166,0.088,560.9,562.2,565.9,569.9,571.7,570.6,566.7,562.7,555.4,558.0,561.6,565.8,569.8,572.9,575.1,572.9,569.6,565.8,561.9,558.2,564.7,566.4,568.0,568.6,567.8,566.1,564.4,563.9,606.4,607.4,610.6,614.2,616.0,615.0,611.8,607.9,603.0,605.3,608.4,612.1,615.5,618.0,619.6,618.2,615.9,612.9,609.4,605.7,609.7,611.2,612.6,613.1,612.3,610.7,609.3,608.9,231.4,227.4,225.6,227.0,230.9,235.1,236.6,235.2,233.3,231.3,229.8,229.0,229.4,230.8,232.9,234.2,234.8,235.2,235.2,234.6,233.0,233.7,232.9,231.1,229.5,228.8,229.6,231.4,229.1,225.4,223.7,225.0,228.5,232.2,233.9,232.9,231.5,229.2,227.6,226.7,227.1,228.2,230.0,231.4,232.2,232.6,232.6,232.5,230.6,231.2,230.5,228.8,227.3,226.7,227.5,229.1,263.8,265.5,269.9,274.4,276.3,274.8,270.1,265.6,258.9,261.0,264.3,268.6,273.5,277.7,281.0,277.7,273.2,268.6,264.5,261.2,268.3,270.3,272.2,273.0,272.2,270.2,268.3,267.5,334.8,336.5,341.1,345.8,347.9,346.2,341.6,336.6,331.0,333.3,336.9,341.8,347.0,351.5,355.0,351.7,347.3,342.6,337.9,333.9,339.5,341.6,343.6,344.3,343.4,341.4,339.4,338.6,-1.9,-6.3,-8.3,-6.8,-2.5,2.2,3.8,2.3,0.1,-2.1,-3.7,-4.6,-4.1,-2.6,-0.3,1.2,1.8,2.3,2.2,1.6,-0.1,0.6,-0.3,-2.2,-4.1,-4.8,-3.9,-2.0,-4.8,-9.1,-11.1,-9.6,-5.5,-1.1,0.9,-0.3,-2.0,-4.6,-6.6,-7.6,-7.1,-5.8,-3.8,-2.1,-1.1,-0.7,-0.6,-0.8,-3.0,-2.3,-3.2,-5.1,-6.9,-7.6,-6.7,-4.8,663.8,664.6,665.4,665.7,665.3,664.8,663.8,663.5,667.1,664.9,663.1,662.6,663.8,665.6,667.6,665.5,663.4,662.4,663.0,664.8,664.9,665.0,665.4,665.7,665.9,665.7,665.4,665.1,708.2,709.4,711.0,712.1,712.0,710.8,709.2,708.3,708.6,707.9,707.7,708.6,711.1,714.5,717.7,714.3,710.9,708.5,707.5,707.8,710.0,710.5,711.2,711.7,711.7,711.3,710.6,710.1,371.0,31.2,829.5,0.007,0.098,-0.083
603,0,1656521727.127,0.98,1,-0.088637,0.085390,-0.992397,-0.241246,0.084681,-0.966762,-0.167,0.087,560.9,562.3,566.0,569.9,571.8,570.7,566.7,562.8,555.4,558.1,561.7,565.8,569.9,573.0,575.2,573.0,569.7,565.9,561.9,558.3,564.7,566.4,568.0,568.6,567.8,566.1,564.5,563.9,606.5,607.5,610.7,614.3,616.1,615.1,611.9,608.0,603.0,605.3,608.5,612.3,615.7,618.1,619.7,618.3,616.0,613.0,609.4,605.8,609.8,611.3,612.7,613.2,612.4,610.8,609.4,609.0,231.3,227.3,225.5,227.0,230.8,235.1,236.6,235.2,233.2,231.2,229.7,228.9,229.4,230.8,232.9,234.2,234.8,235.2,235.1,234.5,233.0,233.6,232.8,231.1,229.4,228.8,229.6,231.3,229.2,225.5,223.8,225.1,228.6,232.3,234.0,233.0,231.5,229.3,227.6,226.8,227.2,228.3,230.1,231.6,232.3,232.7,232.7,232.5,230.7,231.3,230.6,228.9,227.4,226.8,227.5,229.2,262.6,264.4,268.8,273.2,275.1,273.6,268.8,264.4,257.7,259.8,263.1,267.5,272.4,276.6,279.8,276.5,272.0,267.4,263.3,260.0,267.1,269.1,271.0,271.8,271.0,269.0,267.1,266.3,332.6,334.3,338.9,343.6,345.7,344.0,339.4,334.4,328.7,331.1,334.7,339.6,344.8,349.3,352.8,349.5,345.1,340.4,335.7,331.6,337.3,339.4,341.4,342.1,341.2,339.2,337.2,336.4,-2.0,-6.4,-8.4,-6.8,-2.6,2.1,3.8,2.2,0.0,-2.2,-3.7,-4.6,-4.2,-2.6,-0.3,1.2,1.8,2.2,2.1,1.5,-0.2,0.5,-0.4,-2.3,-4.1,-4.8,-4.0,-2.0,-4.7,-9.0,-11.0,-9.5,-5.3,-1.0,1.0,-0.1,-1.9,-4.5,-6.5,-7.5,-7.0,-5.7,-3.6,-1.9,-1.0,-0.5,-0.5,-0.7,-2.9,-2.2,-3.1,-5.0,-6.8,-7.5,-6.6,-4.7,660.7,661.6,662.4,662.6,662.3,661.7,660.7,660.4,664.0,661.8,660.1,659.6,660.7,662.6,664.6,662.4,660.3,659.4,659.9,661.7,661.8,662.0,662.3,662.7,662.8,662.7,662.4,662.0,703.3,704.5,706.2,707.3,707.2,706.0,704.4,703.4,703.7,703.0,702.8,703.8,706.3,709.7,713.0,709.5,706.1,703.7,702.7,702.9,705.2,705.7,706.4,706.9,706.9,706.4,705.7,705.2,369.8,31.2,826.8,0.008,0.100,-0.080
604,0,1656521727.161,0.98,1,-0.086472,0.082111,-0.992865,-0.240547,0.081929,-0.967174,-0.165,0.083,561.0,562.3,566.0,570.0,571.8,570.7,566.7,562.8,555.4,558.1,561.7,565.9,569.9,573.1,575.3,573.0,569.7,565.9,562.0,558.3,564.7,566.5,568.1,568.7,567.9,566.2,564.5,563.9,606.5,607.5,610.7,614.3,616.1,615.1,611.9,608.0,603.1,605.4,608.5,612.3,615.7,618.2,619.7,618.4,616.1,613.1,609.5,605.9,609.8,611.3,612.8,613.2,612.4,610.8,609.4,609.0,231.3,227.3,225.5,226.9,230.8,235.1,236.6,235.1,233.2,231.2,229.7,228.9,229.3,230.8,232.8,234.2,234.7,235.1,235.1,234.5,233.0,233.6,232.8,231.1,229.4,228.7,229.5,231.3,229.1,225.4,223.7,225.0,228.5,232.3,234.0,233.0,231.5,229.2,227.5,226.7,227.1,228.3,230.1,231.5,232.3,232.6,232.7,232.5,230.7,231.2,230.5,228.9,227.3,226.7,227.5,229.1,262.5,264.3,268.7,273.1,275.0,273.5,268.7,264.3,257.6,259.7,263.0,267.4,272.2,276.5,279.7,276.4,271.9,267.3,263.2,259.9,267.0,268.9,270.9,271.7,270.9,268.9,267.0,266.2,333.0,334.7,339.3,344.0,346.1,344.3,339.8,334.8,329.1,331.5,335.0,339.9,345.1,349.7,353.2,349.9,345.5,340.8,336.1,332.0,337.7,339.7,341.7,342.5,341.6,339.5,337.5,336.8,-2.1,-6.4,-8.4,-6.8,-2.6,2.1,3.7,2.2,0.0,-2.2,-3.8,-4.7,-4.2,-2.6,-0.4,1.1,1.7,2.2,2.1,1.5,-0.2,0.5,-0.4,-2.3,-4.2,-4.9,-4.0,-2.1,-4.7,-9.1,-11.1,-9.6,-5.4,-1.1,0.9,-0.2,-2.0,-4.6,-6.6,-7.6,-7.1,-5.8,-3.7,-2.0,-1.1,-0.6,-0.6,-0.8,-2.9,-2.3,-3.1,-5.1,-6.9,-7.5,-6.7,-4.7,660.4,661.2,662.0,662.3,661.9,661.3,660.3,660.0,663.6,661.5,659.7,659.2,660.4,662.2,664.2,662.1,659.9,659.0,659.5,661.3,661.4,661.6,661.9,662.3,662.4,662.3,662.0,661.6,704.0,705.2,706.9,708.0,707.9,706.7,705.1,704.1,704.4,703.7,703.5,704.5,707.0,710.4,713.6,710.2,706.8,704.4,703.3,703.6,705.9,706.4,707.1,707.6,707.6,707.1,706.4,705.9,369.8,31.3,826.6,0.005,0.096,-0.079
605,0,1656521727.195,0.98,1,-0.086801,0.084110,-0.992669,-0.241269,0.083394,-0.966868,-0.166,0.085,561.1,562.4,566.2,570.1,571.9,570.8,566.8,562.9,555.5,558.2,561.8,566.0,570.0,573.1,575.3,573.1,569.8,566.0,562.1,558.4,564.8,566.6,568.2,568.8,568.0,566.3,564.6,564.0,606.5,607.5,610.8,614.3,616.1,615.1,611.9,608.1,603.1,605.4,608.5,612.3,615.7,618.2,619.7,618.4,616.1,613.1,609.5,605.9,609.8,611.4,612.8,613.2,612.4,610.9,609.5,609.0,231.3,227.3,225.5,227.0,230.8,235.1,236.6,235.1,233.2,231.2,229.7,228.9,229.4,230.8,232.9,234.2,234.8,235.2,235.1,234.5,233.0,233.6,232.8,231.1,229.4,228.8,229.5,231.3,229.2,225.5,223.8,225.1,228.6,232.3,234.0,233.0,231.5,229.3,227.6,226.8,227.2,228.3,230.1,231.5,232.3,232.7,232.7,232.5,230.7,231.3,230.5,228.9,227.4,226.8,227.6,229.2,263.1,264.9,269.3,273.7,275.6,274.2,269.4,264.9,258.3,260.4,263.6,268.0,272.9,277.1,280.3,277.0,272.5,267.9,263.8,260.5,267.6,269.6,271.5,272.3,271.5,269.5,267.6,266.8,333.9,335.6,340.2,344.9,347.0,345.2,340.7,335.7,330.0,332.4,335.9,340.8,346.0,350.6,354.1,350.7,346.4,341.7,337.0,332.9,338.6,340.6,342.6,343.4,342.5,340.4,338.4,337.7,-2.1,-6.4,-8.4,-6.8,-2.6,2.1,3.8,2.2,0.0,-2.2,-3.8,-4.7,-4.2,-2.6,-0.3,1.2,1.8,2.2,2.1,1.5,-0.2,0.5,-0.4,-2.3,-4.1,-4.8,-4.0,-2.1,-4.7,-9.0,-11.0,-9.5,-5.4,-1.0,1.0,-0.2,-1.9,-4.5,-6.5,-7.5,-7.0,-5.7,-3.6,-1.9,-1.0,-0.5,-0.5,-0.7,-2.9,-2.2,-3.1,-5.0,-6.8,-7.5,-6.6,-4.7,661.6,662.5,663.2,663.5,663.2,662.6,661.5,661.3,664.9,662.7,661.0,660.5,661.6,663.5,665.4,663.3,661.2,660.2,660.8,662.6,662.7,662.8,663.2,663.6,663.7,663.6,663.2,662.9,705.9,707.1,708.7,709.8,709.7,708.5,706.9,705.9,706.2,705.5,705.4,706.3,708.8,712.2,715.4,712.0,708.6,706.2,705.2,705.4,707.7,708.2,708.9,709.4,709.4,709.0,708.2,707.7,370.1,31.3,827.1,0.007,0.096,-0.079
606,0,1656521727.228,0.98,1,-0.087405,0.085285,-0.992515,-0.240023,0.084557,-0.967078,-0.166,0.086,561.2,562.6,566.3,570.2,572.0,570.9,567.0,563.1,555.7,558.4,562.0,566.1,570.1,573.3,575.5,573.2,569.9,566.2,562.2,558.6,565.0,566.7,568.3,568.9,568.1,566.4,564.8,564.2,606.6,607.6,610.8,614.3,616.2,615.2,612.0,608.1,603.2,605.4,608.6,612.3,615.7,618.2,619.8,618.4,616.1,613.1,609.6,605.9,609.9,611.4,612.8,613.2,612.5,610.9,609.5,609.1,231.3,227.3,225.5,227.0,230.8,235.1,236.6,235.1,233.2,231.2,229.7,228.9,229.3,230.8,232.8,234.2,234.8,235.2,235.1,234.5,233.0,233.6,232.8,231.1,229.4,228.8,229.6,231.3,229.1,225.4,223.7,224.9,228.5,232.2,233.9,232.9,231.4,229.2,227.5,226.6,227.1,228.2,230.0,231.4,232.2,232.6,232.6,232.4,230.6,231.1,230.4,228.8,227.2,226.7,227.4,229.0,263.8,265.6,270.0,274.5,276.3,274.9,270.1,265.7,259.0,261.1,264.4,268.7,273.6,277.8,281.1,277.8,273.3,268.7,264.6,261.3,268.4,270.3,272.3,273.1,272.2,270.3,268.4,267.6,334.1,335.8,340.4,345.1,347.2,345.4,340.9,335.9,330.2,332.6,336.1,341.0,346.2,350.8,354.2,351.0,346.6,341.9,337.2,333.1,338.8,340.8,342.8,343.6,342.7,340.6,338.6,337.9,-2.0,-6.4,-8.4,-6.8,-2.6,2.1,3.8,2.2,0.0,-2.2,-3.8,-4.7,-4.2,-2.7,-0.4,1.1,1.8,2.2,2.1,1.5,-0.2,0.5,-0.4,-2.3,-4.2,-4.8,-4.0,-2.1,-4.8,-9.2,-11.2,-9.7,-5.5,-1.2,0.8,-0.3,-2.0,-4.7,-6.7,-7.7,-7.2,-5.9,-3.8,-2.1,-1.1,-0.7,-0.7,-0.9,-3.0,-2.4,-3.2,-5.2,-7.0,-7.6,-6.8,-4.8,663.2,664.0,664.7,665.0,664.7,664.1,663.1,662.8,666.4,664.3,662.5,662.0,663.1,665.0,667.0,664.9,662.7,661.8,662.3,664.1,664.2,664.4,664.7,665.1,665.2,665.1,664.8,664.4,706.2,707.4,709.0,710.1,710.1,708.9,707.2,706.2,706.5,705.8,705.7,706.7,709.2,712.5,715.8,712.3,709.0,706.5,705.5,705.7,708.0,708.5,709.2,709.7,709.8,709.3,708.6,708.0,370.4,31.3,827.2,0.008,0.096,-0.082
607,0,1656521727.261,0.98,1,-0.090836,0.085588,-0.992181,-0.241931,0.084760,-0.966584,-0.168,0.087,561.2,562.5,566.3,570.2,572.0,570.9,567.0,563.1,555.7,558.3,561.9,566.1,570.1,573.3,575.5,573.2,569.9,566.1,562.2,558.6,565.0,566.7,568.3,568.9,568.1,566.4,564.8,564.2,606.7,607.7,610.9,614.4,616.2,615.2,612.0,608.2,603.2,605.5,608.6,612.4,615.8,618.3,619.9,618.5,616.2,613.2,609.6,606.0,609.9,611.5,612.9,613.3,612.5,611.0,609.6,609.1,231.4,227.4,225.6,227.0,230.8,235.1,236.6,235.2,233.3,231.3,229.8,229.0,229.4,230.8,232.9,234.2,234.8,235.2,235.2,234.6,233.0,233.7,232.9,231.1,229.4,228.8,229.6,231.4,229.2,225.4,223.7,225.0,228.6,232.3,234.0,233.0,231.5,229.3,227.6,226.7,227.2,228.3,230.1,231.5,232.3,232.7,232.7,232.5,230.7,231.3,230.5,228.9,227.3,226.8,227.5,229.1,263.5,265.3,269.7,274.1,276.0,274.6,269.8,265.4,258.7,260.8,264.0,268.4,273.2,277.5,280.7,277.4,272.9,268.3,264.2,260.9,268.0,270.0,271.9,272.7,271.9,269.9,268.0,267.2,333.5,335.2,339.8,344.5,346.6,344.8,340.3,335.3,329.6,332.0,335.5,340.4,345.6,350.2,353.7,350.4,346.0,341.3,336.6,332.5,338.2,340.2,342.2,343.0,342.1,340.0,338.0,337.3,-2.0,-6.3,-8.3,-6.8,-2.6,2.2,3.8,2.3,0.1,-2.1,-3.7,-4.6,-4.1,-2.6,-0.3,1.2,1.8,2.3,2.2,1.6,-0.1,0.6,-0.3,-2.2,-4.1,-4.8,-3.9,-2.0,-4.7,-9.0,-11.1,-9.5,-5.4,-1.0,1.0,-0.2,-1.9,-4.5,-6.5,-7.5,-7.0,-5.7,-3.6,-1.9,-1.0,-0.6,-0.5,-0.8,-2.9,-2.2,-3.1,-5.0,-6.8,-7.5,-6.6,-4.7,662.3,663.1,663.8,664.1,663.8,663.2,662.2,661.9,665.6,663.4,661.6,661.1,662.2,664.1,666.0,663.9,661.8,660.9,661.5,663.3,663.4,663.5,663.8,664.2,664.3,664.2,663.9,663.5,704.7,705.9,707.6,708.7,708.6,707.4,705.8,704.8,705.1,704.4,704.2,705.2,707.7,711.1,714.3,710.9,707.5,705.1,704.0,704.3,706.6,707.1,707.8,708.3,708.3,707.8,707.1,706.6,370.6,31.4,827.5,0.008,0.100,-0.082
608,0,1656521727.294,0.98,1,-0.087362,0.084635,-0.992575,-0.239512,0.083620,-0.967286,-0.165,0.086,561.3,562.7,566.4,570.3,572.1,571.1,567.1,563.2,555.8,558.5,562.1,566.2,570.3,573.4,575.6,573.3,570.1,566.3,562.3,558.7,565.1,566.8,568.4,569.0,568.2,566.5,564.9,564.3,606.7,607.7,611.0,614.5,616.3,615.3,612.1,608.2,603.3,605.6,608.7,612.5,615.9,618.3,619.9,618.5,616.2,613.2,609.7,606.0,610.0,611.5,612.9,613.4,612.6,611.0,609.6,609.2,231.3,227.4,225.6,227.0,230.8,235.1,236.6,235.2,233.2,231.2,229.8,229.0,229.4,230.8,232.9,234.2,234.8,235.2,235.1,234.6,233.0,233.6,232.9,231.1,229.4,228.8,229.6,231.3,229.3,225.6,223.9,225.2,228.8,232.5,234.1,233.1,231.6,229.4,227.7,226.9,227.4,228.5,230.3,231.7,232.5,232.8,232.8,232.6,230.8,231.4,230.7,229.1,227.5,226.9,227.7,229.3,263.7,265.5,269.9,274.4,276.2,274.8,270.0,265.6,258.9,261.0,264.3,268.6,273.5,277.7,281.0,277.6,273.1,268.6,264.5,261.2,268.3,270.2,272.2,272.9,272.1,270.2,268.3,267.5,334.0,335.8,340.4,345.1,347.2,345.4,340.8,335.8,330.1,332.5,336.1,341.0,346.2,350.8,354.2,350.9,346.6,341.8,337.1,333.0,338.7,340.8,342.8,343.6,342.7,340.6,338.6,337.8,-2.0,-6.4,-8.4,-6.8,-2.6,2.2,3.8,2.2,0.0,-2.1,-3.7,-4.6,-4.1,-2.6,-0.3,1.2,1.8,2.2,2.2,1.5,-0.2,0.5,-0.3,-2.3,-4.1,-4.8,-3.9,-2.0,-4.5,-8.9,-10.9,-9.4,-5.2,-0.8,1.2,-0.0,-1.8,-4.4,-6.4,-7.3,-6.8,-5.5,-3.4,-1.7,-0.8,-0.4,-0.4,-0.6,-2.7,-2.1,-2.9,-4.8,-6.7,-7.3,-6.5,-4.6,662.5,663.4,664.1,664.4,664.1,663.6,662.5,662.2,665.8,663.6,661.9,661.4,662.5,664.4,666.4,664.3,662.1,661.2,661.7,663.5,663.6,663.8,664.1,664.5,664.6,664.5,664.1,663.8,705.8,707.0,708.6,709.7,709.7,708.5,706.8,705.8,706.1,705.4,705.3,706.3,708.8,712.1,715.4,712.0,708.6,706.2,705.1,705.3,707.6,708.1,708.8,709.3,709.4,708.9,708.2,707.6,369.9,31.3,826.1,0.004,0.097,-0.079
609,0,1656521727.328,0.98,1,-0.087255,0.085017,-0.992552,-0.239984,0.084124,-0.967125,-0.165,0.086,561.3,562.7,566.4,570.3,572.1,571.0,567.1,563.1,555.8,558.4,562.1,566.2,570.3,573.4,575.6,573.4,570.0,566.2,562.3,558.6,565.1,566.8,568.4,569.0,568.2,566.5,564.9,564.3,606.8,607.8,611.0,614.6,616.4,615.4,612.1,608.3,603.3,605.6,608.8,612.5,615.9,618.4,620.0,618.6,616.3,613.3,609.7,606.1,610.0,611.6,613.0,613.5,612.7,611.1,609.7,609.3,231.4,227.4,225.6,227.1,230.9,235.2,236.7,235.2,233.3,231.2,229.8,229.0,229.4,230.9,233.0,234.3,234.9,235.3,235.2,234.6,233.1,233.7,232.9,231.2,229.5,228.9,229.6,231.4,229.3,225.6,223.9,225.2,228.7,232.4,234.1,233.1,231.6,229.4,227.7,226.8,227.3,228.4,230.2,231.7,232.4,232.8,232.8,232.7,230.8,231.4,230.6,229.0,227.5,226.9,227.6,229.3,262.9,264.7,269.1,273.6,275.4,274.0,269.2,264.8,258.1,260.2,263.5,267.8,272.7,276.9,280.2,276.8,272.3,267.7,263.7,260.3,267.5,269.4,271.3,272.1,271.3,269.4,267.4,266.7,333.3,335.1,339.6,344.3,346.4,344.7,340.1,335.1,329.4,331.8,335.4,340.3,345.5,350.0,353.5,350.2,345.9,341.1,336.5,332.3,338.0,340.1,342.1,342.8,341.9,339.9,337.9,337.1,-1.9,-6.3,-8.3,-6.7,-2.5,2.2,3.9,2.3,0.1,-2.1,-3.7,-4.6,-4.1,-2.5,-0.2,1.3,1.9,2.3,2.2,1.6,-0.1,0.6,-0.3,-2.2,-4.0,-4.7,-3.9,-1.9,-4.5,-8.9,-10.9,-9.4,-5.2,-0.9,1.1,-0.0,-1.8,-4.4,-6.4,-7.4,-6.9,-5.6,-3.5,-1.8,-0.8,-0.4,-0.4,-0.6,-2.8,-2.1,-3.0,-4.9,-6.7,-7.4,-6.5,-4.6,660.6,661.4,662.2,662.5,662.1,661.6,660.5,660.2,663.9,661.7,659.9,659.4,660.6,662.4,664.4,662.3,660.2,659.2,659.7,661.5,661.7,661.8,662.1,662.5,662.7,662.5,662.2,661.8,704.1,705.3,706.9,708.1,708.0,706.8,705.2,704.2,704.4,703.7,703.6,704.6,707.1,710.5,713.8,710.3,706.9,704.5,703.4,703.7,705.9,706.4,707.2,707.7,707.7,707.2,706.5,706.0,370.4,31.3,827.1,0.008,0.098,-0.080
610,0,1656521727.361,0.98,1,-0.089094,0.085548,-0.992343,-0.240838,0.084789,-0.966855,-0.167,0.087,561.3,562.6,566.4,570.3,572.1,571.0,567.0,563.1,555.7,558.4,562.0,566.2,570.2,573.4,575.6,573.3,570.0,566.2,562.3,558.6,565.0,566.8,568.4,569.0,568.2,566.5,564.8,564.2,606.8,607.8,611.0,614.6,616.4,615.4,612.2,608.3,603.3,605.6,608.8,612.6,616.0,618.4,620.0,618.6,616.4,613.3,609.7,606.1,610.1,611.6,613.0,613.5,612.7,611.1,609.7,609.3,231.4,227.4,225.6,227.1,230.9,235.2,236.7,235.3,233.3,231.3,229.9,229.0,229.5,230.9,233.0,234.3,234.9,235.3,235.2,234.7,233.1,233.7,233.0,231.2,229.5,228.9,229.7,231.4,229.3,225.5,223.8,225.1,228.7,232.4,234.1,233.1,231.6,229.4,227.7,226.9,227.3,228.4,230.2,231.6,232.4,232.8,232.8,232.6,230.8,231.4,230.6,229.0,227.5,226.9,227.6,229.3,262.8,264.6,269.0,273.5,275.3,273.9,269.1,264.7,258.0,260.1,263.4,267.7,272.6,276.8,280.1,276.7,272.2,267.7,263.6,260.3,267.4,269.3,271.3,272.1,271.2,269.3,267.4,266.6,332.7,334.5,339.0,343.7,345.8,344.1,339.5,334.5,328.8,331.2,334.8,339.7,344.9,349.4,352.9,349.6,345.3,340.5,335.9,331.8,337.4,339.5,341.5,342.3,341.3,339.3,337.3,336.5,-1.9,-6.3,-8.3,-6.7,-2.5,2.3,3.9,2.3,0.2,-2.0,-3.6,-4.5,-4.0,-2.5,-0.2,1.3,1.9,2.3,2.3,1.6,-0.1,0.6,-0.2,-2.2,-4.0,-4.7,-3.8,-1.9,-4.5,-8.9,-10.9,-9.4,-5.2,-0.9,1.1,-0.0,-1.8,-4.4,-6.4,-7.4,-6.9,-5.6,-3.5,-1.8,-0.9,-0.4,-0.4,-0.6,-2.8,-2.1,-3.0,-4.9,-6.7,-7.4,-6.5,-4.6,660.5,661.3,662.1,662.4,662.0,661.5,660.4,660.1,663.8,661.6,659.8,659.3,660.4,662.3,664.3,662.2,660.0,659.1,659.7,661.4,661.6,661.7,662.0,662.4,662.5,662.4,662.1,661.7,702.8,704.0,705.7,706.8,706.8,705.6,703.9,702.9,703.2,702.5,702.3,703.3,705.9,709.2,712.5,709.0,705.7,703.2,702.2,702.4,704.7,705.2,705.9,706.4,706.4,706.0,705.2,704.7,370.3,31.4,826.7,0.008,0.099,-0.081
611,0,1656521727.394,0.98,1,-0.086571,0.084456,-0.992659,-0.238966,0.084221,-0.967369,-0.165,0.086,561.2,562.5,566.3,570.2,572.0,571.0,567.0,563.0,555.6,558.3,561.9,566.1,570.2,573.3,575.5,573.3,570.0,566.1,562.2,558.5,565.0,566.7,568.3,568.9,568.1,566.4,564.8,564.2,606.7,607.7,610.9,614.5,616.3,615.3,612.1,608.2,603.2,605.6,608.7,612.5,615.9,618.3,619.9,618.6,616.3,613.2,609.7,606.0,610.0,611.5,612.9,613.4,612.6,611.0,609.6,609.2,231.5,227.5,225.6,227.1,230.9,235.2,236.7,235.3,233.3,231.3,229.9,229.0,229.5,230.9,233.0,234.3,234.9,235.3,235.3,234.7,233.1,233.7,233.0,231.2,229.5,228.9,229.7,231.4,229.2,225.5,223.8,225.1,228.6,232.4,234.1,233.1,231.6,229.3,227.6,226.8,227.2,228.3,230.1,231.6,232.4,232.8,232.8,232.6,230.8,231.3,230.6,229.0,227.4,226.8,227.6,229.2,262.6,264.3,268.7,273.2,275.0,273.6,268.8,264.4,257.7,259.8,263.1,267.4,272.3,276.5,279.8,276.5,272.0,267.4,263.3,260.0,267.1,269.0,271.0,271.8,270.9,269.0,267.1,266.3,332.8,334.5,339.1,343.8,345.9,344.2,339.6,334.6,328.9,331.3,334.9,339.8,345.0,349.5,353.0,349.7,345.4,340.6,336.0,331.9,337.5,339.6,341.6,342.3,341.4,339.4,337.4,336.6,-1.9,-6.3,-8.3,-6.7,-2.5,2.3,3.9,2.3,0.2,-2.0,-3.6,-4.5,-4.0,-2.5,-0.2,1.3,1.9,2.4,2.3,1.7,-0.0,0.6,-0.2,-2.1,-4.0,-4.7,-3.8,-1.9,-4.6,-8.9,-11.0,-9.5,-5.3,-0.9,1.1,-0.1,-1.8,-4.5,-6.4,-7.4,-7.0,-5.7,-3.6,-1.9,-0.9,-0.5,-0.4,-0.7,-2.8,-2.1,-3.0,-4.9,-6.8,-7.4,-6.5,-4.6,660.0,660.8,661.5,661.8,661.5,661.0,659.9,659.6,663.3,661.1,659.3,658.8,659.9,661.8,663.8,661.7,659.6,658.6,659.1,660.9,661.1,661.2,661.5,661.9,662.0,661.9,661.6,661.2,703.2,704.4,706.1,707.2,707.2,706.0,704.3,703.3,703.6,702.9,702.7,703.7,706.3,709.6,712.9,709.4,706.1,703.6,702.6,702.8,705.1,705.6,706.3,706.8,706.8,706.3,705.6,705.1,370.1,31.3,826.5,0.006,0.097,-0.082
612,0,1656521727.428,0.98,1,-0.090485,0.084840,-0.992277,-0.240764,0.084039,-0.966938,-0.167,0.086,561.2,562.5,566.3,570.2,572.0,571.0,567.0,563.1,555.7,558.4,561.9,566.1,570.1,573.3,575.5,573.3,570.0,566.2,562.2,558.6,565.0,566.7,568.3,568.9,568.1,566.4,564.8,564.2,606.7,607.7,610.9,614.5,616.3,615.3,612.1,608.2,603.3,605.6,608.7,612.5,615.9,618.4,619.9,618.6,616.3,613.3,609.7,606.1,610.0,611.5,613.0,613.4,612.6,611.0,609.6,609.2,231.4,227.4,225.6,227.0,230.8,235.1,236.6,235.2,233.3,231.3,229.8,229.0,229.4,230.8,232.8,234.2,234.8,235.2,235.1,234.6,233.0,233.6,232.8,231.1,229.4,228.8,229.6,231.3,229.0,225.3,223.6,224.9,228.5,232.2,233.9,232.9,231.4,229.2,227.5,226.6,227.1,228.2,230.0,231.4,232.2,232.6,232.6,232.4,230.6,231.2,230.4,228.8,227.2,226.7,227.4,229.0,263.6,265.4,269.8,274.2,276.1,274.7,269.9,265.5,258.9,260.9,264.2,268.5,273.4,277.6,280.9,277.5,273.0,268.5,264.4,261.1,268.2,270.1,272.1,272.8,272.0,270.1,268.1,267.4,333.3,335.0,339.6,344.3,346.4,344.6,340.1,335.1,329.4,331.8,335.4,340.2,345.5,350.0,353.5,350.2,345.8,341.1,336.4,332.3,338.0,340.0,342.0,342.8,341.9,339.8,337.8,337.1,-2.0,-6.4,-8.4,-6.8,-2.6,2.1,3.8,2.2,0.1,-2.1,-3.7,-4.6,-4.2,-2.6,-0.4,1.1,1.8,2.2,2.2,1.6,-0.2,0.5,-0.4,-2.3,-4.1,-4.8,-3.9,-2.0,-4.8,-9.2,-11.2,-9.7,-5.5,-1.1,0.9,-0.3,-2.1,-4.7,-6.6,-7.6,-7.1,-5.9,-3.8,-2.1,-1.1,-0.7,-0.7,-0.9,-3.0,-2.4,-3.2,-5.1,-7.0,-7.6,-6.7,-4.8,662.6,663.4,664.2,664.4,664.1,663.6,662.5,662.3,666.0,663.8,662.0,661.4,662.5,664.4,666.3,664.3,662.2,661.2,661.8,663.6,663.7,663.8,664.1,664.5,664.7,664.5,664.2,663.9,704.2,705.4,707.0,708.1,708.1,706.9,705.2,704.2,704.5,703.8,703.7,704.7,707.2,710.5,713.8,710.3,707.0,704.5,703.5,703.7,706.0,706.5,707.2,707.7,707.8,707.3,706.6,706.0,370.3,31.3,826.8,0.005,0.098,-0.082
613,0,1656521727.461,0.98,1,-0.091949,0.080136,-0.992534,-0.244005,0.077798,-0.966648,-0.170,0.080,561.2,562.6,566.3,570.2,572.1,571.0,567.0,563.1,555.7,558.4,562.0,566.1,570.2,573.3,575.5,573.3,570.0,566.1,562.2,558.6,565.0,566.7,568.3,568.9,568.1,566.4,564.8,564.2,606.6,607.6,610.8,614.4,616.2,615.2,612.0,608.1,603.1,605.4,608.6,612.4,615.8,618.3,619.9,618.5,616.2,613.2,609.6,605.9,609.9,611.5,612.9,613.3,612.5,610.9,609.5,609.1,231.2,227.2,225.4,226.9,230.7,235.0,236.5,235.0,233.1,231.0,229.6,228.7,229.2,230.7,232.8,234.1,234.7,235.1,235.0,234.4,232.9,233.5,232.7,231.0,229.3,228.7,229.4,231.2,229.1,225.4,223.7,225.0,228.6,232.3,234.0,233.0,231.5,229.2,227.5,226.7,227.1,228.3,230.1,231.5,232.3,232.7,232.7,232.5,230.7,231.2,230.5,228.9,227.3,226.7,227.5,229.1,263.0,264.8,269.2,273.6,275.5,274.0,269.2,264.8,258.2,260.3,263.5,267.9,272.8,277.0,280.2,276.8,272.3,267.8,263.7,260.4,267.5,269.5,271.4,272.2,271.4,269.5,267.5,266.7,332.2,333.9,338.5,343.2,345.3,343.5,338.9,334.0,328.3,330.6,334.2,339.1,344.3,348.9,352.3,349.0,344.7,339.9,335.3,331.2,336.8,338.9,340.9,341.7,340.8,338.7,336.7,335.9,-2.2,-6.5,-8.5,-6.9,-2.7,2.0,3.6,2.0,-0.1,-2.3,-3.9,-4.8,-4.3,-2.8,-0.4,1.1,1.7,2.1,2.0,1.4,-0.3,0.4,-0.5,-2.4,-4.3,-5.0,-4.1,-2.2,-4.7,-9.1,-11.1,-9.5,-5.4,-1.0,1.0,-0.2,-1.9,-4.6,-6.6,-7.6,-7.1,-5.7,-3.6,-1.9,-1.0,-0.6,-0.6,-0.8,-2.9,-2.2,-3.1,-5.0,-6.8,-7.5,-6.6,-4.7,661.0,661.8,662.6,662.9,662.4,661.9,660.9,660.6,664.3,662.2,660.4,659.8,660.9,662.7,664.7,662.6,660.5,659.6,660.2,662.0,662.1,662.2,662.5,662.9,663.0,662.9,662.6,662.2,702.1,703.3,704.9,706.0,705.9,704.7,703.1,702.1,702.4,701.7,701.6,702.6,705.1,708.4,711.6,708.2,704.8,702.4,701.3,701.6,703.9,704.4,705.1,705.6,705.7,705.2,704.5,703.9,371.2,31.4,829.0,0.004,0.103,-0.082
614,0,1656521727.494,0.98,1,-0.086457,0.081811,-0.992891,-0.240138,0.081074,-0.967347,-0.165,0.083,561.2,562.5,566.2,570.2,572.0,570.9,566.9,563.0,555.6,558.3,561.9,566.1,570.1,573.3,575.5,573.2,569.9,566.1,562.2,558.5,564.9,566.7,568.3,568.9,568.1,566.3,564.7,564.1,606.6,607.6,610.9,614.4,616.3,615.3,612.0,608.2,603.2,605.5,608.6,612.4,615.8,618.3,619.9,618.5,616.2,613.2,609.6,606.0,609.9,611.5,612.9,613.3,612.5,611.0,609.6,609.1,231.5,227.5,225.6,227.1,230.9,235.2,236.8,235.3,233.3,231.3,229.9,229.0,229.5,230.9,233.0,234.3,234.9,235.3,235.3,234.7,233.1,233.8,233.0,231.2,229.5,228.9,229.7,231.4,229.3,225.6,223.9,225.2,228.7,232.4,234.1,233.1,231.6,229.4,227.7,226.8,227.3,228.4,230.2,231.6,232.4,232.8,232.8,232.6,230.8,231.4,230.6,229.0,227.5,226.9,227.6,229.3,262.0,263.8,268.2,272.7,274.5,273.1,268.3,263.9,257.2,259.3,262.6,266.9,271.8,276.0,279.3,276.0,271.5,266.9,262.8,259.5,266.6,268.5,270.5,271.3,270.4,268.5,266.6,265.8,332.5,334.2,338.8,343.5,345.6,343.8,339.3,334.3,328.6,331.0,334.5,339.4,344.6,349.2,352.6,349.3,345.0,340.3,335.6,331.5,337.2,339.2,341.2,342.0,341.1,339.0,337.0,336.2,-1.9,-6.3,-8.2,-6.7,-2.4,2.3,3.9,2.3,0.2,-2.0,-3.6,-4.5,-4.0,-2.5,-0.2,1.3,1.9,2.3,2.3,1.7,-0.0,0.7,-0.2,-2.1,-4.0,-4.7,-3.8,-1.9,-4.5,-8.9,-10.9,-9.4,-5.2,-0.9,1.1,-0.0,-1.8,-4.4,-6.4,-7.4,-6.9,-5.6,-3.5,-1.8,-0.9,-0.4,-0.4,-0.6,-2.7,-2.1,-3.0,-4.9,-6.7,-7.3,-6.5,-4.6,658.8,659.7,660.4,660.7,660.4,659.8,658.8,658.5,662.1,659.9,658.2,657.7,658.8,660.7,662.6,660.5,658.4,657.5,658.0,659.8,659.9,660.1,660.4,660.8,660.9,660.8,660.4,660.1,702.6,703.8,705.5,706.6,706.5,705.3,703.7,702.7,703.0,702.3,702.1,703.1,705.7,709.0,712.3,708.8,705.4,703.0,701.9,702.2,704.5,705.0,705.7,706.2,706.2,705.7,705.0,704.5,370.4,31.3,827.3,0.002,0.097,-0.081
615,0,1656521727.528,0.98,1,-0.087460,0.081351,-0.992841,-0.241328,0.080524,-0.967097,-0.166,0.082,561.2,562.5,566.2,570.2,572.0,570.9,566.9,563.0,555.6,558.3,561.9,566.1,570.1,573.3,575.5,573.2,569.9,566.1,562.2,558.5,564.9,566.7,568.3,568.9,568.1,566.4,564.7,564.1,606.5,607.5,610.7,614.3,616.1,615.1,611.9,608.1,603.1,605.4,608.5,612.3,615.7,618.2,619.7,618.4,616.1,613.1,609.5,605.9,609.8,611.4,612.8,613.2,612.4,610.9,609.4,609.0,231.3,227.3,225.5,226.9,230.7,235.0,236.5,235.1,233.1,231.1,229.7,228.8,229.3,230.7,232.8,234.2,234.7,235.1,235.1,234.5,232.9,233.6,232.8,231.0,229.3,228.7,229.5,231.2,229.1,225.4,223.7,225.0,228.5,232.2,233.9,232.9,231.4,229.2,227.5,226.6,227.1,228.2,230.0,231.4,232.2,232.6,232.6,232.4,230.6,231.2,230.4,228.8,227.3,226.7,227.4,229.1,262.8,264.6,269.0,273.4,275.3,273.9,269.1,264.6,258.0,260.1,263.3,267.7,272.6,276.8,280.0,276.7,272.2,267.6,263.5,260.2,267.3,269.3,271.2,272.0,271.2,269.3,267.3,266.5,332.9,334.7,339.2,343.9,346.0,344.3,339.7,334.8,329.1,331.4,335.0,339.9,345.1,349.7,353.1,349.8,345.5,340.7,336.1,332.0,337.6,339.7,341.7,342.5,341.5,339.5,337.5,336.7,-2.1,-6.5,-8.5,-6.9,-2.7,2.1,3.7,2.1,-0.0,-2.2,-3.8,-4.7,-4.3,-2.7,-0.4,1.1,1.7,2.1,2.1,1.5,-0.3,0.4,-0.4,-2.4,-4.2,-4.9,-4.0,-2.1,-4.8,-9.1,-11.2,-9.6,-5.5,-1.1,0.9,-0.3,-2.0,-4.6,-6.6,-7.6,-7.2,-5.8,-3.7,-2.0,-1.1,-0.7,-0.6,-0.8,-3.0,-2.3,-3.2,-5.1,-6.9,-7.6,-6.7,-4.8,660.6,661.5,662.3,662.5,662.2,661.6,660.5,660.3,663.9,661.7,660.0,659.5,660.6,662.5,664.4,662.3,660.2,659.2,659.8,661.6,661.7,661.8,662.2,662.6,662.7,662.6,662.2,661.9,703.9,705.1,706.8,707.9,707.8,706.6,704.9,703.9,704.2,703.5,703.4,704.4,706.9,710.2,713.5,710.0,706.7,704.2,703.2,703.5,705.7,706.2,706.9,707.5,707.5,707.0,706.3,705.8,370.6,31.2,827.9,0.005,0.098,-0.082
616,0,1656521727.561,0.98,1,-0.088092,0.080595,-0.992847,-0.242966,0.080081,-0.966724,-0.167,0.082,561.0,562.4,566.1,570.1,571.9,570.8,566.8,562.9,555.5,558.2,561.8,566.0,570.0,573.2,575.4,573.1,569.8,566.0,562.0,558.3,564.8,566.5,568.2,568.8,568.0,566.2,564.6,564.0,606.5,607.5,610.8,614.3,616.2,615.2,611.9,608.1,603.1,605.4,608.5,612.3,615.7,618.2,619.8,618.4,616.1,613.1,609.5,605.9,609.8,611.4,612.8,613.2,612.4,610.9,609.5,609.0,231.3,227.3,225.5,226.9,230.8,235.1,236.6,235.1,233.2,231.1,229.7,228.8,229.3,230.7,232.8,234.2,234.8,235.2,235.1,234.5,233.0,233.6,232.8,231.0,229.4,228.7,229.5,231.3,229.2,225.5,223.7,225.1,228.6,232.3,234.0,233.0,231.5,229.3,227.6,226.7,227.2,228.3,230.1,231.6,232.3,232.7,232.7,232.6,230.7,231.3,230.5,228.9,227.4,226.8,227.5,229.2,261.5,263.3,267.7,272.1,273.9,272.5,267.7,263.3,256.6,258.7,262.0,266.4,271.2,275.4,278.7,275.3,270.8,266.3,262.2,258.9,266.0,267.9,269.9,270.7,269.9,267.9,266.0,265.2,332.1,333.8,338.4,343.1,345.2,343.4,338.8,333.9,328.2,330.6,334.1,339.0,344.2,348.8,352.2,348.9,344.6,339.9,335.2,331.1,336.8,338.8,340.8,341.6,340.7,338.6,336.6,335.9,-2.1,-6.4,-8.4,-6.8,-2.6,2.1,3.7,2.2,-0.0,-2.2,-3.8,-4.7,-4.2,-2.7,-0.4,1.1,1.8,2.2,2.1,1.5,-0.2,0.5,-0.4,-2.3,-4.2,-4.9,-4.0,-2.1,-4.6,-9.0,-11.0,-9.5,-5.3,-1.0,1.0,-0.1,-1.9,-4.5,-6.5,-7.5,-7.0,-5.7,-3.6,-1.9,-0.9,-0.5,-0.5,-0.7,-2.9,-2.2,-3.1,-5.0,-6.8,-7.5,-6.6,-4.7,657.7,658.5,659.3,659.5,659.2,658.6,657.6,657.3,661.0,658.8,657.0,656.5,657.6,659.5,661.5,659.3,657.2,656.3,656.8,658.6,658.7,658.9,659.2,659.6,659.7,659.6,659.3,658.9,702.1,703.3,704.9,706.0,705.9,704.7,703.1,702.1,702.4,701.7,701.6,702.5,705.0,708.4,711.6,708.2,704.8,702.4,701.4,701.6,703.9,704.4,705.1,705.6,705.6,705.2,704.4,703.9,370.8,31.2,828.6,0.004,0.100,-0.080
617,0,1656521727.594,0.98,1,-0.088944,0.084716,-0.992427,-0.242984,0.084431,-0.966349,-0.168,0.086,561.0,562.4,566.1,570.0,571.9,570.8,566.8,562.9,555.5,558.2,561.8,565.9,570.0,573.1,575.3,573.1,569.8,566.0,562.0,558.4,564.8,566.5,568.2,568.7,567.9,566.2,564.6,564.0,606.5,607.5,610.7,614.3,616.1,615.1,611.9,608.0,603.0,605.3,608.4,612.2,615.6,618.1,619.7,618.4,616.0,613.0,609.4,605.8,609.7,611.3,612.7,613.2,612.4,610.8,609.4,608.9,231.4,227.4,225.6,227.0,230.9,235.2,236.7,235.3,233.3,231.3,229.8,229.0,229.4,230.8,232.9,234.3,234.9,235.3,235.2,234.7,233.1,233.7,232.9,231.2,229.5,228.9,229.6,231.4,229.1,225.4,223.7,225.0,228.5,232.2,234.0,233.0,231.5,229.2,227.5,226.7,227.1,228.2,230.0,231.5,232.3,232.6,232.7,232.5,230.7,231.2,230.5,228.8,227.3,226.7,227.5,229.1,262.5,264.3,268.7,273.1,275.0,273.6,268.8,264.4,257.7,259.8,263.0,267.4,272.3,276.5,279.7,276.4,271.9,267.3,263.2,259.9,267.0,269.0,270.9,271.7,270.9,268.9,267.0,266.2,332.8,334.5,339.1,343.8,345.9,344.1,339.6,334.6,328.9,331.3,334.8,339.7,344.9,349.5,353.0,349.7,345.3,340.6,335.9,331.8,337.5,339.5,341.5,342.3,341.4,339.3,337.3,336.6,-1.9,-6.3,-8.3,-6.7,-2.5,2.2,3.9,2.3,0.2,-2.1,-3.6,-4.6,-4.1,-2.5,-0.3,1.2,1.9,2.3,2.3,1.6,-0.1,0.6,-0.3,-2.2,-4.0,-4.7,-3.9,-1.9,-4.7,-9.1,-11.1,-9.6,-5.4,-1.1,0.9,-0.2,-1.9,-4.6,-6.6,-7.6,-7.1,-5.8,-3.7,-2.0,-1.1,-0.6,-0.6,-0.8,-2.9,-2.3,-3.2,-5.1,-6.9,-7.5,-6.7,-4.8,660.3,661.1,661.9,662.1,661.8,661.2,660.2,659.9,663.6,661.4,659.6,659.1,660.2,662.1,664.1,662.0,659.8,658.9,659.5,661.2,661.4,661.5,661.8,662.2,662.3,662.2,661.9,661.5,703.8,705.0,706.6,707.7,707.6,706.4,704.8,703.8,704.1,703.4,703.2,704.2,706.7,710.0,713.3,709.9,706.5,704.1,703.1,703.3,705.6,706.1,706.8,707.3,707.3,706.8,706.1,705.6,370.5,31.2,827.9,0.008,0.100,-0.083
618,0,1656521727.628,0.98,1,-0.089061,0.084786,-0.992411,-0.241756,0.084707,-0.966633,-0.167,0.086,561.1,562.4,566.2,570.1,571.9,570.9,566.9,562.9,555.5,558.2,561.8,566.0,570.0,573.2,575.4,573.2,569.9,566.0,562.1,558.4,564.9,566.6,568.2,568.8,568.0,566.3,564.6,564.1,606.6,607.6,610.8,614.4,616.2,615.2,612.0,608.1,603.1,605.4,608.6,612.4,615.8,618.2,619.8,618.5,616.2,613.1,609.5,605.9,609.9,611.4,612.8,613.3,612.5,610.9,609.5,609.1,231.4,227.4,225.6,227.0,230.9,235.2,236.7,235.3,233.3,231.3,229.8,229.0,229.4,230.8,232.9,234.3,234.9,235.3,235.2,234.7,233.1,233.7,232.9,231.2,229.5,228.9,229.6,231.4,229.2,225.5,223.8,225.1,228.6,232.3,234.0,233.1,231.5,229.3,227.6,226.7,227.2,228.3,230.1,231.6,232.4,232.7,232.8,232.6,230.7,231.3,230.5,228.9,227.4,226.8,227.5,229.2,262.0,263.8,268.2,272.7,274.5,273.1,268.3,263.9,257.2,259.3,262.6,266.9,271.8,276.0,279.3,276.0,271.5,266.9,262.8,259.5,266.6,268.5,270.5,271.3,270.4,268.5,266.6,265.8,332.3,334.0,338.6,343.3,345.4,343.7,339.1,334.1,328.4,330.8,334.4,339.3,344.5,349.0,352.5,349.2,344.9,340.1,335.4,331.3,337.0,339.1,341.1,341.8,340.9,338.9,336.9,336.1,-1.9,-6.3,-8.3,-6.7,-2.5,2.2,3.9,2.3,0.2,-2.1,-3.6,-4.6,-4.1,-2.5,-0.3,1.3,1.9,2.3,2.3,1.7,-0.1,0.6,-0.3,-2.2,-4.0,-4.7,-3.9,-1.9,-4.6,-9.0,-11.0,-9.5,-5.3,-1.0,1.0,-0.1,-1.9,-4.5,-6.5,-7.5,-7.0,-5.7,-3.6,-1.9,-0.9,-0.5,-0.5,-0.7,-2.9,-2.2,-3.1,-5.0,-6.8,-7.5,-6.6,-4.7,659.0,659.8,660.6,660.9,660.5,660.0,659.0,658.7,662.3,660.1,658.4,657.9,659.0,660.8,662.8,660.7,658.6,657.7,658.2,660.0,660.1,660.2,660.6,660.9,661.1,661.0,660.6,660.3,702.5,703.6,705.3,706.4,706.4,705.2,703.5,702.5,702.8,702.1,702.0,702.9,705.5,708.8,712.1,708.6,705.3,702.9,701.8,702.1,704.3,704.8,705.5,706.0,706.0,705.6,704.8,704.3,370.6,31.2,828.0,0.008,0.100,-0.082
619,0,1656521727.661,0.98,1,-0.084414,0.084952,-0.992803,-0.238580,0.084411,-0.967447,-0.163,0.086,561.3,562.7,566.4,570.3,572.1,571.0,567.1,563.2,555.8,558.5,562.1,566.2,570.2,573.3,575.5,573.3,570.0,566.2,562.3,558.7,565.1,566.8,568.4,569.0,568.2,566.5,564.8,564.3,606.6,607.6,610.8,614.3,616.1,615.1,611.9,608.1,603.2,605.5,608.6,612.3,615.7,618.2,619.7,618.4,616.1,613.1,609.5,605.9,609.8,611.4,612.8,613.2,612.5,610.9,609.5,609.1,231.4,227.4,225.6,227.1,230.9,235.1,236.6,235.2,233.3,231.3,229.8,229.0,229.4,230.9,232.9,234.3,234.8,235.2,235.2,234.6,233.1,233.7,232.9,231.2,229.5,228.9,229.6,231.4,229.2,225.5,223.9,225.2,228.7,232.4,234.1,233.1,231.6,229.4,227.7,226.8,227.3,228.4,230.2,231.6,232.4,232.7,232.7,232.6,230.8,231.3,230.6,229.0,227.4,226.9,227.6,229.2,264.6,266.3,270.8,275.2,277.1,275.7,270.9,266.4,259.7,261.8,265.1,269.5,274.4,278.6,281.8,278.5,274.0,269.4,265.3,262.0,269.1,271.1,273.0,273.8,273.0,271.0,269.1,268.3,335.2,337.0,341.6,346.3,348.4,346.6,342.0,337.1,331.4,333.7,337.3,342.2,347.4,352.0,355.4,352.1,347.8,343.0,338.4,334.3,339.9,342.0,344.0,344.8,343.9,341.8,339.8,339.0,-2.0,-6.3,-8.3,-6.7,-2.5,2.2,3.8,2.3,0.1,-2.1,-3.7,-4.6,-4.1,-2.6,-0.3,1.2,1.8,2.3,2.2,1.6,-0.1,0.6,-0.3,-2.2,-4.1,-4.8,-3.9,-2.0,-4.6,-9.0,-11.0,-9.5,-5.3,-0.9,1.1,-0.1,-1.9,-4.5,-6.4,-7.4,-6.9,-5.6,-3.5,-1.9,-0.9,-0.5,-0.5,-0.7,-2.8,-2.2,-3.0,-4.9,-6.8,-7.4,-6.6,-4.6,664.6,665.5,666.3,666.6,666.3,665.7,664.6,664.3,667.9,665.7,664.0,663.5,664.7,666.6,668.6,666.4,664.3,663.3,663.8,665.6,665.7,665.9,666.2,666.6,666.8,666.6,666.3,665.9,708.6,709.8,711.5,712.6,712.5,711.3,709.7,708.7,709.0,708.3,708.1,709.1,711.6,715.0,718.2,714.8,711.4,709.0,707.9,708.2,710.5,711.0,711.7,712.2,712.2,711.7,711.0,710.5,370.5,31.3,827.6,0.006,0.094,-0.081
620,0,1656521727.694,0.98,1,-0.085577,0.084407,-0.992750,-0.240071,0.084169,-0.967099,-0.165,0.086,561.2,562.5,566.2,570.2,572.0,570.9,566.9,563.0,555.6,558.3,561.9,566.1,570.1,573.2,575.5,573.2,569.9,566.1,562.2,558.5,564.9,566.6,568.3,568.9,568.1,566.3,564.7,564.1,606.6,607.6,610.8,614.4,616.2,615.2,612.0,608.1,603.1,605.4,608.6,612.4,615.8,618.2,619.8,618.5,616.2,613.1,609.6,605.9,609.9,611.4,612.8,613.3,612.5,610.9,609.5,609.1,231.4,227.4,225.6,227.1,230.9,235.2,236.7,235.3,233.3,231.3,229.9,229.0,229.5,230.9,233.0,234.3,234.9,235.3,235.2,234.7,233.1,233.7,233.0,231.2,229.5,228.9,229.7,231.4,229.2,225.5,223.8,225.1,228.6,232.3,234.1,233.1,231.6,229.3,227.6,226.8,227.2,228.3,230.1,231.5,232.3,232.7,232.8,232.6,230.7,231.3,230.6,228.9,227.4,226.8,227.6,229.2,262.2,264.0,268.4,272.9,274.7,273.3,268.5,264.1,257.4,259.5,262.8,267.1,272.0,276.2,279.5,276.1,271.6,267.1,263.0,259.6,266.8,268.7,270.7,271.4,270.6,268.7,266.8,266.0,333.1,334.8,339.4,344.1,346.2,344.5,339.9,334.9,329.2,331.6,335.2,340.1,345.3,349.8,353.3,350.0,345.7,340.9,336.3,332.1,337.8,339.9,341.9,342.6,341.7,339.6,337.6,336.9,-1.9,-6.3,-8.3,-6.7,-2.4,2.3,3.9,2.3,0.2,-2.0,-3.6,-4.5,-4.0,-2.5,-0.2,1.3,1.9,2.3,2.3,1.6,-0.1,0.6,-0.2,-2.1,-4.0,-4.7,-3.8,-1.9,-4.6,-9.0,-11.0,-9.5,-5.3,-1.0,1.0,-0.1,-1.8,-4.5,-6.5,-7.5,-7.0,-5.7,-3.6,-1.9,-1.0,-0.5,-0.5,-0.7,-2.8,-2.2,-3.0,-5.0,-6.8,-7.4,-6.6,-4.6,659.3,660.1,660.9,661.2,660.9,660.3,659.2,658.9,662.6,660.4,658.6,658.2,659.3,661.2,663.2,661.0,658.9,657.9,658.4,660.2,660.4,660.5,660.9,661.2,661.4,661.3,660.9,660.6,704.1,705.3,706.9,708.1,708.0,706.8,705.2,704.2,704.4,703.8,703.6,704.6,707.1,710.5,713.7,710.3,706.9,704.5,703.4,703.7,706.0,706.4,707.2,707.7,707.7,707.2,706.5,706.0,370.1,31.3,826.8,0.007,0.096,-0.080
621,0,1656521727.728,0.98,1,-0.090715,0.083866,-0.992339,-0.242886,0.083309,-0.966471,-0.169,0.085,561.1,562.4,566.1,570.1,571.9,570.8,566.8,562.9,555.5,558.2,561.8,565.9,570.0,573.1,575.4,573.1,569.8,566.0,562.1,558.4,564.8,566.6,568.2,568.8,568.0,566.2,564.6,564.0,606.6,607.6,610.8,614.3,616.2,615.2,611.9,608.1,603.1,605.4,608.5,612.3,615.7,618.2,619.8,618.4,616.1,613.1,609.5,605.9,609.8,611.4,612.8,613.2,612.4,610.9,609.5,609.0,231.4,227.4,225.6,227.1,230.9,235.2,236.7,235.3,233.3,231.3,229.9,229.0,229.5,230.9,232.9,234.3,234.9,235.3,235.2,234.6,233.1,233.7,232.9,231.2,229.5,228.9,229.7,231.4,229.2,225.5,223.8,225.1,228.6,232.4,234.1,233.1,231.6,229.3,227.6,226.8,227.2,228.4,230.1,231.6,232.3,232.7,232.7,232.6,230.7,231.3,230.6,228.9,227.4,226.8,227.6,229.2,262.9,264.7,269.1,273.5,275.4,274.0,269.2,264.8,258.1,260.2,263.4,267.8,272.7,276.9,280.1,276.8,272.3,267.7,263.6,260.3,267.5,269.4,271.3,272.1,271.3,269.3,267.4,266.6,333.4,335.1,339.7,344.4,346.5,344.7,340.2,335.2,329.5,331.9,335.5,340.4,345.6,350.1,353.6,350.3,345.9,341.2,336.5,332.4,338.1,340.2,342.2,342.9,342.0,339.9,338.0,337.2,-1.9,-6.3,-8.3,-6.7,-2.5,2.2,3.9,2.3,0.2,-2.0,-3.6,-4.5,-4.1,-2.5,-0.3,1.2,1.9,2.3,2.2,1.6,-0.1,0.6,-0.3,-2.2,-4.0,-4.7,-3.9,-1.9,-4.6,-9.0,-11.0,-9.5,-5.3,-0.9,1.0,-0.1,-1.9,-4.5,-6.5,-7.4,-7.0,-5.7,-3.6,-1.9,-1.0,-0.5,-0.5,-0.7,-2.8,-2.2,-3.0,-5.0,-6.8,-7.4,-6.6,-4.7,661.2,662.0,662.8,663.1,662.7,662.1,661.1,660.8,664.5,662.3,660.5,660.0,661.1,663.0,664.9,662.8,660.7,659.8,660.4,662.2,662.3,662.4,662.7,663.1,663.2,663.1,662.8,662.4,704.8,706.0,707.7,708.8,708.7,707.5,705.9,704.9,705.2,704.5,704.3,705.3,707.8,711.1,714.4,711.0,707.6,705.2,704.1,704.4,706.7,707.1,707.9,708.4,708.4,707.9,707.2,706.7,370.6,31.4,827.8,0.005,0.102,-0.082
622,0,1656521727.761,0.98,1,-0.090634,0.083992,-0.992336,-0.241958,0.083386,-0.966697,-0.168,0.085,561.3,562.6,566.3,570.2,572.1,571.0,567.0,563.1,555.8,558.4,562.0,566.1,570.2,573.3,575.5,573.3,570.0,566.2,562.3,558.6,565.0,566.7,568.4,568.9,568.1,566.4,564.8,564.2,606.5,607.5,610.7,614.3,616.1,615.1,611.9,608.0,603.1,605.4,608.5,612.2,615.6,618.1,619.7,618.3,616.0,613.0,609.5,605.9,609.8,611.3,612.7,613.2,612.4,610.8,609.4,609.0,231.5,227.5,225.7,227.1,230.9,235.2,236.7,235.3,233.3,231.3,229.9,229.0,229.5,230.9,232.9,234.3,234.9,235.3,235.2,234.7,233.1,233.7,232.9,231.2,229.5,228.9,229.7,231.4,229.2,225.5,223.8,225.1,228.6,232.3,234.0,233.0,231.5,229.3,227.6,226.8,227.2,228.3,230.1,231.5,232.3,232.7,232.7,232.5,230.7,231.3,230.5,228.9,227.4,226.8,227.5,229.2,264.2,266.0,270.4,274.8,276.7,275.3,270.5,266.1,259.5,261.5,264.7,269.1,274.0,278.2,281.5,278.1,273.6,269.1,265.0,261.7,268.8,270.7,272.6,273.4,272.6,270.7,268.7,268.0,334.7,336.4,340.9,345.7,347.7,346.0,341.4,336.5,330.8,333.1,336.7,341.6,346.8,351.4,354.8,351.5,347.2,342.5,337.8,333.7,339.3,341.4,343.4,344.2,343.3,341.2,339.2,338.4,-1.9,-6.3,-8.3,-6.7,-2.5,2.2,3.9,2.3,0.2,-2.0,-3.6,-4.5,-4.1,-2.6,-0.3,1.2,1.9,2.3,2.3,1.7,-0.1,0.6,-0.3,-2.2,-4.0,-4.7,-3.8,-1.9,-4.7,-9.0,-11.1,-9.5,-5.4,-1.0,1.0,-0.2,-1.9,-4.5,-6.5,-7.5,-7.0,-5.7,-3.6,-1.9,-1.0,-0.5,-0.5,-0.7,-2.9,-2.2,-3.1,-5.0,-6.8,-7.5,-6.6,-4.7,664.0,664.7,665.5,665.8,665.4,664.9,663.9,663.6,667.3,665.1,663.3,662.8,663.9,665.7,667.7,665.6,663.5,662.6,663.1,664.9,665.0,665.1,665.5,665.8,666.0,665.9,665.5,665.2,707.6,708.8,710.4,711.5,711.4,710.2,708.6,707.6,707.9,707.2,707.1,708.0,710.5,713.9,717.1,713.7,710.3,707.9,706.9,707.2,709.4,709.9,710.6,711.1,711.1,710.7,709.9,709.4,371.4,31.5,829.1,0.006,0.100,-0.085
623,0,1656521727.794,0.98,1,-0.093246,0.079554,-0.992460,-0.243610,0.078986,-0.966652,-0.170,0.081,561.2,562.5,566.2,570.2,572.0,570.9,567.0,563.0,555.7,558.3,561.9,566.1,570.1,573.3,575.5,573.2,569.9,566.1,562.2,558.5,565.0,566.7,568.3,568.9,568.1,566.4,564.7,564.2,606.6,607.6,610.8,614.4,616.2,615.2,612.0,608.1,603.1,605.4,608.5,612.3,615.8,618.2,619.8,618.5,616.2,613.1,609.6,605.9,609.9,611.4,612.8,613.3,612.5,610.9,609.5,609.1,231.4,227.4,225.6,227.1,230.9,235.2,236.7,235.3,233.3,231.3,229.8,229.0,229.4,230.8,232.9,234.3,234.9,235.3,235.2,234.7,233.1,233.7,232.9,231.2,229.5,228.9,229.7,231.4,229.2,225.4,223.7,225.0,228.6,232.3,234.0,233.0,231.5,229.3,227.6,226.7,227.1,228.3,230.1,231.5,232.3,232.7,232.7,232.5,230.7,231.3,230.5,228.9,227.3,226.8,227.5,229.1,263.0,264.7,269.1,273.5,275.4,274.0,269.2,264.8,258.2,260.3,263.5,267.8,272.7,276.9,280.2,276.8,272.3,267.8,263.7,260.4,267.5,269.4,271.4,272.1,271.3,269.4,267.5,266.7,332.6,334.4,338.9,343.6,345.7,344.0,339.4,334.4,328.8,331.1,334.7,339.6,344.8,349.3,352.8,349.5,345.2,340.4,335.8,331.7,337.3,339.4,341.4,342.1,341.2,339.2,337.2,336.4,-1.9,-6.3,-8.3,-6.7,-2.5,2.2,3.9,2.3,0.2,-2.0,-3.7,-4.6,-4.1,-2.6,-0.3,1.3,1.9,2.3,2.3,1.7,-0.1,0.6,-0.3,-2.2,-4.0,-4.7,-3.8,-1.9,-4.7,-9.0,-11.0,-9.5,-5.4,-1.0,1.0,-0.2,-1.9,-4.5,-6.5,-7.5,-7.1,-5.7,-3.6,-1.9,-1.0,-0.5,-0.5,-0.7,-2.9,-2.2,-3.1,-5.0,-6.8,-7.5,-6.6,-4.7,661.0,661.8,662.6,662.8,662.4,661.9,660.9,660.7,664.4,662.2,660.4,659.8,660.9,662.7,664.7,662.6,660.5,659.6,660.2,662.0,662.1,662.2,662.5,662.9,663.0,662.9,662.6,662.3,703.1,704.4,706.0,707.1,707.0,705.8,704.2,703.2,703.5,702.8,702.6,703.6,706.1,709.5,712.7,709.3,705.9,703.5,702.4,702.7,705.0,705.4,706.2,706.7,706.7,706.2,705.5,705.0,370.8,31.4,827.9,0.003,0.103,-0.084
624,0,1656521727.828,0.98,1,-0.085903,0.083182,-0.992825,-0.239891,0.082104,-0.967322,-0.165,0.084,561.3,562.6,566.4,570.3,572.1,571.0,567.1,563.1,555.7,558.4,562.0,566.2,570.2,573.4,575.6,573.3,570.0,566.2,562.3,558.6,565.1,566.8,568.4,569.0,568.2,566.5,564.8,564.3,606.6,607.6,610.8,614.3,616.1,615.2,612.0,608.1,603.1,605.4,608.5,612.3,615.7,618.2,619.7,618.4,616.1,613.1,609.5,605.9,609.8,611.4,612.8,613.2,612.4,610.9,609.5,609.1,231.4,227.4,225.6,227.1,230.9,235.2,236.7,235.2,233.3,231.3,229.8,229.0,229.4,230.9,232.9,234.3,234.9,235.3,235.2,234.6,233.1,233.7,232.9,231.2,229.5,228.9,229.7,231.4,229.2,225.5,223.8,225.1,228.6,232.3,234.0,233.1,231.6,229.3,227.6,226.8,227.2,228.3,230.1,231.6,232.4,232.7,232.8,232.6,230.8,231.3,230.6,228.9,227.4,226.8,227.6,229.2,263.2,265.0,269.4,273.8,275.7,274.3,269.5,265.0,258.4,260.5,263.7,268.1,273.0,277.2,280.4,277.1,272.6,268.0,263.9,260.6,267.7,269.7,271.6,272.4,271.6,269.6,267.7,266.9,333.8,335.5,340.1,344.8,346.9,345.2,340.6,335.6,329.9,332.3,335.9,340.8,346.0,350.5,354.0,350.7,346.4,341.6,336.9,332.8,338.5,340.6,342.6,343.3,342.4,340.3,338.3,337.6,-1.9,-6.3,-8.3,-6.7,-2.5,2.2,3.9,2.3,0.1,-2.1,-3.7,-4.6,-4.1,-2.5,-0.2,1.3,1.9,2.3,2.2,1.6,-0.1,0.6,-0.3,-2.2,-4.0,-4.7,-3.9,-1.9,-4.6,-9.0,-11.0,-9.5,-5.3,-1.0,1.0,-0.1,-1.8,-4.5,-6.5,-7.5,-7.0,-5.7,-3.6,-1.9,-1.0,-0.5,-0.5,-0.7,-2.8,-2.2,-3.0,-5.0,-6.8,-7.4,-6.6,-4.6,661.3,662.1,662.9,663.2,662.9,662.3,661.2,660.9,664.6,662.4,660.6,660.2,661.3,663.2,665.1,663.0,660.9,659.9,660.5,662.2,662.4,662.5,662.9,663.2,663.4,663.3,662.9,662.5,705.6,706.8,708.5,709.6,709.5,708.3,706.7,705.7,706.0,705.3,705.1,706.1,708.7,712.0,715.3,711.8,708.5,706.0,704.9,705.2,707.5,708.0,708.7,709.2,709.2,708.7,708.0,707.5,370.5,31.4,827.5,0.005,0.097,-0.083
625,0,1656521727.861,0.98,1,-0.090100,0.080196,-0.992699,-0.242948,0.079605,-0.966767,-0.168,0.081,561.3,562.6,566.4,570.3,572.1,571.0,567.0,563.1,555.7,558.4,562.0,566.2,570.2,573.4,575.6,573.3,570.0,566.2,562.3,558.6,565.1,566.8,568.4,569.0,568.2,566.5,564.8,564.3,606.6,607.5,610.8,614.3,616.1,615.2,611.9,608.1,603.1,605.4,608.5,612.3,615.7,618.2,619.8,618.4,616.1,613.1,609.5,605.9,609.8,611.4,612.8,613.2,612.4,610.9,609.5,609.0,231.5,227.5,225.7,227.1,230.9,235.2,236.7,235.3,233.4,231.3,229.8,229.0,229.4,230.9,233.0,234.4,235.0,235.4,235.3,234.7,233.1,233.8,233.0,231.2,229.5,228.9,229.7,231.4,229.3,225.5,223.8,225.1,228.7,232.4,234.1,233.1,231.7,229.4,227.6,226.8,227.2,228.3,230.2,231.6,232.4,232.8,232.8,232.7,230.8,231.4,230.6,229.0,227.4,226.9,227.6,229.2,262.5,264.3,268.7,273.1,275.0,273.6,268.8,264.4,257.7,259.8,263.1,267.4,272.3,276.5,279.7,276.4,271.9,267.3,263.3,260.0,267.1,269.0,270.9,271.7,270.9,269.0,267.0,266.3,332.6,334.4,338.9,343.6,345.7,344.0,339.4,334.5,328.8,331.1,334.7,339.6,344.8,349.3,352.8,349.5,345.2,340.5,335.8,331.7,337.3,339.4,341.4,342.2,341.2,339.2,337.2,336.4,-1.9,-6.2,-8.2,-6.7,-2.4,2.3,3.9,2.3,0.2,-2.0,-3.7,-4.6,-4.1,-2.5,-0.2,1.4,2.0,2.4,2.3,1.7,-0.0,0.7,-0.2,-2.1,-4.0,-4.7,-3.8,-1.9,-4.6,-8.9,-10.9,-9.4,-5.3,-0.9,1.1,-0.1,-1.8,-4.4,-6.5,-7.5,-7.0,-5.7,-3.5,-1.8,-0.9,-0.4,-0.4,-0.6,-2.8,-2.1,-3.0,-4.9,-6.7,-7.4,-6.5,-4.6,659.7,660.5,661.2,661.5,661.1,660.6,659.6,659.3,663.0,660.8,659.0,658.5,659.6,661.4,663.4,661.3,659.2,658.3,658.8,660.6,660.7,660.8,661.2,661.5,661.7,661.6,661.2,660.9,703.2,704.4,706.1,707.2,707.1,705.9,704.3,703.3,703.6,702.9,702.7,703.7,706.3,709.6,712.8,709.4,706.0,703.6,702.6,702.8,705.1,705.6,706.3,706.8,706.8,706.3,705.6,705.1,371.7,31.5,830.0,0.007,0.100,-0.082
626,0,1656521727.895,0.98,1,-0.086411,0.085127,-0.992616,-0.240804,0.084233,-0.966912,-0.165,0.086,561.4,562.7,566.4,570.3,572.2,571.1,567.1,563.2,555.8,558.5,562.1,566.2,570.3,573.4,575.6,573.4,570.1,566.3,562.3,558.7,565.1,566.8,568.4,569.0,568.2,566.5,564.9,564.3,606.8,607.8,611.0,614.6,616.4,615.4,612.1,608.3,603.3,605.6,608.7,612.5,615.9,618.4,620.0,618.6,616.3,613.3,609.7,606.1,610.0,611.6,613.0,613.4,612.7,611.1,609.7,609.2,231.5,227.5,225.7,227.2,231.0,235.3,236.8,235.3,233.3,231.4,229.9,229.1,229.6,231.0,233.0,234.4,235.0,235.3,235.3,234.7,233.2,233.8,233.0,231.3,229.6,229.0,229.7,231.5,229.4,225.7,224.0,225.3,228.8,232.5,234.2,233.2,231.7,229.5,227.8,227.0,227.4,228.5,230.3,231.7,232.5,232.9,232.9,232.7,230.9,231.5,230.7,229.1,227.6,227.0,227.7,229.3,263.4,265.2,269.6,274.1,275.9,274.5,269.7,265.3,258.6,260.7,264.0,268.3,273.2,277.4,280.7,277.3,272.8,268.3,264.2,260.9,268.0,269.9,271.9,272.7,271.8,269.9,268.0,267.2,334.0,335.7,340.3,345.0,347.1,345.3,340.8,335.8,330.1,332.5,336.1,341.0,346.2,350.7,354.2,350.9,346.5,341.8,337.1,333.0,338.7,340.8,342.8,343.5,342.6,340.5,338.5,337.8,-1.8,-6.2,-8.2,-6.6,-2.4,2.3,4.0,2.4,0.2,-2.0,-3.6,-4.4,-4.0,-2.4,-0.2,1.4,2.0,2.4,2.3,1.7,0.0,0.7,-0.2,-2.1,-3.9,-4.6,-3.8,-1.8,-4.5,-8.8,-10.8,-9.3,-5.1,-0.8,1.2,0.1,-1.7,-4.3,-6.3,-7.3,-6.8,-5.5,-3.4,-1.7,-0.8,-0.3,-0.3,-0.5,-2.7,-2.0,-2.9,-4.8,-6.6,-7.3,-6.4,-4.5,661.8,662.6,663.4,663.7,663.4,662.8,661.8,661.4,665.1,662.9,661.1,660.7,661.8,663.7,665.6,663.5,661.4,660.4,661.0,662.7,662.9,663.0,663.4,663.7,663.9,663.8,663.4,663.1,705.5,706.7,708.4,709.5,709.4,708.2,706.6,705.6,705.9,705.2,705.0,706.0,708.5,711.9,715.1,711.7,708.3,705.9,704.8,705.1,707.4,707.9,708.6,709.1,709.1,708.6,707.9,707.4,371.1,31.5,828.7,0.006,0.097,-0.080
627,0,1656521727.928,0.98,1,-0.088345,0.084984,-0.992458,-0.243659,0.083548,-0.966256,-0.168,0.086,561.4,562.7,566.4,570.4,572.2,571.1,567.1,563.2,555.8,558.5,562.1,566.3,570.3,573.5,575.7,573.4,570.1,566.3,562.3,558.7,565.1,566.8,568.5,569.1,568.3,566.5,564.9,564.3,606.8,607.8,611.0,614.6,616.4,615.4,612.1,608.3,603.3,605.6,608.7,612.5,615.9,618.4,620.0,618.6,616.3,613.3,609.7,606.1,610.0,611.6,613.0,613.5,612.7,611.1,609.7,609.2,231.5,227.5,225.7,227.1,231.0,235.3,236.8,235.3,233.3,231.3,229.8,229.0,229.5,230.9,233.0,234.4,235.0,235.4,235.3,234.7,233.1,233.8,233.0,231.2,229.5,228.9,229.7,231.4,229.3,225.6,223.9,225.2,228.8,232.5,234.2,233.2,231.7,229.5,227.7,226.9,227.3,228.5,230.3,231.7,232.5,232.9,232.9,232.7,230.9,231.4,230.7,229.1,227.5,227.0,227.7,229.3,262.5,264.3,268.7,273.1,274.9,273.5,268.7,264.3,257.7,259.7,263.0,267.4,272.2,276.4,279.7,276.3,271.8,267.3,263.2,259.9,267.0,269.0,270.9,271.7,270.9,268.9,267.0,266.2,332.9,334.6,339.2,343.9,346.0,344.2,339.7,334.7,329.0,331.4,334.9,339.8,345.1,349.6,353.1,349.8,345.4,340.7,336.0,331.9,337.6,339.7,341.6,342.4,341.5,339.4,337.4,336.7,-1.9,-6.3,-8.2,-6.6,-2.4,2.3,3.9,2.3,0.2,-2.0,-3.6,-4.5,-4.0,-2.5,-0.2,1.4,2.0,2.4,2.3,1.7,-0.0,0.7,-0.2,-2.1,-4.0,-4.7,-3.8,-1.9,-4.5,-8.8,-10.8,-9.3,-5.1,-0.8,1.2,0.0,-1.7,-4.3,-6.3,-7.3,-6.8,-5.5,-3.4,-1.7,-0.8,-0.3,-0.3,-0.5,-2.7,-2.0,-2.9,-4.8,-6.6,-7.3,-6.4,-4.5,659.3,660.1,660.9,661.2,660.8,660.3,659.3,659.0,662.6,660.4,658.7,658.2,659.3,661.1,663.1,661.0,658.9,658.0,658.5,660.3,660.4,660.5,660.9,661.2,661.4,661.3,660.9,660.6,703.3,704.5,706.1,707.2,707.1,705.9,704.3,703.3,703.6,702.9,702.8,703.7,706.2,709.6,712.8,709.4,706.0,703.6,702.6,702.9,705.1,705.6,706.3,706.8,706.8,706.3,705.6,705.1,371.7,31.5,829.8,0.009,0.100,-0.082
628,0,1656521727.961,0.98,1,-0.088034,0.085633,-0.992430,-0.242245,0.084677,-0.966513,-0.167,0.087,561.4,562.8,566.5,570.4,572.2,571.1,567.2,563.2,555.9,558.5,562.1,566.3,570.3,573.5,575.7,573.4,570.1,566.3,562.4,558.7,565.2,566.9,568.5,569.1,568.3,566.6,565.0,564.4,606.9,607.9,611.1,614.6,616.4,615.4,612.2,608.4,603.4,605.7,608.8,612.6,616.0,618.5,620.0,618.7,616.4,613.4,609.8,606.2,610.1,611.7,613.1,613.5,612.7,611.2,609.8,609.3,231.4,227.4,225.6,227.1,230.9,235.2,236.7,235.2,233.3,231.3,229.9,229.0,229.5,230.9,232.9,234.3,234.9,235.2,235.2,234.6,233.1,233.7,232.9,231.2,229.5,228.9,229.7,231.4,229.2,225.5,223.8,225.2,228.7,232.4,234.1,233.1,231.6,229.4,227.7,226.9,227.3,228.4,230.2,231.6,232.4,232.8,232.8,232.6,230.8,231.3,230.6,229.0,227.4,226.9,227.6,229.2,263.7,265.5,269.9,274.4,276.2,274.8,270.0,265.6,258.9,261.0,264.2,268.6,273.5,277.7,281.0,277.6,273.1,268.5,264.4,261.1,268.3,270.2,272.1,272.9,272.1,270.2,268.2,267.5,334.5,336.3,340.8,345.6,347.6,345.9,341.3,336.3,330.6,333.0,336.6,341.5,346.7,351.3,354.7,351.4,347.1,342.3,337.6,333.5,339.2,341.3,343.3,344.1,343.1,341.1,339.1,338.3,-1.9,-6.3,-8.3,-6.7,-2.5,2.2,3.9,2.3,0.1,-2.0,-3.6,-4.5,-4.0,-2.5,-0.3,1.2,1.9,2.3,2.2,1.6,-0.1,0.6,-0.3,-2.2,-4.0,-4.7,-3.9,-1.9,-4.6,-8.9,-11.0,-9.4,-5.3,-0.9,1.1,-0.1,-1.9,-4.4,-6.4,-7.4,-6.9,-5.6,-3.5,-1.8,-0.9,-0.5,-0.5,-0.7,-2.8,-2.1,-3.0,-4.9,-6.7,-7.4,-6.5,-4.6,662.3,663.1,663.9,664.2,663.8,663.3,662.2,661.9,665.6,663.4,661.6,661.2,662.3,664.1,666.1,664.0,661.9,660.9,661.4,663.2,663.4,663.5,663.9,664.2,664.4,664.3,663.9,663.5,706.5,707.7,709.3,710.4,710.3,709.1,707.5,706.5,706.8,706.1,706.0,706.9,709.4,712.8,716.0,712.6,709.2,706.8,705.8,706.0,708.3,708.8,709.5,710.0,710.1,709.6,708.9,708.3,370.8,31.4,827.8,0.008,0.099,-0.080
629,0,1656521727.994,0.98,1,-0.087882,0.082411,-0.992716,-0.239780,0.081681,-0.967385,-0.166,0.084,561.5,562.8,566.5,570.5,572.3,571.2,567.2,563.3,555.9,558.6,562.2,566.4,570.4,573.6,575.8,573.5,570.2,566.4,562.5,558.8,565.2,567.0,568.6,569.2,568.4,566.6,565.0,564.4,606.9,607.9,611.1,614.7,616.5,615.5,612.3,608.4,603.4,605.7,608.9,612.7,616.1,618.6,620.1,618.8,616.5,613.4,609.9,606.2,610.2,611.7,613.1,613.6,612.8,611.2,609.8,609.4,231.4,227.4,225.6,227.0,230.9,235.2,236.7,235.2,233.3,231.3,229.8,229.0,229.4,230.9,232.9,234.3,234.9,235.3,235.2,234.6,233.1,233.7,232.9,231.2,229.5,228.8,229.6,231.4,229.3,225.6,223.9,225.2,228.7,232.5,234.2,233.2,231.6,229.4,227.7,226.9,227.3,228.5,230.3,231.7,232.5,232.9,232.9,232.7,230.8,231.4,230.7,229.0,227.5,226.9,227.7,229.3,262.6,264.4,268.8,273.2,275.1,273.7,268.9,264.4,257.8,259.9,263.1,267.5,272.4,276.6,279.8,276.5,272.0,267.4,263.3,260.0,267.1,269.1,271.0,271.8,271.0,269.0,267.1,266.3,332.1,333.8,338.4,343.1,345.2,343.4,338.8,333.9,328.2,330.6,334.1,339.0,344.3,348.8,352.2,348.9,344.6,339.9,335.2,331.1,336.8,338.8,340.8,341.6,340.7,338.6,336.6,335.8,-1.9,-6.3,-8.3,-6.7,-2.5,2.2,3.9,2.3,0.1,-2.1,-3.7,-4.6,-4.1,-2.5,-0.2,1.3,1.9,2.3,2.2,1.6,-0.1,0.6,-0.3,-2.2,-4.0,-4.7,-3.9,-1.9,-4.5,-8.9,-10.9,-9.3,-5.2,-0.8,1.2,0.0,-1.8,-4.4,-6.4,-7.3,-6.8,-5.5,-3.4,-1.7,-0.8,-0.4,-0.4,-0.6,-2.7,-2.0,-2.9,-4.8,-6.6,-7.3,-6.4,-4.5,659.3,660.2,661.0,661.2,660.9,660.3,659.3,659.0,662.6,660.4,658.7,658.2,659.3,661.2,663.2,661.0,658.9,658.0,658.5,660.3,660.4,660.6,660.9,661.3,661.4,661.3,660.9,660.6,701.2,702.4,704.1,705.2,705.1,703.9,702.3,701.2,701.5,700.8,700.7,701.7,704.2,707.6,710.9,707.4,704.0,701.6,700.5,700.7,703.0,703.5,704.3,704.8,704.8,704.3,703.6,703.1,370.3,31.5,826.4,0.005,0.097,-0.078
630,0,1656521728.028,0.98,1,-0.080922,0.084008,-0.993174,-0.237818,0.083502,-0.967714,-0.161,0.085,561.4,562.8,566.5,570.5,572.3,571.2,567.2,563.3,555.8,558.5,562.2,566.4,570.4,573.6,575.8,573.5,570.2,566.4,562.4,558.7,565.2,566.9,568.6,569.2,568.4,566.6,565.0,564.4,607.0,608.0,611.2,614.8,616.6,615.6,612.4,608.5,603.5,605.9,609.0,612.8,616.2,618.7,620.2,618.9,616.6,613.6,610.0,606.3,610.3,611.8,613.3,613.7,612.9,611.3,609.9,609.5,231.4,227.4,225.6,227.1,230.9,235.3,236.8,235.3,233.3,231.3,229.9,229.0,229.5,230.9,233.0,234.3,234.9,235.3,235.2,234.6,233.1,233.8,233.0,231.2,229.5,228.9,229.7,231.4,229.3,225.6,223.9,225.2,228.8,232.5,234.2,233.2,231.7,229.5,227.8,226.9,227.4,228.5,230.3,231.7,232.5,232.9,232.9,232.7,230.9,231.5,230.7,229.1,227.5,226.9,227.7,229.3,261.6,263.4,267.8,272.3,274.2,272.7,267.9,263.5,256.7,258.9,262.2,266.5,271.4,275.6,278.9,275.5,271.0,266.5,262.4,259.0,266.2,268.1,270.1,270.9,270.0,268.1,266.2,265.4,332.5,334.2,338.8,343.5,345.6,343.8,339.3,334.3,328.6,331.0,334.6,339.4,344.7,349.2,352.7,349.4,345.0,340.3,335.6,331.5,337.2,339.2,341.2,342.0,341.1,339.0,337.0,336.3,-1.9,-6.3,-8.3,-6.7,-2.4,2.3,3.9,2.3,0.1,-2.0,-3.6,-4.5,-4.0,-2.4,-0.2,1.3,1.9,2.3,2.2,1.6,-0.0,0.7,-0.2,-2.1,-4.0,-4.7,-3.8,-1.9,-4.5,-8.8,-10.8,-9.3,-5.1,-0.8,1.2,0.1,-1.7,-4.3,-6.3,-7.3,-6.8,-5.5,-3.4,-1.7,-0.8,-0.3,-0.3,-0.5,-2.7,-2.0,-2.9,-4.8,-6.6,-7.3,-6.4,-4.5,657.0,657.8,658.7,659.0,658.6,658.1,656.9,656.6,660.2,658.0,656.3,655.9,657.0,658.9,660.9,658.8,656.6,655.6,656.1,657.9,658.1,658.2,658.6,659.0,659.1,659.0,658.6,658.2,701.8,703.0,704.6,705.7,705.7,704.5,702.8,701.8,702.1,701.4,701.3,702.3,704.8,708.1,711.4,707.9,704.6,702.1,701.1,701.3,703.6,704.1,704.8,705.3,705.4,704.9,704.2,703.6,369.7,31.5,825.4,0.004,0.091,-0.076
631,0,1656521728.061,0.98,1,-0.086226,0.082281,-0.992872,-0.240665,0.081439,-0.967186,-0.165,0.083,561.5,562.8,566.6,570.5,572.4,571.3,567.3,563.3,555.9,558.6,562.2,566.4,570.5,573.6,575.8,573.6,570.3,566.4,562.5,558.8,565.3,567.0,568.6,569.2,568.4,566.7,565.0,564.5,607.0,608.0,611.2,614.8,616.6,615.6,612.4,608.5,603.5,605.8,608.9,612.7,616.2,618.7,620.2,618.9,616.6,613.6,610.0,606.3,610.3,611.8,613.2,613.7,612.9,611.3,609.9,609.5,231.5,227.5,225.7,227.2,231.0,235.3,236.9,235.4,233.4,231.4,229.9,229.1,229.5,231.0,233.1,234.4,235.0,235.4,235.4,234.8,233.2,233.9,233.1,231.3,229.6,229.0,229.8,231.5,229.3,225.6,223.8,225.1,228.7,232.4,234.1,233.2,231.7,229.4,227.7,226.8,227.2,228.4,230.2,231.6,232.4,232.8,232.9,232.7,230.8,231.4,230.6,229.0,227.5,226.9,227.6,229.3,261.7,263.5,267.9,272.3,274.2,272.8,268.0,263.5,256.9,259.0,262.2,266.6,271.5,275.7,278.9,275.6,271.1,266.5,262.4,259.1,266.2,268.2,270.1,270.9,270.1,268.1,266.2,265.4,331.8,333.5,338.0,342.7,344.9,343.1,338.6,333.6,327.9,330.2,333.8,338.7,343.9,348.5,351.9,348.6,344.3,339.6,334.9,330.8,336.5,338.5,340.5,341.3,340.4,338.3,336.3,335.5,-1.8,-6.1,-8.1,-6.6,-2.3,2.4,4.0,2.4,0.3,-1.9,-3.5,-4.4,-3.9,-2.4,-0.1,1.4,2.0,2.5,2.4,1.8,0.1,0.8,-0.1,-2.0,-3.9,-4.6,-3.7,-1.8,-4.5,-8.8,-10.9,-9.4,-5.2,-0.9,1.1,0.0,-1.7,-4.4,-6.4,-7.4,-6.9,-5.6,-3.5,-1.8,-0.8,-0.4,-0.4,-0.5,-2.7,-2.1,-2.9,-4.9,-6.7,-7.3,-6.4,-4.5,657.0,657.8,658.6,658.9,658.6,658.0,656.9,656.7,660.3,658.1,656.4,655.9,657.0,658.9,660.8,658.7,656.6,655.6,656.2,658.0,658.1,658.2,658.6,658.9,659.1,659.0,658.6,658.3,700.3,701.5,703.2,704.3,704.3,703.0,701.4,700.4,700.7,700.0,699.8,700.8,703.4,706.7,710.0,706.5,703.2,700.7,699.7,699.9,702.2,702.7,703.4,703.9,703.9,703.5,702.7,702.2,371.0,31.5,827.7,0.006,0.096,-0.081
632,0,1656521728.095,0.98,1,-0.084085,0.082333,-0.993051,-0.239097,0.081131,-0.967600,-0.163,0.083,561.6,562.9,566.6,570.5,572.4,571.3,567.3,563.4,556.0,558.7,562.3,566.5,570.5,573.6,575.8,573.6,570.3,566.5,562.6,558.9,565.3,567.0,568.7,569.2,568.4,566.7,565.1,564.5,606.9,607.9,611.1,614.6,616.4,615.4,612.2,608.4,603.4,605.7,608.8,612.6,616.0,618.5,620.0,618.7,616.4,613.4,609.8,606.2,610.1,611.7,613.1,613.5,612.7,611.2,609.8,609.3,231.5,227.5,225.7,227.2,231.0,235.3,236.8,235.3,233.4,231.4,229.9,229.1,229.6,231.0,233.0,234.4,234.9,235.3,235.3,234.7,233.2,233.8,233.0,231.3,229.6,229.0,229.7,231.5,229.4,225.7,224.0,225.3,228.8,232.5,234.2,233.2,231.7,229.5,227.8,227.0,227.4,228.5,230.3,231.7,232.5,232.9,232.9,232.7,230.9,231.5,230.7,229.1,227.6,227.0,227.7,229.4,264.3,266.1,270.5,274.9,276.8,275.4,270.6,266.2,259.4,261.6,264.8,269.2,274.1,278.3,281.6,278.2,273.7,269.1,265.0,261.7,268.9,270.8,272.7,273.5,272.7,270.8,268.8,268.0,335.2,336.9,341.5,346.2,348.3,346.5,342.0,337.0,331.3,333.7,337.3,342.2,347.4,351.9,355.4,352.1,347.7,343.0,338.3,334.2,339.9,341.9,343.9,344.7,343.8,341.7,339.7,339.0,-1.8,-6.2,-8.2,-6.6,-2.4,2.3,4.0,2.4,0.2,-2.0,-3.5,-4.4,-4.0,-2.4,-0.2,1.3,2.0,2.4,2.3,1.7,0.0,0.7,-0.2,-2.1,-3.9,-4.6,-3.8,-1.8,-4.5,-8.8,-10.8,-9.3,-5.1,-0.8,1.2,0.0,-1.7,-4.3,-6.3,-7.3,-6.8,-5.5,-3.4,-1.7,-0.8,-0.3,-0.3,-0.5,-2.7,-2.0,-2.9,-4.8,-6.6,-7.3,-6.4,-4.5,663.3,664.1,664.9,665.3,664.9,664.3,663.2,662.9,666.5,664.4,662.6,662.2,663.3,665.2,667.2,665.1,662.9,661.9,662.4,664.2,664.4,664.5,664.9,665.3,665.4,665.3,664.9,664.5,707.8,709.1,710.7,711.8,711.7,710.5,708.9,707.9,708.2,707.5,707.3,708.3,710.9,714.2,717.4,714.0,710.6,708.2,707.1,707.4,709.7,710.2,710.9,711.4,711.4,711.0,710.2,709.7,370.8,31.6,827.6,0.002,0.094,-0.079
633,0,1656521728.128,0.98,1,-0.085418,0.084265,-0.992775,-0.240274,0.083485,-0.967108,-0.165,0.085,561.6,563.0,566.7,570.6,572.4,571.3,567.4,563.5,556.0,558.7,562.4,566.5,570.6,573.7,575.9,573.6,570.4,566.6,562.6,558.9,565.4,567.1,568.7,569.3,568.5,566.8,565.2,564.6,606.9,607.9,611.1,614.7,616.5,615.5,612.3,608.5,603.5,605.8,608.9,612.7,616.1,618.6,620.1,618.8,616.5,613.5,609.9,606.3,610.2,611.8,613.2,613.6,612.8,611.3,609.9,609.4,231.5,227.5,225.7,227.1,231.0,235.2,236.7,235.3,233.3,231.3,229.9,229.1,229.5,230.9,233.0,234.4,234.9,235.3,235.3,234.7,233.1,233.8,233.0,231.2,229.6,228.9,229.7,231.5,229.3,225.5,223.8,225.1,228.7,232.4,234.1,233.1,231.6,229.4,227.7,226.8,227.2,228.4,230.2,231.6,232.4,232.8,232.8,232.6,230.8,231.3,230.6,229.0,227.4,226.9,227.6,229.2,263.5,265.3,269.7,274.2,276.0,274.6,269.8,265.4,258.7,260.8,264.1,268.5,273.3,277.5,280.8,277.5,273.0,268.4,264.3,261.0,268.1,270.0,272.0,272.8,271.9,270.0,268.1,267.3,334.3,336.0,340.5,345.3,347.4,345.6,341.1,336.1,330.4,332.7,336.3,341.2,346.4,351.0,354.4,351.1,346.8,342.1,337.4,333.3,339.0,341.0,343.0,343.8,342.9,340.8,338.8,338.0,-1.9,-6.2,-8.2,-6.6,-2.4,2.3,3.9,2.4,0.2,-2.0,-3.6,-4.5,-4.0,-2.5,-0.2,1.3,2.0,2.4,2.3,1.7,-0.0,0.7,-0.2,-2.1,-4.0,-4.7,-3.8,-1.9,-4.6,-8.9,-11.0,-9.5,-5.3,-0.9,1.1,-0.1,-1.8,-4.4,-6.4,-7.4,-7.0,-5.7,-3.6,-1.8,-0.9,-0.4,-0.4,-0.6,-2.8,-2.1,-3.0,-4.9,-6.7,-7.4,-6.5,-4.6,661.3,662.1,662.9,663.3,662.9,662.4,661.3,661.0,664.6,662.4,660.7,660.2,661.3,663.2,665.2,663.1,660.9,660.0,660.5,662.2,662.4,662.6,662.9,663.3,663.4,663.3,662.9,662.6,705.7,706.9,708.5,709.6,709.6,708.4,706.7,705.7,706.0,705.3,705.2,706.1,708.7,712.0,715.3,711.8,708.5,706.0,705.0,705.2,707.5,708.0,708.7,709.2,709.3,708.8,708.1,707.5,371.2,31.4,828.1,0.007,0.097,-0.082
634,0,1656521728.161,0.98,1,-0.086575,0.083121,-0.992772,-0.241113,0.082433,-0.966990,-0.166,0.084,561.5,562.8,566.6,570.5,572.4,571.3,567.3,563.3,555.9,558.6,562.2,566.4,570.5,573.6,575.8,573.6,570.3,566.4,562.5,558.8,565.3,567.0,568.6,569.2,568.4,566.7,565.0,564.5,606.9,607.9,611.1,614.7,616.5,615.6,612.3,608.5,603.5,605.8,608.9,612.7,616.1,618.6,620.2,618.8,616.5,613.5,609.9,606.3,610.2,611.8,613.2,613.6,612.8,611.3,609.8,609.4,231.5,227.5,225.7,227.1,231.0,235.3,236.8,235.4,233.4,231.3,229.9,229.1,229.5,231.0,233.1,234.4,235.0,235.4,235.3,234.8,233.2,233.8,233.0,231.3,229.6,228.9,229.7,231.5,229.3,225.6,223.9,225.2,228.8,232.5,234.2,233.2,231.7,229.4,227.7,226.9,227.3,228.4,230.3,231.7,232.5,232.9,232.9,232.7,230.9,231.4,230.7,229.1,227.5,226.9,227.7,229.3,261.9,263.6,268.1,272.5,274.3,272.9,268.1,263.7,257.0,259.1,262.4,266.8,271.6,275.8,279.1,275.8,271.3,266.7,262.6,259.3,266.4,268.3,270.3,271.1,270.2,268.3,266.4,265.6,332.3,334.0,338.6,343.3,345.4,343.7,339.1,334.1,328.4,330.8,334.4,339.2,344.5,349.0,352.5,349.2,344.8,340.1,335.4,331.3,337.0,339.1,341.1,341.8,340.9,338.8,336.8,336.1,-1.8,-6.2,-8.2,-6.6,-2.4,2.3,4.0,2.4,0.2,-2.0,-3.6,-4.5,-4.0,-2.4,-0.1,1.4,2.0,2.5,2.4,1.7,0.0,0.7,-0.1,-2.1,-3.9,-4.6,-3.7,-1.8,-4.5,-8.8,-10.8,-9.3,-5.2,-0.8,1.2,0.0,-1.7,-4.3,-6.3,-7.3,-6.9,-5.5,-3.4,-1.7,-0.8,-0.3,-0.3,-0.5,-2.7,-2.0,-2.9,-4.8,-6.6,-7.3,-6.4,-4.5,657.4,658.3,659.0,659.3,659.0,658.4,657.4,657.1,660.7,658.5,656.8,656.3,657.4,659.3,661.3,659.2,657.0,656.1,656.6,658.4,658.5,658.7,659.0,659.4,659.5,659.4,659.0,658.7,701.6,702.8,704.4,705.6,705.5,704.3,702.7,701.7,701.9,701.2,701.1,702.1,704.6,708.0,711.2,707.8,704.4,702.0,700.9,701.2,703.4,703.9,704.6,705.2,705.2,704.7,704.0,703.5,370.7,31.5,827.1,0.007,0.096,-0.080
635,0,1656521728.195,0.98,1,-0.090153,0.084091,-0.992371,-0.242104,0.082734,-0.966717,-0.168,0.085,561.5,562.8,566.6,570.5,572.3,571.2,567.2,563.3,556.0,558.6,562.2,566.4,570.4,573.5,575.7,573.5,570.2,566.4,562.5,558.8,565.2,567.0,568.6,569.2,568.4,566.7,565.0,564.5,606.8,607.8,611.1,614.6,616.4,615.4,612.2,608.3,603.4,605.7,608.8,612.6,616.0,618.4,620.0,618.6,616.3,613.3,609.8,606.2,610.1,611.6,613.0,613.5,612.7,611.1,609.7,609.3,231.2,227.3,225.5,226.9,230.7,235.0,236.5,235.1,233.1,231.1,229.7,228.8,229.3,230.7,232.8,234.1,234.7,235.1,235.0,234.5,232.9,233.5,232.8,231.0,229.3,228.7,229.5,231.2,229.2,225.5,223.8,225.1,228.7,232.4,234.0,233.0,231.5,229.3,227.6,226.8,227.3,228.4,230.2,231.6,232.4,232.7,232.7,232.6,230.7,231.3,230.6,229.0,227.4,226.8,227.6,229.2,264.0,265.7,270.1,274.6,276.4,275.0,270.2,265.8,259.2,261.2,264.5,268.8,273.7,277.9,281.2,277.8,273.3,268.8,264.7,261.4,268.5,270.4,272.4,273.2,272.3,270.4,268.5,267.7,334.7,336.5,341.1,345.8,347.9,346.1,341.5,336.5,330.9,333.2,336.8,341.7,346.9,351.5,354.9,351.6,347.3,342.5,337.9,333.8,339.4,341.5,343.5,344.3,343.4,341.3,339.3,338.5,-2.1,-6.5,-8.5,-6.9,-2.7,2.0,3.7,2.1,-0.1,-2.3,-3.8,-4.7,-4.3,-2.7,-0.4,1.1,1.7,2.1,2.1,1.4,-0.3,0.4,-0.4,-2.4,-4.2,-4.9,-4.0,-2.1,-4.7,-9.0,-11.0,-9.5,-5.3,-0.9,1.0,-0.1,-1.9,-4.5,-6.5,-7.5,-7.0,-5.6,-3.5,-1.8,-0.9,-0.5,-0.5,-0.7,-2.9,-2.2,-3.0,-5.0,-6.8,-7.4,-6.6,-4.7,662.7,663.5,664.3,664.5,664.2,663.6,662.6,662.3,666.0,663.8,662.0,661.5,662.6,664.5,666.4,664.3,662.2,661.3,661.8,663.6,663.8,663.9,664.2,664.6,664.7,664.6,664.3,663.9,707.0,708.2,709.8,710.9,710.9,709.7,708.1,707.1,707.4,706.7,706.5,707.5,710.0,713.3,716.6,713.1,709.8,707.4,706.3,706.6,708.8,709.3,710.0,710.6,710.6,710.1,709.4,708.9,370.9,31.3,827.7,0.005,0.100,-0.079
636,0,1656521728.228,0.98,1,-0.087805,0.077490,-0.993119,-0.241020,0.076284,-0.967518,-0.166,0.078,561.5,562.8,566.5,570.5,572.3,571.2,567.2,563.3,555.9,558.6,562.2,566.4,570.4,573.6,575.8,573.5,570.2,566.4,562.4,558.8,565.2,566.9,568.6,569.2,568.4,566.7,565.0,564.4,607.0,608.0,611.2,614.8,616.6,615.6,612.4,608.5,603.5,605.8,609.0,612.8,616.2,618.7,620.2,618.9,616.6,613.5,610.0,606.3,610.3,611.8,613.2,613.7,612.9,611.3,609.9,609.5,231.4,227.4,225.6,227.0,230.9,235.2,236.7,235.2,233.3,231.2,229.8,228.9,229.4,230.8,232.9,234.3,234.9,235.2,235.2,234.6,233.1,233.7,232.9,231.2,229.5,228.8,229.6,231.4,229.3,225.6,223.9,225.2,228.8,232.5,234.2,233.2,231.7,229.4,227.7,226.9,227.3,228.5,230.3,231.7,232.5,232.9,232.9,232.7,230.9,231.4,230.7,229.1,227.5,226.9,227.7,229.3,262.3,264.1,268.5,272.9,274.8,273.3,268.5,264.1,257.5,259.6,262.8,267.2,272.1,276.3,279.5,276.2,271.6,267.1,263.0,259.7,266.8,268.7,270.7,271.5,270.7,268.7,266.8,266.0,332.6,334.3,338.9,343.6,345.7,343.9,339.3,334.4,328.7,331.0,334.6,339.5,344.7,349.3,352.7,349.4,345.1,340.4,335.7,331.6,337.3,339.3,341.3,342.1,341.2,339.1,337.1,336.3,-2.0,-6.3,-8.3,-6.7,-2.5,2.2,3.8,2.3,0.1,-2.1,-3.7,-4.6,-4.1,-2.5,-0.2,1.3,1.9,2.3,2.2,1.6,-0.1,0.6,-0.3,-2.2,-4.0,-4.7,-3.9,-2.0,-4.5,-8.8,-10.8,-9.3,-5.1,-0.8,1.2,0.0,-1.7,-4.4,-6.3,-7.3,-6.8,-5.5,-3.4,-1.7,-0.8,-0.3,-0.3,-0.5,-2.7,-2.0,-2.9,-4.8,-6.6,-7.3,-6.4,-4.5,658.6,659.4,660.2,660.5,660.1,659.5,658.5,658.2,661.9,659.7,657.9,657.4,658.5,660.4,662.3,660.2,658.1,657.2,657.7,659.5,659.6,659.8,660.1,660.5,660.7,660.5,660.2,659.8,702.0,703.2,704.9,706.0,705.9,704.7,703.0,702.0,702.3,701.6,701.5,702.5,705.0,708.3,711.6,708.1,704.8,702.3,701.3,701.5,703.8,704.3,705.0,705.6,705.6,705.1,704.4,703.8,370.8,31.5,827.4,-0.001,0.097,-0.077
637,0,1656521728.261,0.98,1,-0.085118,0.080637,-0.993102,-0.241166,0.079617,-0.967212,-0.165,0.082,561.5,562.8,566.6,570.5,572.3,571.2,567.3,563.3,555.9,558.6,562.2,566.4,570.5,573.6,575.8,573.6,570.2,566.4,562.5,558.8,565.2,567.0,568.6,569.2,568.4,566.7,565.0,564.4,607.0,608.0,611.2,614.8,616.6,615.6,612.4,608.5,603.6,605.9,609.0,612.8,616.2,618.6,620.2,618.9,616.6,613.5,610.0,606.4,610.3,611.8,613.2,613.7,612.9,611.3,609.9,609.5,231.4,227.4,225.6,227.0,230.9,235.2,236.7,235.2,233.2,231.2,229.8,229.0,229.4,230.8,232.9,234.3,234.9,235.2,235.2,234.6,233.1,233.7,232.9,231.1,229.5,228.8,229.6,231.4,229.3,225.6,223.9,225.2,228.7,232.4,234.1,233.1,231.6,229.4,227.7,226.8,227.3,228.4,230.2,231.7,232.5,232.8,232.8,232.7,230.8,231.4,230.6,229.0,227.5,226.9,227.7,229.3,262.1,263.9,268.3,272.7,274.6,273.1,268.3,263.9,257.2,259.3,262.6,267.0,271.9,276.1,279.3,276.0,271.5,266.9,262.8,259.5,266.6,268.5,270.5,271.3,270.5,268.5,266.6,265.8,333.9,335.6,340.2,344.9,347.0,345.2,340.6,335.7,330.0,332.4,335.9,340.8,346.0,350.6,354.0,350.7,346.4,341.7,337.0,332.9,338.6,340.6,342.6,343.4,342.5,340.4,338.4,337.6,-2.0,-6.3,-8.3,-6.7,-2.5,2.2,3.8,2.3,0.1,-2.1,-3.7,-4.6,-4.1,-2.5,-0.3,1.2,1.9,2.3,2.2,1.6,-0.1,0.6,-0.3,-2.2,-4.1,-4.8,-3.9,-2.0,-4.5,-8.9,-10.9,-9.4,-5.2,-0.9,1.1,-0.0,-1.8,-4.4,-6.4,-7.4,-6.9,-5.6,-3.5,-1.8,-0.8,-0.4,-0.4,-0.6,-2.7,-2.1,-3.0,-4.9,-6.7,-7.3,-6.5,-4.6,658.0,658.8,659.6,659.9,659.5,659.0,657.9,657.6,661.2,659.1,657.3,656.8,658.0,659.8,661.8,659.7,657.6,656.6,657.1,658.9,659.1,659.2,659.5,659.9,660.1,659.9,659.6,659.2,704.7,705.9,707.6,708.7,708.6,707.4,705.7,704.7,705.0,704.4,704.2,705.2,707.7,711.0,714.3,710.8,707.5,705.1,704.0,704.3,706.5,707.0,707.7,708.3,708.3,707.8,707.1,706.6,371.2,31.4,828.2,0.002,0.095,-0.077
638,0,1656521728.295,0.98,1,-0.085138,0.079966,-0.993155,-0.240128,0.078622,-0.967552,-0.164,0.081,561.5,562.9,566.6,570.5,572.4,571.3,567.3,563.4,556.0,558.7,562.3,566.4,570.5,573.6,575.8,573.6,570.3,566.5,562.5,558.8,565.3,567.0,568.6,569.2,568.4,566.7,565.1,564.5,607.0,607.9,611.2,614.7,616.5,615.5,612.3,608.5,603.5,605.8,608.9,612.7,616.1,618.6,620.1,618.8,616.5,613.5,609.9,606.3,610.2,611.8,613.2,613.6,612.8,611.3,609.9,609.4,231.3,227.4,225.6,227.0,230.9,235.1,236.6,235.2,233.2,231.2,229.8,228.9,229.4,230.8,232.9,234.3,234.8,235.2,235.1,234.6,233.0,233.7,232.9,231.1,229.5,228.8,229.6,231.3,229.3,225.6,223.9,225.2,228.7,232.4,234.1,233.1,231.6,229.4,227.7,226.9,227.3,228.5,230.3,231.7,232.4,232.8,232.8,232.7,230.8,231.4,230.7,229.0,227.5,226.9,227.7,229.3,263.2,265.0,269.4,273.9,275.7,274.3,269.5,265.1,258.4,260.5,263.8,268.1,273.0,277.2,280.5,277.1,272.6,268.0,263.9,260.6,267.8,269.7,271.6,272.4,271.6,269.7,267.7,267.0,334.6,336.4,340.9,345.6,347.7,346.0,341.4,336.4,330.7,333.1,336.7,341.6,346.8,351.3,354.8,351.5,347.1,342.4,337.7,333.6,339.3,341.4,343.4,344.1,343.2,341.2,339.2,338.4,-2.0,-6.4,-8.3,-6.8,-2.5,2.2,3.8,2.2,0.1,-2.1,-3.7,-4.6,-4.1,-2.6,-0.3,1.2,1.8,2.2,2.2,1.6,-0.1,0.6,-0.3,-2.2,-4.1,-4.8,-3.9,-2.0,-4.5,-8.9,-10.9,-9.4,-5.2,-0.9,1.1,-0.0,-1.8,-4.4,-6.4,-7.4,-6.9,-5.6,-3.4,-1.7,-0.8,-0.4,-0.4,-0.6,-2.7,-2.1,-2.9,-4.8,-6.7,-7.3,-6.5,-4.6,660.7,661.6,662.4,662.7,662.3,661.7,660.6,660.4,664.0,661.8,660.1,659.6,660.7,662.6,664.6,662.4,660.3,659.3,659.9,661.7,661.8,661.9,662.3,662.7,662.8,662.7,662.3,662.0,706.4,707.6,709.3,710.4,710.3,709.1,707.4,706.4,706.7,706.1,705.9,706.9,709.4,712.7,716.0,712.5,709.2,706.7,705.7,706.0,708.2,708.7,709.4,710.0,710.0,709.5,708.8,708.3,371.0,31.4,827.7,0.001,0.094,-0.079
639,0,1656521728.328,0.98,1,-0.084944,0.080963,-0.993091,-0.238067,0.080279,-0.967925,-0.163,0.082,561.4,562.8,566.5,570.4,572.2,571.1,567.2,563.3,555.9,558.5,562.2,566.3,570.3,573.5,575.7,573.4,570.2,566.4,562.4,558.7,565.2,566.9,568.5,569.1,568.3,566.6,565.0,564.4,606.9,607.9,611.2,614.7,616.5,615.5,612.3,608.5,603.5,605.8,608.9,612.7,616.1,618.5,620.1,618.7,616.5,613.4,609.9,606.3,610.2,611.7,613.2,613.6,612.8,611.3,609.8,609.4,231.4,227.4,225.6,227.0,230.9,235.1,236.6,235.2,233.2,231.3,229.8,229.0,229.4,230.8,232.9,234.2,234.8,235.2,235.1,234.6,233.0,233.7,232.9,231.1,229.5,228.8,229.6,231.4,229.3,225.6,223.9,225.2,228.7,232.4,234.1,233.1,231.6,229.4,227.7,226.9,227.4,228.5,230.3,231.7,232.4,232.8,232.8,232.6,230.8,231.4,230.7,229.0,227.5,226.9,227.7,229.3,263.6,265.4,269.9,274.3,276.2,274.7,269.9,265.5,258.8,260.9,264.2,268.5,273.4,277.6,280.9,277.6,273.1,268.5,264.4,261.0,268.2,270.1,272.1,272.9,272.1,270.1,268.2,267.4,334.5,336.2,340.8,345.5,347.6,345.8,341.2,336.3,330.6,333.0,336.6,341.5,346.7,351.2,354.7,351.4,347.0,342.3,337.6,333.5,339.2,341.2,343.2,344.0,343.1,341.0,339.0,338.3,-2.0,-6.4,-8.4,-6.8,-2.5,2.2,3.8,2.2,0.1,-2.1,-3.7,-4.6,-4.1,-2.6,-0.3,1.2,1.8,2.2,2.2,1.6,-0.1,0.6,-0.3,-2.2,-4.1,-4.8,-3.9,-2.0,-4.6,-8.9,-10.9,-9.4,-5.2,-0.8,1.1,-0.0,-1.8,-4.4,-6.4,-7.3,-6.8,-5.5,-3.4,-1.8,-0.9,-0.4,-0.4,-0.7,-2.8,-2.1,-2.9,-4.9,-6.7,-7.4,-6.5,-4.6,662.1,662.9,663.7,664.1,663.7,663.1,662.0,661.7,665.3,663.2,661.4,661.0,662.1,664.0,666.0,663.8,661.7,660.7,661.2,663.0,663.2,663.3,663.7,664.0,664.2,664.1,663.7,663.3,706.2,707.4,709.0,710.1,710.1,708.9,707.2,706.2,706.5,705.8,705.7,706.7,709.2,712.5,715.8,712.3,709.0,706.5,705.4,705.7,708.0,708.5,709.2,709.7,709.8,709.3,708.6,708.0,370.0,31.4,825.9,-0.001,0.095,-0.078
640,0,1656521728.361,0.98,1,-0.086392,0.083214,-0.992780,-0.239364,0.081943,-0.967466,-0.165,0.084,561.4,562.8,566.5,570.4,572.3,571.2,567.2,563.3,555.9,558.6,562.2,566.3,570.4,573.5,575.7,573.5,570.2,566.4,562.4,558.8,565.2,566.9,568.6,569.1,568.3,566.6,565.0,564.4,607.0,608.0,611.2,614.7,616.5,615.5,612.3,608.5,603.5,605.8,608.9,612.7,616.1,618.6,620.1,618.8,616.5,613.5,609.9,606.3,610.2,611.8,613.2,613.6,612.8,611.3,609.9,609.4,231.3,227.3,225.5,227.0,230.8,235.1,236.6,235.2,233.2,231.2,229.7,228.9,229.4,230.8,232.9,234.2,234.8,235.2,235.1,234.5,233.0,233.6,232.8,231.1,229.4,228.8,229.6,231.3,229.3,225.6,223.9,225.2,228.7,232.4,234.1,233.1,231.6,229.4,227.7,226.9,227.3,228.4,230.2,231.7,232.4,232.8,232.8,232.6,230.8,231.4,230.6,229.0,227.5,226.9,227.6,229.3,263.0,264.8,269.2,273.6,275.5,274.0,269.2,264.8,258.1,260.2,263.5,267.9,272.7,277.0,280.2,276.9,272.4,267.8,263.7,260.4,267.5,269.5,271.4,272.2,271.4,269.4,267.5,266.7,333.7,335.5,340.0,344.7,346.8,345.0,340.5,335.5,329.8,332.2,335.8,340.7,345.9,350.4,353.9,350.6,346.2,341.5,336.8,332.7,338.4,340.5,342.5,343.2,342.3,340.3,338.3,337.5,-2.0,-6.4,-8.4,-6.8,-2.6,2.2,3.8,2.2,0.0,-2.2,-3.7,-4.6,-4.1,-2.6,-0.3,1.2,1.8,2.2,2.1,1.5,-0.2,0.5,-0.3,-2.3,-4.1,-4.8,-3.9,-2.0,-4.6,-8.9,-10.9,-9.4,-5.2,-0.9,1.1,-0.1,-1.8,-4.4,-6.4,-7.4,-6.9,-5.6,-3.5,-1.8,-0.9,-0.4,-0.4,-0.6,-2.8,-2.1,-3.0,-4.9,-6.7,-7.4,-6.5,-4.6,660.4,661.2,662.0,662.2,661.9,661.4,660.3,660.0,663.7,661.5,659.7,659.2,660.3,662.2,664.2,662.1,659.9,659.0,659.5,661.3,661.5,661.6,661.9,662.3,662.4,662.3,662.0,661.6,704.5,705.7,707.3,708.5,708.4,707.2,705.5,704.5,704.8,704.1,704.0,705.0,707.5,710.9,714.1,710.7,707.3,704.9,703.8,704.1,706.3,706.8,707.5,708.1,708.1,707.6,706.9,706.4,370.9,31.3,827.6,0.003,0.095,-0.078
641,0,1656521728.395,0.98,1,-0.088204,0.081477,-0.992765,-0.241809,0.080646,-0.966967,-0.167,0.083,561.3,562.7,566.4,570.3,572.1,571.1,567.1,563.2,555.8,558.4,562.0,566.2,570.2,573.4,575.6,573.4,570.1,566.2,562.3,558.6,565.1,566.8,568.4,569.0,568.2,566.5,564.9,564.3,606.7,607.7,610.9,614.5,616.3,615.3,612.1,608.3,603.3,605.6,608.7,612.5,615.9,618.4,619.9,618.6,616.3,613.3,609.7,606.1,610.0,611.6,613.0,613.4,612.6,611.0,609.6,609.2,231.3,227.3,225.5,226.9,230.8,235.1,236.6,235.1,233.2,231.2,229.7,228.9,229.3,230.7,232.8,234.2,234.8,235.1,235.1,234.5,233.0,233.6,232.8,231.1,229.4,228.8,229.5,231.3,229.1,225.4,223.7,225.0,228.5,232.3,234.0,233.0,231.5,229.2,227.5,226.7,227.1,228.3,230.1,231.5,232.3,232.6,232.6,232.5,230.7,231.2,230.5,228.9,227.3,226.7,227.5,229.1,263.2,265.0,269.4,273.8,275.7,274.2,269.4,265.0,258.4,260.5,263.7,268.1,273.0,277.2,280.4,277.1,272.6,268.0,263.9,260.6,267.7,269.7,271.6,272.4,271.6,269.6,267.7,266.9,333.7,335.4,340.0,344.7,346.8,345.0,340.4,335.5,329.8,332.1,335.7,340.6,345.8,350.4,353.8,350.5,346.2,341.5,336.8,332.7,338.4,340.4,342.4,343.2,342.3,340.2,338.2,337.4,-2.0,-6.4,-8.4,-6.8,-2.6,2.1,3.7,2.2,0.0,-2.2,-3.8,-4.7,-4.2,-2.7,-0.4,1.1,1.7,2.2,2.1,1.5,-0.2,0.5,-0.4,-2.3,-4.2,-4.9,-4.0,-2.1,-4.7,-9.1,-11.1,-9.6,-5.4,-1.1,0.9,-0.2,-2.0,-4.6,-6.6,-7.6,-7.1,-5.8,-3.7,-2.0,-1.1,-0.6,-0.6,-0.8,-2.9,-2.3,-3.2,-5.1,-6.9,-7.5,-6.7,-4.8,661.2,662.1,662.8,663.1,662.7,662.2,661.1,660.8,664.5,662.3,660.6,660.1,661.2,663.0,665.0,662.9,660.8,659.8,660.4,662.2,662.3,662.4,662.8,663.1,663.3,663.2,662.8,662.5,705.0,706.2,707.8,708.9,708.8,707.6,706.0,705.0,705.3,704.6,704.5,705.4,708.0,711.3,714.5,711.1,707.7,705.3,704.3,704.5,706.8,707.3,708.0,708.5,708.6,708.1,707.4,706.8,370.7,31.3,827.7,0.004,0.097,-0.080
642,0,1656521728.428,0.98,1,-0.085632,0.082541,-0.992902,-0.240045,0.082037,-0.967289,-0.165,0.084,561.3,562.6,566.4,570.3,572.2,571.1,567.1,563.1,555.7,558.4,562.0,566.2,570.3,573.4,575.6,573.4,570.1,566.3,562.3,558.6,565.1,566.8,568.4,569.0,568.2,566.5,564.9,564.3,606.9,607.9,611.1,614.7,616.5,615.5,612.2,608.4,603.4,605.7,608.8,612.6,616.0,618.5,620.1,618.7,616.4,613.4,609.8,606.2,610.1,611.7,613.1,613.5,612.7,611.2,609.8,609.3,231.4,227.4,225.6,227.0,230.9,235.2,236.7,235.3,233.3,231.3,229.8,229.0,229.5,230.9,232.9,234.3,234.9,235.2,235.2,234.6,233.1,233.7,232.9,231.2,229.5,228.9,229.6,231.4,229.3,225.6,223.9,225.2,228.7,232.4,234.1,233.1,231.6,229.4,227.7,226.9,227.3,228.5,230.3,231.7,232.4,232.8,232.8,232.6,230.8,231.4,230.7,229.0,227.5,226.9,227.7,229.3,262.2,264.0,268.4,272.9,274.7,273.3,268.5,264.1,257.4,259.5,262.8,267.1,272.0,276.2,279.5,276.1,271.6,267.1,263.0,259.6,266.8,268.7,270.7,271.4,270.6,268.7,266.8,266.0,333.8,335.5,340.1,344.8,346.9,345.1,340.6,335.6,329.9,332.3,335.9,340.8,346.0,350.5,354.0,350.7,346.3,341.6,336.9,332.8,338.5,340.5,342.5,343.3,342.4,340.3,338.3,337.6,-1.9,-6.3,-8.3,-6.7,-2.5,2.2,3.9,2.3,0.1,-2.1,-3.6,-4.5,-4.0,-2.5,-0.3,1.2,1.9,2.3,2.2,1.6,-0.1,0.6,-0.3,-2.2,-4.0,-4.7,-3.9,-1.9,-4.5,-8.9,-10.9,-9.4,-5.2,-0.8,1.2,-0.0,-1.8,-4.4,-6.4,-7.3,-6.8,-5.5,-3.5,-1.8,-0.8,-0.4,-0.4,-0.6,-2.7,-2.1,-2.9,-4.8,-6.7,-7.3,-6.5,-4.6,658.9,659.7,660.5,660.8,660.4,659.9,658.8,658.5,662.1,660.0,658.2,657.7,658.9,660.7,662.7,660.6,658.5,657.5,658.0,659.8,660.0,660.1,660.5,660.8,661.0,660.8,660.5,660.1,704.9,706.1,707.7,708.8,708.8,707.6,705.9,704.9,705.2,704.5,704.4,705.3,707.9,711.2,714.5,711.0,707.7,705.2,704.2,704.4,706.7,707.2,707.9,708.4,708.5,708.0,707.3,706.7,370.6,31.4,827.4,0.003,0.096,-0.078
643,0,1656521728.462,0.98,1,-0.090802,0.081443,-0.992533,-0.241062,0.079937,-0.967212,-0.168,0.082,561.4,562.8,566.5,570.4,572.3,571.2,567.2,563.3,555.9,558.6,562.2,566.3,570.4,573.5,575.7,573.5,570.2,566.3,562.4,558.7,565.2,566.9,568.5,569.1,568.3,566.6,565.0,564.4,606.8,607.8,611.0,614.6,616.4,615.4,612.1,608.3,603.3,605.6,608.8,612.6,616.0,618.4,620.0,618.6,616.3,613.3,609.7,606.1,610.0,611.6,613.0,613.4,612.7,611.1,609.7,609.2,231.2,227.2,225.4,226.8,230.7,234.9,236.4,235.0,233.0,231.0,229.6,228.7,229.2,230.6,232.7,234.1,234.6,235.0,235.0,234.4,232.8,233.5,232.7,230.9,229.2,228.6,229.4,231.1,229.1,225.4,223.7,225.1,228.6,232.3,234.0,233.0,231.5,229.2,227.6,226.7,227.2,228.3,230.1,231.6,232.3,232.7,232.7,232.5,230.7,231.3,230.5,228.9,227.4,226.8,227.5,229.1,263.0,264.8,269.2,273.7,275.5,274.1,269.3,264.9,258.3,260.3,263.6,267.9,272.8,277.0,280.3,276.9,272.4,267.9,263.8,260.5,267.6,269.5,271.5,272.2,271.4,269.5,267.6,266.8,332.6,334.3,338.9,343.6,345.7,343.9,339.4,334.4,328.7,331.1,334.7,339.6,344.8,349.3,352.8,349.5,345.1,340.4,335.7,331.6,337.3,339.3,341.3,342.1,341.2,339.1,337.1,336.4,-2.2,-6.6,-8.6,-7.0,-2.8,2.0,3.6,2.0,-0.2,-2.4,-3.9,-4.8,-4.3,-2.8,-0.5,1.0,1.6,2.0,2.0,1.3,-0.4,0.3,-0.5,-2.5,-4.3,-5.0,-4.1,-2.2,-4.7,-9.0,-11.0,-9.5,-5.3,-1.0,1.0,-0.2,-2.0,-4.6,-6.5,-7.5,-7.0,-5.7,-3.6,-1.9,-1.0,-0.5,-0.5,-0.8,-2.9,-2.2,-3.1,-5.0,-6.8,-7.5,-6.6,-4.7,660.6,661.4,662.2,662.4,662.1,661.5,660.5,660.2,663.9,661.7,659.9,659.4,660.5,662.4,664.3,662.2,660.1,659.2,659.8,661.6,661.7,661.8,662.1,662.5,662.6,662.5,662.2,661.8,702.6,703.8,705.5,706.6,706.5,705.3,703.7,702.7,702.9,702.2,702.1,703.1,705.7,709.0,712.3,708.8,705.4,703.0,701.9,702.2,704.5,704.9,705.7,706.2,706.2,705.7,705.0,704.5,370.6,31.3,827.2,0.002,0.100,-0.079
644,0,1656521728.495,0.98,1,-0.087642,0.079409,-0.992982,-0.240907,0.078442,-0.967373,-0.166,0.080,561.3,562.7,566.4,570.4,572.2,571.1,567.1,563.2,555.8,558.5,562.1,566.2,570.3,573.4,575.7,573.4,570.1,566.3,562.3,558.7,565.1,566.8,568.5,569.1,568.2,566.5,564.9,564.3,606.8,607.8,611.0,614.5,616.4,615.4,612.1,608.3,603.3,605.6,608.7,612.5,615.9,618.4,620.0,618.6,616.3,613.3,609.7,606.1,610.0,611.6,613.0,613.4,612.6,611.1,609.7,609.2,231.2,227.2,225.4,226.9,230.7,235.0,236.5,235.1,233.1,231.1,229.7,228.8,229.3,230.7,232.8,234.1,234.7,235.1,235.0,234.5,232.9,233.6,232.8,231.0,229.3,228.7,229.5,231.2,229.1,225.4,223.7,225.0,228.6,232.3,234.0,233.0,231.5,229.2,227.5,226.7,227.2,228.3,230.1,231.5,232.3,232.7,232.7,232.5,230.7,231.2,230.5,228.9,227.3,226.8,227.5,229.1,262.5,264.3,268.7,273.1,275.0,273.6,268.8,264.3,257.7,259.8,263.0,267.4,272.3,276.5,279.7,276.4,271.9,267.3,263.2,259.9,267.0,269.0,270.9,271.7,270.9,268.9,267.0,266.2,333.3,335.0,339.6,344.3,346.4,344.6,340.0,335.1,329.4,331.7,335.3,340.2,345.4,350.0,353.4,350.1,345.8,341.0,336.4,332.3,337.9,340.0,342.0,342.8,341.9,339.8,337.8,337.0,-2.1,-6.5,-8.5,-6.9,-2.7,2.1,3.7,2.1,-0.0,-2.2,-3.8,-4.7,-4.3,-2.7,-0.4,1.1,1.7,2.1,2.1,1.5,-0.3,0.4,-0.4,-2.4,-4.2,-4.9,-4.0,-2.1,-4.7,-9.1,-11.1,-9.5,-5.4,-1.0,1.0,-0.2,-2.0,-4.6,-6.6,-7.6,-7.0,-5.7,-3.6,-1.9,-1.0,-0.6,-0.6,-0.8,-2.9,-2.2,-3.1,-5.0,-6.8,-7.5,-6.6,-4.7,659.4,660.3,661.1,661.3,660.9,660.4,659.3,659.1,662.7,660.5,658.8,658.3,659.4,661.3,663.2,661.1,659.0,658.0,658.6,660.4,660.5,660.6,661.0,661.3,661.5,661.4,661.0,660.7,704.0,705.2,706.9,708.0,707.9,706.7,705.0,704.0,704.3,703.7,703.5,704.5,707.0,710.4,713.6,710.2,706.8,704.4,703.3,703.6,705.8,706.3,707.0,707.6,707.6,707.1,706.4,705.9,370.8,31.3,827.7,0.001,0.097,-0.080
645,0,1656521728.528,0.98,1,-0.086636,0.081796,-0.992876,-0.241392,0.081077,-0.967035,-0.166,0.083,561.4,562.8,566.5,570.4,572.3,571.2,567.2,563.3,555.8,558.5,562.1,566.3,570.4,573.5,575.8,573.5,570.2,566.4,562.4,558.7,565.2,566.9,568.6,569.1,568.3,566.6,565.0,564.4,606.9,607.9,611.1,614.7,616.5,615.5,612.2,608.4,603.4,605.7,608.9,612.7,616.1,618.6,620.1,618.8,616.5,613.4,609.8,606.2,610.2,611.7,613.1,613.6,612.8,611.2,609.8,609.4,231.4,227.4,225.6,227.0,230.9,235.2,236.7,235.3,233.3,231.3,229.8,229.0,229.4,230.8,232.9,234.3,234.9,235.3,235.2,234.7,233.1,233.7,232.9,231.2,229.5,228.8,229.6,231.4,229.3,225.6,223.9,225.2,228.8,232.5,234.2,233.2,231.6,229.4,227.7,226.9,227.3,228.5,230.3,231.7,232.5,232.9,232.9,232.7,230.8,231.4,230.7,229.1,227.5,226.9,227.7,229.3,261.9,263.7,268.1,272.5,274.4,273.0,268.2,263.8,257.1,259.2,262.4,266.8,271.7,275.9,279.2,275.8,271.3,266.8,262.7,259.4,266.5,268.4,270.3,271.1,270.3,268.4,266.4,265.6,333.1,334.9,339.5,344.2,346.3,344.5,339.9,334.9,329.3,331.6,335.2,340.1,345.3,349.9,353.3,350.0,345.7,340.9,336.3,332.2,337.8,339.9,341.9,342.7,341.8,339.7,337.7,336.9,-1.9,-6.3,-8.3,-6.7,-2.5,2.2,3.9,2.3,0.1,-2.1,-3.6,-4.5,-4.1,-2.5,-0.3,1.2,1.9,2.3,2.3,1.6,-0.1,0.6,-0.3,-2.2,-4.0,-4.7,-3.9,-1.9,-4.5,-8.9,-10.9,-9.3,-5.2,-0.8,1.2,-0.0,-1.8,-4.4,-6.4,-7.3,-6.8,-5.5,-3.4,-1.7,-0.8,-0.3,-0.3,-0.6,-2.7,-2.0,-2.9,-4.8,-6.6,-7.3,-6.4,-4.5,657.8,658.6,659.3,659.6,659.3,658.8,657.7,657.4,661.1,658.9,657.1,656.6,657.7,659.6,661.6,659.5,657.4,656.4,657.0,658.7,658.9,659.0,659.3,659.7,659.8,659.7,659.4,659.0,703.5,704.7,706.3,707.4,707.3,706.1,704.5,703.5,703.8,703.1,703.0,703.9,706.4,709.8,713.0,709.6,706.3,703.8,702.8,703.1,705.3,705.8,706.5,707.0,707.0,706.6,705.9,705.3,371.8,31.4,829.7,0.002,0.098,-0.080
646,0,1656521728.562,0.98,1,-0.088379,0.082877,-0.992633,-0.241383,0.082328,-0.966931,-0.167,0.084,561.3,562.6,566.3,570.2,572.1,571.0,567.0,563.1,555.7,558.4,562.0,566.2,570.2,573.3,575.5,573.3,570.0,566.2,562.3,558.6,565.0,566.8,568.4,569.0,568.2,566.4,564.8,564.2,606.6,607.6,610.8,614.4,616.2,615.2,612.0,608.2,603.2,605.5,608.6,612.4,615.8,618.3,619.8,618.5,616.2,613.2,609.6,606.0,609.9,611.5,612.9,613.3,612.5,610.9,609.5,609.1,231.2,227.3,225.4,226.9,230.7,235.0,236.5,235.1,233.1,231.1,229.7,228.8,229.3,230.7,232.7,234.1,234.7,235.1,235.0,234.5,232.9,233.5,232.7,231.0,229.3,228.7,229.5,231.2,229.0,225.3,223.6,224.9,228.4,232.1,233.8,232.8,231.4,229.1,227.4,226.6,227.0,228.1,229.9,231.3,232.1,232.5,232.5,232.4,230.5,231.1,230.4,228.7,227.2,226.6,227.4,229.0,263.6,265.4,269.8,274.3,276.1,274.7,269.9,265.5,258.8,260.9,264.2,268.5,273.4,277.6,280.9,277.5,273.0,268.5,264.4,261.1,268.2,270.1,272.1,272.8,272.0,270.1,268.2,267.4,334.1,335.8,340.3,345.1,347.2,345.4,340.9,335.9,330.2,332.6,336.1,341.0,346.2,350.8,354.2,350.9,346.6,341.9,337.2,333.1,338.8,340.8,342.8,343.6,342.7,340.6,338.6,337.8,-2.1,-6.5,-8.5,-6.9,-2.7,2.0,3.7,2.1,-0.0,-2.3,-3.9,-4.8,-4.3,-2.7,-0.5,1.0,1.7,2.1,2.0,1.4,-0.3,0.4,-0.5,-2.4,-4.2,-4.9,-4.1,-2.1,-4.9,-9.2,-11.2,-9.7,-5.6,-1.2,0.8,-0.4,-2.1,-4.7,-6.7,-7.7,-7.2,-5.9,-3.8,-2.1,-1.2,-0.7,-0.7,-0.9,-3.1,-2.4,-3.3,-5.2,-7.0,-7.7,-6.8,-4.9,662.5,663.3,664.1,664.3,664.0,663.4,662.4,662.1,665.8,663.6,661.8,661.3,662.4,664.3,666.2,664.1,662.0,661.1,661.6,663.4,663.5,663.7,664.0,664.4,664.5,664.4,664.1,663.7,706.0,707.2,708.9,710.0,709.9,708.7,707.1,706.1,706.4,705.7,705.5,706.5,709.0,712.4,715.6,712.2,708.8,706.4,705.3,705.6,707.9,708.3,709.1,709.6,709.6,709.1,708.4,707.9,371.1,31.2,828.6,0.005,0.098,-0.082
647,0,1656521728.595,0.98,1,-0.084441,0.081162,-0.993118,-0.239851,0.080245,-0.967488,-0.164,0.082,561.3,562.6,566.4,570.3,572.1,571.0,567.0,563.1,555.7,558.4,562.0,566.2,570.2,573.4,575.6,573.3,570.0,566.2,562.3,558.6,565.0,566.8,568.4,569.0,568.2,566.5,564.8,564.2,606.7,607.7,610.9,614.5,616.3,615.3,612.1,608.2,603.3,605.6,608.7,612.5,615.8,618.3,619.9,618.5,616.2,613.2,609.7,606.1,610.0,611.5,612.9,613.4,612.6,611.0,609.6,609.2,231.3,227.4,225.6,227.0,230.8,235.1,236.6,235.2,233.2,231.2,229.8,229.0,229.4,230.8,232.9,234.2,234.8,235.2,235.1,234.6,233.0,233.6,232.9,231.1,229.4,228.8,229.6,231.3,229.2,225.5,223.8,225.1,228.7,232.3,234.0,233.1,231.6,229.3,227.6,226.8,227.2,228.4,230.2,231.6,232.4,232.7,232.7,232.6,230.7,231.3,230.6,229.0,227.4,226.8,227.6,229.2,263.0,264.8,269.2,273.7,275.5,274.1,269.3,264.9,258.2,260.3,263.6,267.9,272.8,277.0,280.3,276.9,272.4,267.9,263.8,260.4,267.6,269.5,271.4,272.2,271.4,269.5,267.5,266.8,334.7,336.4,341.0,345.7,347.8,346.0,341.5,336.5,330.8,333.2,336.7,341.6,346.9,351.4,354.9,351.6,347.2,342.5,337.8,333.7,339.4,341.4,343.4,344.2,343.3,341.2,339.2,338.5,-2.0,-6.4,-8.4,-6.8,-2.5,2.2,3.8,2.2,0.1,-2.1,-3.7,-4.6,-4.1,-2.6,-0.3,1.2,1.8,2.2,2.2,1.5,-0.2,0.5,-0.3,-2.2,-4.1,-4.8,-3.9,-2.0,-4.6,-9.0,-11.0,-9.5,-5.3,-1.0,1.0,-0.1,-1.9,-4.5,-6.5,-7.5,-7.0,-5.7,-3.6,-1.9,-0.9,-0.5,-0.5,-0.7,-2.8,-2.2,-3.0,-5.0,-6.8,-7.4,-6.6,-4.7,660.9,661.7,662.5,662.8,662.5,661.9,660.9,660.5,664.2,662.0,660.3,659.8,660.9,662.8,664.8,662.6,660.5,659.5,660.1,661.8,662.0,662.1,662.5,662.9,663.0,662.9,662.5,662.2,707.1,708.3,710.0,711.1,711.0,709.8,708.2,707.2,707.5,706.8,706.6,707.6,710.1,713.5,716.7,713.3,709.9,707.5,706.4,706.7,709.0,709.4,710.2,710.7,710.7,710.2,709.5,709.0,371.3,31.3,829.0,0.001,0.097,-0.081
648,0,1656521728.629,0.98,1,-0.089294,0.081284,-0.992683,-0.241955,0.079998,-0.966984,-0.167,0.082,561.3,562.6,566.3,570.3,572.1,571.0,567.0,563.1,555.7,558.4,562.0,566.1,570.2,573.3,575.6,573.3,570.0,566.2,562.2,558.6,565.0,566.7,568.4,569.0,568.2,566.4,564.8,564.2,606.6,607.6,610.8,614.4,616.2,615.2,612.0,608.1,603.1,605.4,608.6,612.3,615.8,618.2,619.8,618.5,616.2,613.1,609.6,605.9,609.9,611.4,612.8,613.3,612.5,610.9,609.5,609.1,231.4,227.4,225.6,227.0,230.8,235.1,236.6,235.2,233.2,231.2,229.8,228.9,229.4,230.8,232.9,234.3,234.8,235.2,235.2,234.6,233.0,233.7,232.9,231.1,229.4,228.8,229.6,231.3,229.1,225.4,223.7,225.0,228.6,232.3,234.0,233.0,231.5,229.3,227.6,226.7,227.1,228.3,230.1,231.5,232.3,232.7,232.7,232.5,230.7,231.2,230.5,228.9,227.3,226.8,227.5,229.1,262.6,264.4,268.8,273.2,275.1,273.7,268.9,264.5,257.8,259.9,263.1,267.5,272.4,276.6,279.8,276.5,272.0,267.4,263.4,260.1,267.2,269.1,271.0,271.8,271.0,269.1,267.1,266.4,332.6,334.3,338.9,343.6,345.7,343.9,339.4,334.4,328.7,331.1,334.6,339.5,344.8,349.3,352.8,349.5,345.1,340.4,335.7,331.6,337.3,339.3,341.3,342.1,341.2,339.1,337.1,336.4,-2.0,-6.4,-8.4,-6.8,-2.5,2.2,3.8,2.2,0.1,-2.1,-3.7,-4.6,-4.1,-2.6,-0.3,1.2,1.8,2.3,2.2,1.6,-0.1,0.5,-0.3,-2.2,-4.1,-4.8,-3.9,-2.0,-4.7,-9.0,-11.1,-9.6,-5.4,-1.0,1.0,-0.2,-1.9,-4.5,-6.5,-7.5,-7.1,-5.8,-3.7,-2.0,-1.0,-0.6,-0.5,-0.7,-2.9,-2.2,-3.1,-5.0,-6.8,-7.5,-6.6,-4.7,660.0,660.8,661.5,661.8,661.5,660.9,659.9,659.6,663.3,661.1,659.3,658.8,659.9,661.8,663.7,661.6,659.5,658.6,659.2,661.0,661.1,661.2,661.5,661.9,662.0,661.9,661.6,661.2,703.0,704.2,705.9,707.0,706.9,705.7,704.1,703.1,703.4,702.7,702.5,703.5,706.1,709.4,712.7,709.2,705.9,703.4,702.4,702.6,704.9,705.4,706.1,706.6,706.6,706.1,705.4,704.9,371.4,31.4,829.2,0.002,0.102,-0.085
649,0,1656521728.662,0.98,1,-0.081772,0.083698,-0.993130,-0.238451,0.082676,-0.967629,-0.162,0.085,561.3,562.6,566.3,570.2,572.1,571.0,567.0,563.1,555.7,558.4,562.0,566.2,570.2,573.3,575.5,573.3,570.0,566.2,562.2,558.6,565.0,566.7,568.3,568.9,568.1,566.4,564.8,564.2,606.7,607.7,610.9,614.4,616.2,615.2,612.0,608.2,603.2,605.5,608.6,612.4,615.8,618.3,619.8,618.5,616.2,613.2,609.6,606.0,609.9,611.5,612.9,613.3,612.5,611.0,609.6,609.1,231.3,227.3,225.5,226.9,230.8,235.1,236.6,235.1,233.1,231.2,229.7,228.9,229.4,230.8,232.8,234.2,234.7,235.1,235.0,234.5,233.0,233.6,232.8,231.1,229.4,228.7,229.5,231.3,229.2,225.5,223.8,225.1,228.7,232.4,234.1,233.1,231.5,229.3,227.7,226.8,227.3,228.4,230.2,231.6,232.4,232.7,232.7,232.5,230.8,231.3,230.6,229.0,227.4,226.9,227.6,229.2,263.1,264.9,269.4,273.8,275.7,274.2,269.4,265.0,258.2,260.4,263.7,268.1,273.0,277.2,280.4,277.1,272.6,268.0,263.9,260.5,267.7,269.6,271.6,272.4,271.6,269.6,267.7,266.9,334.8,336.6,341.1,345.8,347.9,346.2,341.6,336.6,330.9,333.3,336.9,341.8,347.0,351.5,355.0,351.7,347.3,342.6,337.9,333.8,339.5,341.6,343.6,344.3,343.4,341.4,339.4,338.6,-2.1,-6.5,-8.4,-6.8,-2.6,2.1,3.7,2.1,-0.0,-2.2,-3.8,-4.7,-4.2,-2.6,-0.4,1.1,1.7,2.1,2.1,1.4,-0.2,0.5,-0.4,-2.3,-4.2,-4.9,-4.0,-2.1,-4.6,-9.0,-11.0,-9.5,-5.3,-0.9,1.1,-0.1,-1.9,-4.5,-6.5,-7.4,-6.9,-5.6,-3.5,-1.9,-0.9,-0.5,-0.5,-0.7,-2.8,-2.2,-3.0,-4.9,-6.8,-7.4,-6.6,-4.7,661.3,662.1,663.0,663.3,662.9,662.4,661.3,660.9,664.5,662.3,660.6,660.2,661.4,663.2,665.2,663.1,660.9,659.9,660.4,662.2,662.4,662.6,662.9,663.3,663.4,663.3,662.9,662.6,707.5,708.8,710.4,711.5,711.4,710.2,708.6,707.6,707.9,707.2,707.0,708.0,710.5,713.9,717.2,713.7,710.3,707.9,706.8,707.1,709.4,709.9,710.6,711.1,711.1,710.7,709.9,709.4,370.2,31.2,827.1,0.003,0.094,-0.078
650,0,1656521728.695,0.98,1,-0.082661,0.083693,-0.993057,-0.239237,0.083874,-0.967332,-0.163,0.085,561.2,562.5,566.2,570.1,572.0,570.9,566.9,563.0,555.6,558.3,561.9,566.1,570.1,573.2,575.4,573.2,569.9,566.1,562.2,558.5,564.9,566.6,568.3,568.9,568.0,566.3,564.7,564.1,606.6,607.5,610.7,614.3,616.1,615.1,611.9,608.1,603.1,605.4,608.5,612.3,615.7,618.2,619.7,618.4,616.1,613.1,609.5,605.9,609.8,611.4,612.8,613.2,612.4,610.9,609.5,609.0,231.3,227.3,225.5,227.0,230.8,235.1,236.6,235.2,233.2,231.2,229.8,228.9,229.4,230.8,232.8,234.2,234.8,235.2,235.1,234.5,233.0,233.6,232.8,231.1,229.4,228.8,229.6,231.3,229.1,225.4,223.6,224.9,228.5,232.2,233.9,232.9,231.4,229.2,227.5,226.6,227.1,228.2,229.9,231.4,232.2,232.6,232.6,232.4,230.6,231.1,230.4,228.8,227.2,226.7,227.4,229.0,262.6,264.4,268.8,273.3,275.2,273.7,268.9,264.5,257.8,259.9,263.2,267.5,272.4,276.7,279.9,276.6,272.1,267.5,263.4,260.1,267.2,269.1,271.1,271.9,271.0,269.1,267.2,266.4,334.4,336.1,340.6,345.3,347.5,345.7,341.2,336.2,330.5,332.8,336.4,341.3,346.5,351.1,354.5,351.2,346.9,342.2,337.5,333.4,339.1,341.1,343.1,343.9,343.0,340.9,338.9,338.1,-2.0,-6.4,-8.4,-6.8,-2.6,2.1,3.8,2.2,0.0,-2.1,-3.7,-4.6,-4.2,-2.6,-0.4,1.1,1.8,2.2,2.1,1.5,-0.2,0.5,-0.4,-2.3,-4.1,-4.8,-4.0,-2.0,-4.8,-9.2,-11.2,-9.7,-5.6,-1.2,0.8,-0.3,-2.0,-4.7,-6.7,-7.7,-7.2,-5.9,-3.8,-2.1,-1.2,-0.7,-0.7,-0.9,-3.0,-2.4,-3.3,-5.2,-7.0,-7.7,-6.8,-4.9,660.3,661.1,662.0,662.3,661.9,661.4,660.3,659.9,663.5,661.4,659.7,659.2,660.3,662.2,664.2,662.1,659.9,658.9,659.5,661.2,661.4,661.6,661.9,662.3,662.4,662.3,661.9,661.6,706.8,708.0,709.7,710.8,710.7,709.5,707.9,706.9,707.2,706.5,706.3,707.3,709.8,713.2,716.4,713.0,709.6,707.2,706.1,706.4,708.7,709.2,709.9,710.4,710.4,709.9,709.2,708.7,370.7,31.2,828.1,0.005,0.093,-0.081
651,0,1656521728.729,0.98,1,-0.083672,0.082472,-0.993075,-0.238097,0.082460,-0.967735,-0.163,0.084,561.1,562.5,566.2,570.1,571.9,570.9,566.9,562.9,555.5,558.2,561.8,566.0,570.1,573.2,575.4,573.2,569.9,566.1,562.1,558.4,564.9,566.6,568.2,568.8,568.0,566.3,564.7,564.1,606.6,607.6,610.8,614.4,616.2,615.2,612.0,608.1,603.2,605.5,608.6,612.4,615.8,618.2,619.8,618.5,616.2,613.1,609.6,606.0,609.9,611.4,612.9,613.3,612.5,610.9,609.5,609.1,231.3,227.3,225.5,226.9,230.8,235.1,236.6,235.1,233.1,231.2,229.7,228.9,229.3,230.7,232.8,234.2,234.7,235.1,235.1,234.5,233.0,233.6,232.8,231.0,229.4,228.7,229.5,231.3,229.1,225.4,223.7,225.1,228.6,232.3,234.0,233.0,231.5,229.3,227.6,226.7,227.2,228.3,230.1,231.5,232.3,232.7,232.7,232.5,230.7,231.3,230.5,228.9,227.3,226.8,227.5,229.1,262.3,264.1,268.5,273.0,274.8,273.4,268.6,264.2,257.5,259.6,262.9,267.2,272.1,276.3,279.6,276.2,271.7,267.2,263.1,259.7,266.9,268.8,270.7,271.5,270.7,268.8,266.8,266.1,333.4,335.2,339.7,344.4,346.5,344.8,340.2,335.2,329.5,331.9,335.5,340.4,345.6,350.2,353.6,350.3,346.0,341.2,336.6,332.5,338.1,340.2,342.2,343.0,342.0,340.0,338.0,337.2,-2.1,-6.4,-8.4,-6.8,-2.6,2.1,3.7,2.2,-0.0,-2.2,-3.8,-4.7,-4.2,-2.6,-0.4,1.1,1.7,2.2,2.1,1.5,-0.2,0.5,-0.4,-2.3,-4.2,-4.9,-4.0,-2.1,-4.7,-9.0,-11.1,-9.5,-5.4,-1.0,1.0,-0.2,-2.0,-4.6,-6.5,-7.5,-7.0,-5.7,-3.6,-1.9,-1.0,-0.6,-0.6,-0.8,-2.9,-2.2,-3.1,-5.0,-6.8,-7.5,-6.6,-4.7,659.6,660.5,661.3,661.6,661.2,660.7,659.6,659.3,662.9,660.7,659.0,658.5,659.6,661.5,663.5,661.4,659.2,658.3,658.8,660.6,660.7,660.9,661.2,661.6,661.7,661.6,661.2,660.9,704.7,705.9,707.6,708.7,708.6,707.4,705.8,704.8,705.0,704.4,704.2,705.2,707.8,711.1,714.4,710.9,707.6,705.1,704.0,704.3,706.6,707.1,707.8,708.3,708.3,707.8,707.1,706.6,370.1,31.2,826.9,0.003,0.094,-0.078
652,0,1656521728.762,0.98,1,-0.086234,0.082723,-0.992835,-0.240993,0.082577,-0.967007,-0.165,0.084,561.2,562.5,566.3,570.2,572.0,570.9,567.0,563.0,555.6,558.3,561.9,566.1,570.1,573.3,575.5,573.2,569.9,566.1,562.2,558.5,565.0,566.7,568.3,568.9,568.1,566.4,564.7,564.2,606.6,607.6,610.8,614.4,616.2,615.2,611.9,608.1,603.1,605.4,608.5,612.3,615.7,618.2,619.8,618.4,616.1,613.1,609.5,605.9,609.8,611.4,612.8,613.2,612.5,610.9,609.5,609.1,231.3,227.3,225.5,227.0,230.8,235.1,236.6,235.2,233.2,231.2,229.7,228.9,229.4,230.8,232.9,234.2,234.8,235.2,235.1,234.6,233.0,233.6,232.8,231.1,229.4,228.8,229.6,231.3,229.2,225.5,223.8,225.1,228.6,232.3,234.0,233.1,231.6,229.3,227.6,226.8,227.2,228.3,230.1,231.6,232.4,232.8,232.8,232.6,230.7,231.3,230.6,228.9,227.4,226.8,227.6,229.2,262.7,264.5,268.9,273.3,275.2,273.8,269.0,264.6,257.9,260.0,263.2,267.6,272.5,276.7,280.0,276.6,272.1,267.6,263.5,260.1,267.3,269.2,271.1,271.9,271.1,269.2,267.2,266.4,333.4,335.1,339.7,344.4,346.5,344.7,340.1,335.2,329.5,331.8,335.4,340.3,345.5,350.1,353.5,350.2,345.9,341.2,336.5,332.4,338.1,340.1,342.1,342.9,342.0,339.9,337.9,337.1,-2.0,-6.4,-8.4,-6.8,-2.6,2.2,3.8,2.2,0.0,-2.2,-3.7,-4.6,-4.2,-2.6,-0.3,1.2,1.8,2.2,2.2,1.5,-0.2,0.5,-0.3,-2.3,-4.1,-4.8,-3.9,-2.0,-4.6,-9.0,-11.0,-9.5,-5.3,-1.0,1.0,-0.1,-1.9,-4.5,-6.5,-7.5,-7.0,-5.7,-3.6,-1.9,-0.9,-0.5,-0.5,-0.7,-2.8,-2.2,-3.0,-5.0,-6.8,-7.4,-6.6,-4.7,660.4,661.2,662.0,662.3,661.9,661.4,660.3,660.0,663.6,661.5,659.7,659.2,660.4,662.2,664.2,662.1,660.0,659.0,659.6,661.3,661.5,661.6,662.0,662.3,662.5,662.3,662.0,661.6,704.7,705.9,707.5,708.6,708.6,707.4,705.8,704.8,705.0,704.3,704.2,705.2,707.7,711.0,714.3,710.9,707.5,705.1,704.0,704.3,706.5,707.0,707.7,708.3,708.3,707.8,707.1,706.6,371.4,31.3,829.9,0.005,0.097,-0.079
653,0,1656521728.795,0.98,1,-0.090629,0.081801,-0.992519,-0.243443,0.081234,-0.966507,-0.169,0.083,561.0,562.3,566.1,570.0,571.8,570.8,566.8,562.8,555.4,558.1,561.7,565.9,569.9,573.1,575.3,573.1,569.8,565.9,562.0,558.3,564.8,566.5,568.1,568.7,567.9,566.2,564.5,564.0,606.4,607.3,610.6,614.1,616.0,615.0,611.8,607.9,602.9,605.2,608.3,612.1,615.5,618.0,619.6,618.2,615.9,612.9,609.3,605.7,609.6,611.2,612.6,613.0,612.2,610.7,609.3,608.8,231.3,227.3,225.5,226.9,230.7,235.0,236.6,235.1,233.2,231.2,229.7,228.9,229.3,230.7,232.8,234.2,234.7,235.1,235.1,234.5,232.9,233.6,232.8,231.0,229.3,228.7,229.5,231.3,229.0,225.3,223.6,224.9,228.5,232.2,233.9,232.9,231.4,229.2,227.4,226.6,227.0,228.2,230.0,231.4,232.2,232.6,232.6,232.4,230.6,231.1,230.4,228.8,227.2,226.7,227.4,229.0,262.1,263.9,268.3,272.8,274.6,273.2,268.4,264.0,257.4,259.4,262.7,267.0,271.9,276.1,279.4,276.0,271.5,267.0,262.9,259.6,266.7,268.6,270.6,271.3,270.5,268.6,266.7,265.9,332.2,334.0,338.5,343.2,345.4,343.6,339.0,334.1,328.4,330.7,334.3,339.2,344.4,349.0,352.4,349.1,344.8,340.1,335.4,331.3,336.9,339.0,341.0,341.8,340.8,338.8,336.8,336.0,-2.1,-6.4,-8.4,-6.9,-2.6,2.1,3.7,2.2,0.0,-2.2,-3.8,-4.7,-4.2,-2.7,-0.4,1.1,1.7,2.2,2.1,1.5,-0.2,0.5,-0.4,-2.3,-4.2,-4.9,-4.0,-2.1,-4.8,-9.2,-11.2,-9.7,-5.5,-1.1,0.9,-0.3,-2.0,-4.7,-6.7,-7.7,-7.2,-5.9,-3.8,-2.1,-1.1,-0.7,-0.7,-0.9,-3.0,-2.4,-3.2,-5.1,-7.0,-7.6,-6.7,-4.8,659.6,660.4,661.1,661.4,661.0,660.5,659.4,659.2,662.9,660.7,658.9,658.4,659.5,661.3,663.3,661.2,659.1,658.1,658.7,660.5,660.6,660.7,661.1,661.4,661.6,661.5,661.1,660.8,702.9,704.1,705.7,706.8,706.8,705.6,703.9,702.9,703.2,702.5,702.4,703.4,705.9,709.2,712.5,709.0,705.7,703.2,702.2,702.5,704.7,705.2,705.9,706.4,706.5,706.0,705.3,704.8,370.8,31.3,828.8,0.004,0.102,-0.083
654,0,1656521728.829,0.98,1,-0.084347,0.084091,-0.992882,-0.239526,0.084221,-0.967230,-0.164,0.086,561.2,562.5,566.2,570.1,571.9,570.9,566.9,563.0,555.6,558.3,561.9,566.1,570.1,573.2,575.4,573.2,569.9,566.1,562.2,558.5,564.9,566.6,568.2,568.8,568.0,566.3,564.7,564.1,606.4,607.4,610.6,614.2,616.0,615.0,611.8,608.0,603.0,605.3,608.4,612.2,615.6,618.0,619.6,618.2,615.9,612.9,609.4,605.8,609.7,611.2,612.6,613.1,612.3,610.7,609.3,608.9,231.3,227.3,225.5,226.9,230.7,235.0,236.5,235.1,233.1,231.2,229.7,228.9,229.3,230.7,232.8,234.1,234.7,235.1,235.0,234.5,232.9,233.5,232.8,231.0,229.3,228.7,229.5,231.2,229.1,225.4,223.7,225.0,228.5,232.2,233.9,232.9,231.4,229.2,227.5,226.7,227.1,228.2,230.0,231.4,232.2,232.6,232.6,232.4,230.6,231.1,230.4,228.8,227.3,226.7,227.4,229.0,264.0,265.7,270.2,274.6,276.5,275.1,270.3,265.8,259.1,261.2,264.5,268.9,273.8,278.0,281.2,277.9,273.4,268.8,264.7,261.4,268.5,270.5,272.4,273.2,272.4,270.4,268.5,267.7,335.0,336.7,341.3,346.0,348.1,346.4,341.8,336.8,331.1,333.5,337.1,342.0,347.2,351.7,355.2,351.9,347.5,342.8,338.1,334.0,339.7,341.8,343.8,344.5,343.6,341.5,339.6,338.8,-2.1,-6.5,-8.5,-6.9,-2.7,2.0,3.7,2.1,-0.0,-2.2,-3.8,-4.7,-4.2,-2.7,-0.4,1.1,1.7,2.1,2.1,1.5,-0.3,0.4,-0.4,-2.4,-4.2,-4.9,-4.0,-2.1,-4.8,-9.2,-11.2,-9.7,-5.5,-1.2,0.8,-0.3,-2.1,-4.7,-6.7,-7.7,-7.2,-5.9,-3.8,-2.1,-1.2,-0.7,-0.7,-0.9,-3.0,-2.4,-3.3,-5.2,-7.0,-7.6,-6.8,-4.9,663.6,664.4,665.2,665.6,665.2,664.6,663.6,663.2,666.8,664.7,662.9,662.5,663.6,665.5,667.5,665.4,663.2,662.2,662.8,664.5,664.7,664.8,665.2,665.6,665.7,665.6,665.2,664.9,708.5,709.7,711.4,712.5,712.4,711.2,709.6,708.6,708.9,708.2,708.0,709.0,711.5,714.8,718.1,714.7,711.3,708.9,707.8,708.1,710.4,710.8,711.5,712.1,712.1,711.6,710.9,710.4,370.1,31.1,827.3,0.005,0.095,-0.080
655,0,1656521728.862,0.98,1,-0.090571,0.084420,-0.992305,-0.241938,0.083186,-0.966719,-0.168,0.085,561.1,562.5,566.2,570.1,571.9,570.9,566.9,563.0,555.6,558.3,561.9,566.0,570.1,573.2,575.4,573.2,569.9,566.0,562.1,558.5,564.9,566.6,568.2,568.8,568.0,566.3,564.7,564.1,606.5,607.5,610.8,614.3,616.1,615.1,611.9,608.0,603.0,605.4,608.5,612.3,615.7,618.2,619.7,618.4,616.1,613.0,609.5,605.8,609.8,611.3,612.8,613.2,612.4,610.9,609.4,609.0,231.2,227.2,225.4,226.8,230.6,234.9,236.4,235.0,233.0,231.0,229.6,228.8,229.2,230.6,232.7,234.1,234.6,235.0,235.0,234.4,232.8,233.5,232.7,230.9,229.2,228.6,229.4,231.1,229.1,225.4,223.7,225.0,228.5,232.3,233.9,232.9,231.4,229.2,227.5,226.7,227.1,228.3,230.1,231.5,232.3,232.6,232.6,232.4,230.6,231.2,230.5,228.8,227.3,226.7,227.4,229.1,263.2,265.0,269.4,273.9,275.7,274.3,269.5,265.1,258.4,260.5,263.8,268.1,273.0,277.2,280.5,277.1,272.6,268.1,264.0,260.7,267.8,269.7,271.7,272.4,271.6,269.7,267.8,267.0,333.1,334.9,339.4,344.1,346.2,344.4,339.9,334.9,329.2,331.6,335.2,340.1,345.3,349.8,353.3,350.0,345.6,340.9,336.2,332.1,337.8,339.8,341.8,342.6,341.7,339.7,337.7,336.9,-2.2,-6.6,-8.6,-7.0,-2.8,1.9,3.6,2.0,-0.1,-2.3,-3.9,-4.8,-4.4,-2.8,-0.5,1.0,1.6,2.0,2.0,1.4,-0.4,0.3,-0.5,-2.5,-4.3,-5.0,-4.1,-2.2,-4.8,-9.1,-11.1,-9.6,-5.4,-1.1,0.9,-0.3,-2.1,-4.7,-6.6,-7.6,-7.1,-5.8,-3.7,-2.0,-1.1,-0.6,-0.6,-0.9,-3.0,-2.3,-3.2,-5.1,-6.9,-7.6,-6.7,-4.8,661.9,662.7,663.5,663.8,663.4,662.9,661.8,661.5,665.2,663.0,661.2,660.7,661.8,663.7,665.7,663.6,661.4,660.5,661.1,662.9,663.0,663.1,663.4,663.8,663.9,663.8,663.5,663.1,704.3,705.5,707.1,708.2,708.2,707.0,705.3,704.3,704.6,703.9,703.8,704.8,707.3,710.6,713.9,710.4,707.1,704.6,703.6,703.9,706.1,706.6,707.3,707.8,707.9,707.4,706.7,706.1,370.3,31.1,827.5,0.007,0.101,-0.079
656,0,1656521728.896,0.98,1,-0.085083,0.084281,-0.992803,-0.239173,0.083996,-0.967337,-0.164,0.086,561.1,562.5,566.2,570.1,572.0,570.9,566.9,563.0,555.5,558.2,561.9,566.0,570.1,573.2,575.4,573.2,569.9,566.1,562.1,558.4,564.9,566.6,568.2,568.8,568.0,566.3,564.7,564.1,606.7,607.7,611.0,614.5,616.3,615.3,612.0,608.2,603.2,605.5,608.7,612.5,615.9,618.4,619.9,618.5,616.2,613.2,609.6,606.0,610.0,611.5,612.9,613.4,612.6,611.0,609.6,609.2,231.3,227.3,225.5,226.9,230.8,235.1,236.6,235.1,233.1,231.1,229.7,228.9,229.3,230.7,232.8,234.2,234.8,235.1,235.1,234.5,233.0,233.6,232.8,231.0,229.4,228.7,229.5,231.3,229.3,225.6,223.9,225.2,228.8,232.5,234.2,233.1,231.6,229.4,227.7,226.9,227.3,228.5,230.3,231.7,232.5,232.8,232.8,232.6,230.8,231.4,230.7,229.0,227.5,226.9,227.6,229.3,261.9,263.7,268.1,272.5,274.4,273.0,268.2,263.7,257.0,259.1,262.4,266.8,271.7,275.9,279.1,275.8,271.3,266.7,262.6,259.3,266.4,268.4,270.3,271.1,270.3,268.3,266.4,265.6,333.0,334.7,339.3,344.0,346.1,344.3,339.7,334.7,329.1,331.4,335.0,339.9,345.1,349.7,353.1,349.8,345.5,340.7,336.1,332.0,337.6,339.7,341.7,342.5,341.6,339.5,337.5,336.7,-2.1,-6.4,-8.4,-6.8,-2.6,2.1,3.7,2.2,-0.0,-2.2,-3.8,-4.7,-4.2,-2.6,-0.4,1.1,1.7,2.2,2.1,1.5,-0.2,0.5,-0.4,-2.3,-4.2,-4.9,-4.0,-2.1,-4.6,-8.9,-10.9,-9.4,-5.2,-0.8,1.2,-0.0,-1.8,-4.4,-6.4,-7.3,-6.8,-5.5,-3.4,-1.7,-0.8,-0.4,-0.4,-0.6,-2.7,-2.1,-2.9,-4.8,-6.7,-7.3,-6.5,-4.6,658.5,659.3,660.1,660.4,660.0,659.5,658.5,658.1,661.8,659.6,657.8,657.3,658.5,660.4,662.3,660.2,658.1,657.1,657.7,659.4,659.6,659.7,660.1,660.4,660.6,660.4,660.1,659.7,703.6,704.7,706.4,707.5,707.4,706.2,704.6,703.6,703.9,703.2,703.0,704.0,706.5,709.9,713.2,709.7,706.4,703.9,702.9,703.1,705.4,705.9,706.6,707.1,707.1,706.6,705.9,705.4,370.1,31.2,827.1,0.003,0.094,-0.075
657,0,1656521728.929,0.98,1,-0.083639,0.080450,-0.993243,-0.241248,0.080343,-0.967132,-0.164,0.082,561.0,562.4,566.1,570.1,571.9,570.8,566.8,562.9,555.4,558.1,561.8,566.0,570.0,573.2,575.4,573.1,569.8,566.0,562.0,558.3,564.8,566.5,568.2,568.8,568.0,566.2,564.6,564.0,606.7,607.7,610.9,614.5,616.3,615.3,612.0,608.2,603.2,605.5,608.6,612.4,615.9,618.3,619.9,618.5,616.2,613.2,609.6,606.0,609.9,611.5,612.9,613.4,612.6,611.0,609.6,609.1,231.4,227.3,225.5,227.0,230.9,235.2,236.7,235.2,233.2,231.2,229.8,228.9,229.4,230.8,232.9,234.3,234.9,235.2,235.2,234.6,233.0,233.7,232.9,231.1,229.5,228.8,229.6,231.4,229.3,225.6,223.9,225.3,228.8,232.5,234.2,233.2,231.7,229.4,227.7,226.9,227.4,228.5,230.3,231.8,232.5,232.9,232.9,232.7,230.9,231.5,230.7,229.1,227.5,227.0,227.7,229.3,261.2,263.0,267.4,271.9,273.7,272.3,267.5,263.0,256.3,258.5,261.7,266.1,271.0,275.2,278.5,275.1,270.6,266.0,261.9,258.6,265.7,267.7,269.6,270.4,269.6,267.7,265.7,264.9,332.7,334.4,339.0,343.7,345.8,344.0,339.4,334.5,328.8,331.2,334.7,339.6,344.9,349.4,352.9,349.5,345.2,340.5,335.8,331.7,337.4,339.4,341.4,342.2,341.3,339.2,337.2,336.5,-2.0,-6.4,-8.3,-6.7,-2.5,2.2,3.8,2.2,0.1,-2.1,-3.7,-4.6,-4.1,-2.5,-0.2,1.2,1.8,2.3,2.2,1.6,-0.1,0.6,-0.3,-2.2,-4.1,-4.8,-3.9,-2.0,-4.5,-8.8,-10.8,-9.3,-5.1,-0.8,1.2,0.0,-1.7,-4.3,-6.3,-7.3,-6.8,-5.5,-3.3,-1.6,-0.7,-0.3,-0.3,-0.5,-2.7,-2.0,-2.9,-4.8,-6.6,-7.3,-6.4,-4.5,657.0,657.9,658.7,659.0,658.6,658.0,656.9,656.6,660.2,658.1,656.4,655.9,657.1,658.9,660.9,658.8,656.6,655.6,656.1,657.9,658.1,658.2,658.6,659.0,659.1,659.0,658.6,658.3,703.1,704.3,705.9,707.0,706.9,705.7,704.0,703.1,703.4,702.7,702.5,703.5,706.0,709.3,712.6,709.1,705.8,703.4,702.3,702.6,704.9,705.3,706.1,706.6,706.6,706.1,705.4,704.9,370.2,31.2,827.5,0.003,0.093,-0.073
658,0,1656521728.962,0.98,1,-0.086026,0.082144,-0.992901,-0.239901,0.082215,-0.967310,-0.165,0.084,561.0,562.3,566.1,570.0,571.8,570.7,566.8,562.8,555.4,558.1,561.7,565.9,569.9,573.1,575.3,573.1,569.8,565.9,562.0,558.3,564.8,566.5,568.1,568.7,567.9,566.2,564.5,564.0,606.5,607.5,610.7,614.3,616.1,615.1,611.9,608.0,603.0,605.3,608.5,612.2,615.6,618.1,619.7,618.3,616.0,613.0,609.5,605.8,609.8,611.3,612.7,613.2,612.4,610.8,609.4,609.0,231.2,227.2,225.4,226.8,230.7,235.0,236.5,235.1,233.1,231.1,229.6,228.8,229.2,230.7,232.7,234.1,234.7,235.1,235.0,234.5,232.9,233.5,232.7,231.0,229.3,228.7,229.5,231.2,229.0,225.3,223.6,224.9,228.4,232.1,233.8,232.8,231.4,229.1,227.4,226.6,227.0,228.1,229.9,231.4,232.2,232.5,232.5,232.4,230.5,231.1,230.4,228.7,227.2,226.6,227.4,229.0,262.3,264.1,268.5,272.9,274.8,273.4,268.6,264.1,257.4,259.5,262.8,267.2,272.1,276.3,279.5,276.2,271.7,267.1,263.0,259.7,266.8,268.8,270.7,271.5,270.7,268.7,266.8,266.0,333.5,335.3,339.8,344.5,346.6,344.9,340.3,335.3,329.6,332.0,335.6,340.5,345.7,350.2,353.7,350.4,346.1,341.3,336.7,332.6,338.2,340.3,342.3,343.0,342.1,340.1,338.1,337.3,-2.1,-6.5,-8.5,-6.9,-2.7,2.0,3.6,2.1,-0.1,-2.3,-3.9,-4.8,-4.3,-2.7,-0.5,1.0,1.7,2.1,2.0,1.4,-0.3,0.4,-0.5,-2.4,-4.3,-4.9,-4.1,-2.2,-4.9,-9.2,-11.2,-9.7,-5.6,-1.2,0.8,-0.4,-2.1,-4.7,-6.7,-7.7,-7.2,-5.9,-3.8,-2.1,-1.2,-0.7,-0.7,-0.9,-3.1,-2.4,-3.3,-5.2,-7.0,-7.7,-6.8,-4.9,659.9,660.7,661.5,661.8,661.4,660.9,659.8,659.5,663.1,661.0,659.2,658.7,659.9,661.7,663.7,661.6,659.5,658.5,659.0,660.8,661.0,661.1,661.4,661.8,662.0,661.8,661.5,661.1,705.3,706.5,708.1,709.2,709.2,707.9,706.3,705.3,705.6,704.9,704.8,705.7,708.3,711.6,714.9,711.4,708.1,705.6,704.6,704.8,707.1,707.6,708.3,708.8,708.9,708.4,707.7,707.1,369.7,31.1,826.3,0.005,0.094,-0.077
659,0,1656521728.996,0.98,1,-0.082357,0.082464,-0.993185,-0.239179,0.082259,-0.967485,-0.163,0.084,561.0,562.3,566.1,570.0,571.8,570.7,566.7,562.8,555.3,558.1,561.7,565.9,570.0,573.1,575.3,573.1,569.8,565.9,562.0,558.3,564.7,566.5,568.1,568.7,567.9,566.2,564.5,563.9,606.5,607.5,610.8,614.3,616.1,615.1,611.9,608.1,603.1,605.4,608.5,612.3,615.7,618.2,619.7,618.4,616.1,613.1,609.5,605.9,609.8,611.4,612.8,613.2,612.4,610.9,609.5,609.0,231.2,227.2,225.4,226.9,230.7,235.0,236.5,235.1,233.1,231.1,229.6,228.8,229.3,230.7,232.8,234.1,234.7,235.1,235.0,234.4,232.9,233.5,232.7,231.0,229.3,228.7,229.5,231.2,229.1,225.4,223.7,225.1,228.6,232.3,234.0,233.0,231.5,229.3,227.6,226.7,227.2,228.3,230.1,231.5,232.3,232.7,232.7,232.5,230.7,231.3,230.5,228.9,227.4,226.8,227.5,229.1,261.4,263.2,267.6,272.0,273.9,272.4,267.6,263.2,256.5,258.6,261.9,266.3,271.2,275.4,278.6,275.3,270.8,266.2,262.1,258.8,265.9,267.9,269.8,270.6,269.8,267.8,265.9,265.1,333.4,335.2,339.7,344.4,346.5,344.8,340.2,335.2,329.5,331.9,335.5,340.4,345.6,350.1,353.6,350.3,345.9,341.2,336.5,332.4,338.1,340.2,342.2,342.9,342.0,340.0,338.0,337.2,-2.1,-6.5,-8.5,-6.9,-2.7,2.0,3.7,2.1,-0.1,-2.3,-3.8,-4.7,-4.2,-2.7,-0.4,1.1,1.7,2.1,2.0,1.4,-0.3,0.4,-0.5,-2.4,-4.2,-4.9,-4.1,-2.1,-4.7,-9.0,-11.1,-9.5,-5.4,-1.0,1.0,-0.2,-2.0,-4.6,-6.5,-7.5,-7.0,-5.7,-3.6,-1.9,-1.0,-0.6,-0.6,-0.8,-2.9,-2.2,-3.1,-5.0,-6.8,-7.5,-6.6,-4.7,657.6,658.5,659.3,659.6,659.2,658.7,657.6,657.2,660.8,658.7,657.0,656.5,657.7,659.5,661.5,659.4,657.2,656.2,656.8,658.5,658.7,658.9,659.2,659.6,659.8,659.6,659.3,658.9,704.9,706.1,707.8,708.9,708.8,707.6,705.9,705.0,705.2,704.6,704.4,705.4,707.9,711.2,714.5,711.0,707.7,705.3,704.2,704.5,706.7,707.2,707.9,708.5,708.5,708.0,707.3,706.8,369.5,31.2,826.0,0.003,0.092,-0.075
660,0,1656521729.029,0.98,1,-0.082460,0.080600,-0.993330,-0.239045,0.080424,-0.967672,-0.163,0.082,561.0,562.3,566.1,570.0,571.9,570.8,566.8,562.8,555.3,558.1,561.7,565.9,570.0,573.1,575.3,573.1,569.8,565.9,562.0,558.3,564.7,566.5,568.1,568.7,567.9,566.2,564.5,563.9,606.5,607.5,610.8,614.4,616.2,615.2,611.9,608.1,603.1,605.4,608.5,612.3,615.7,618.2,619.8,618.4,616.1,613.1,609.5,605.9,609.8,611.4,612.8,613.2,612.4,610.9,609.5,609.0,231.4,227.4,225.6,227.0,230.9,235.2,236.7,235.3,233.3,231.3,229.8,229.0,229.5,230.9,233.0,234.3,234.9,235.3,235.2,234.6,233.1,233.7,232.9,231.2,229.5,228.9,229.6,231.4,229.4,225.6,223.9,225.3,228.8,232.5,234.2,233.2,231.7,229.5,227.8,226.9,227.4,228.5,230.3,231.7,232.5,232.9,232.9,232.7,230.9,231.5,230.7,229.1,227.6,227.0,227.7,229.4,261.2,263.0,267.4,271.8,273.7,272.3,267.5,263.0,256.3,258.4,261.7,266.1,271.0,275.2,278.4,275.1,270.6,266.0,261.9,258.6,265.7,267.7,269.6,270.4,269.6,267.6,265.7,264.9,332.3,334.0,338.6,343.3,345.4,343.7,339.1,334.1,328.4,330.8,334.4,339.3,344.5,349.0,352.5,349.2,344.8,340.1,335.4,331.3,337.0,339.1,341.1,341.8,340.9,338.9,336.9,336.1,-1.9,-6.3,-8.3,-6.7,-2.5,2.3,3.9,2.3,0.1,-2.1,-3.6,-4.5,-4.0,-2.5,-0.2,1.3,1.9,2.3,2.2,1.6,-0.1,0.6,-0.2,-2.2,-4.0,-4.7,-3.8,-1.9,-4.4,-8.8,-10.8,-9.3,-5.1,-0.7,1.2,0.1,-1.7,-4.3,-6.3,-7.3,-6.8,-5.5,-3.3,-1.7,-0.7,-0.3,-0.3,-0.5,-2.6,-2.0,-2.8,-4.7,-6.6,-7.2,-6.4,-4.5,657.1,658.0,658.8,659.1,658.7,658.2,657.1,656.8,660.4,658.2,656.5,656.0,657.2,659.1,661.0,658.9,656.7,655.8,656.3,658.0,658.2,658.4,658.7,659.1,659.3,659.1,658.8,658.4,702.5,703.7,705.4,706.5,706.4,705.2,703.6,702.6,702.8,702.2,702.0,703.0,705.6,708.9,712.1,708.7,705.3,702.9,701.8,702.1,704.4,704.8,705.6,706.1,706.1,705.6,704.9,704.4,369.5,31.3,826.3,-0.001,0.091,-0.072
661,0,1656521729.062,0.98,1,-0.079357,0.082689,-0.993411,-0.237857,0.084462,-0.967621,-0.160,0.085,560.9,562.2,565.9,569.8,571.7,570.6,566.7,562.7,555.3,558.0,561.6,565.7,569.8,572.9,575.1,572.9,569.6,565.8,561.9,558.2,564.6,566.3,568.0,568.5,567.7,566.0,564.4,563.8,606.4,607.3,610.5,614.1,615.9,614.9,611.7,607.9,603.0,605.2,608.3,612.1,615.5,617.9,619.5,618.1,615.9,612.9,609.3,605.7,609.6,611.2,612.6,613.0,612.2,610.7,609.3,608.8,231.3,227.3,225.5,226.9,230.7,235.0,236.5,235.1,233.2,231.2,229.8,228.9,229.3,230.7,232.7,234.1,234.7,235.1,235.0,234.5,232.9,233.6,232.8,231.0,229.3,228.7,229.5,231.3,229.0,225.3,223.6,224.9,228.4,232.1,233.8,232.8,231.3,229.1,227.4,226.6,227.0,228.1,229.9,231.3,232.1,232.4,232.4,232.3,230.5,231.0,230.3,228.7,227.2,226.6,227.3,228.9,262.9,264.7,269.1,273.5,275.4,274.0,269.2,264.8,258.0,260.1,263.4,267.8,272.7,276.9,280.2,276.9,272.4,267.8,263.7,260.3,267.5,269.4,271.4,272.1,271.3,269.3,267.4,266.6,336.3,338.0,342.6,347.3,349.4,347.7,343.1,338.1,332.4,334.8,338.4,343.3,348.5,353.0,356.5,353.2,348.8,344.1,339.4,335.3,341.0,343.1,345.1,345.8,344.9,342.9,340.9,340.1,-2.1,-6.5,-8.5,-6.9,-2.7,2.0,3.7,2.2,0.0,-2.1,-3.7,-4.6,-4.2,-2.7,-0.5,1.0,1.6,2.1,2.1,1.5,-0.2,0.4,-0.4,-2.4,-4.2,-4.9,-4.0,-2.1,-5.0,-9.3,-11.3,-9.8,-5.7,-1.3,0.7,-0.4,-2.2,-4.8,-6.8,-7.8,-7.3,-6.0,-3.9,-2.2,-1.3,-0.9,-0.8,-1.0,-3.2,-2.5,-3.4,-5.3,-7.1,-7.8,-6.9,-5.0,661.8,662.6,663.5,663.8,663.4,662.9,661.8,661.4,665.0,662.8,661.1,660.7,661.9,663.8,665.8,663.6,661.4,660.4,660.9,662.7,662.9,663.1,663.4,663.8,663.9,663.8,663.4,663.1,711.5,712.7,714.3,715.4,715.3,714.1,712.5,711.5,711.8,711.1,710.9,711.9,714.4,717.7,721.0,717.5,714.2,711.8,710.7,711.0,713.3,713.7,714.5,715.0,715.0,714.5,713.8,713.3,369.7,31.2,826.9,0.000,0.086,-0.074
662,0,1656521729.096,0.98,1,-0.085715,0.081060,-0.993017,-0.240661,0.080853,-0.967236,-0.165,0.082,560.8,562.1,565.9,569.8,571.6,570.6,566.6,562.6,555.2,557.9,561.5,565.7,569.7,572.9,575.1,572.9,569.6,565.7,561.8,558.1,564.6,566.3,567.9,568.5,567.7,566.0,564.3,563.8,606.5,607.5,610.7,614.3,616.1,615.1,611.8,608.0,603.0,605.3,608.5,612.3,615.7,618.1,619.7,618.3,616.0,613.0,609.4,605.8,609.8,611.3,612.7,613.2,612.4,610.8,609.4,609.0,231.3,227.3,225.5,226.9,230.8,235.1,236.6,235.1,233.2,231.2,229.7,228.9,229.3,230.7,232.8,234.2,234.7,235.1,235.1,234.5,233.0,233.6,232.8,231.0,229.4,228.7,229.5,231.3,229.1,225.5,223.8,225.1,228.6,232.3,234.0,233.0,231.5,229.3,227.6,226.8,227.2,228.3,230.1,231.5,232.3,232.7,232.7,232.5,230.7,231.3,230.5,228.9,227.4,226.8,227.5,229.1,262.1,263.9,268.3,272.7,274.6,273.2,268.4,264.0,257.3,259.4,262.7,267.0,271.9,276.1,279.4,276.0,271.5,267.0,262.9,259.6,266.7,268.6,270.6,271.3,270.5,268.6,266.7,265.9,333.7,335.4,340.0,344.7,346.8,345.0,340.5,335.5,329.8,332.2,335.8,340.7,345.9,350.4,353.9,350.6,346.2,341.5,336.8,332.7,338.4,340.4,342.4,343.2,342.3,340.2,338.2,337.5,-2.0,-6.4,-8.4,-6.9,-2.6,2.1,3.8,2.2,0.0,-2.2,-3.7,-4.6,-4.2,-2.7,-0.4,1.1,1.7,2.2,2.1,1.5,-0.2,0.5,-0.4,-2.3,-4.2,-4.9,-4.0,-2.1,-4.7,-9.0,-11.1,-9.5,-5.4,-1.0,1.0,-0.2,-2.0,-4.6,-6.5,-7.5,-7.0,-5.7,-3.6,-1.9,-1.0,-0.6,-0.6,-0.8,-2.9,-2.2,-3.1,-5.0,-6.8,-7.5,-6.6,-4.7,660.0,660.8,661.6,661.9,661.5,661.0,660.0,659.7,663.3,661.1,659.4,658.9,660.0,661.8,663.8,661.7,659.6,658.7,659.2,661.0,661.1,661.3,661.6,661.9,662.1,662.0,661.6,661.3,705.6,706.8,708.5,709.6,709.5,708.3,706.6,705.7,706.0,705.3,705.1,706.1,708.6,711.9,715.2,711.7,708.4,705.9,704.9,705.2,707.4,707.9,708.6,709.2,709.2,708.7,708.0,707.5,370.5,31.3,828.6,-0.001,0.093,-0.075
663,0,1656521729.129,0.98,1,-0.082647,0.080780,-0.993300,-0.239976,0.080989,-0.967395,-0.163,0.082,561.0,562.3,566.0,570.0,571.8,570.7,566.7,562.8,555.4,558.1,561.7,565.9,569.9,573.0,575.2,573.0,569.7,565.9,562.0,558.3,564.7,566.4,568.1,568.7,567.9,566.1,564.5,563.9,606.4,607.4,610.6,614.2,616.0,615.0,611.8,607.9,603.0,605.3,608.4,612.2,615.6,618.0,619.6,618.3,616.0,612.9,609.4,605.8,609.7,611.2,612.6,613.1,612.3,610.7,609.3,608.9,231.3,227.3,225.5,226.9,230.7,235.0,236.5,235.1,233.1,231.2,229.7,228.9,229.3,230.7,232.8,234.1,234.7,235.1,235.0,234.5,232.9,233.6,232.8,231.0,229.3,228.7,229.5,231.3,229.2,225.5,223.8,225.1,228.6,232.3,234.0,233.0,231.5,229.3,227.6,226.8,227.2,228.3,230.1,231.5,232.3,232.7,232.7,232.5,230.7,231.3,230.5,228.9,227.4,226.8,227.5,229.2,262.4,264.2,268.6,273.1,274.9,273.5,268.7,264.3,257.5,259.7,263.0,267.3,272.2,276.4,279.7,276.3,271.8,267.3,263.2,259.8,267.0,268.9,270.9,271.6,270.8,268.9,266.9,266.2,334.2,336.0,340.5,345.2,347.3,345.6,341.0,336.0,330.3,332.7,336.3,341.2,346.4,350.9,354.4,351.1,346.7,342.0,337.3,333.2,338.9,341.0,343.0,343.7,342.8,340.8,338.8,338.0,-2.1,-6.5,-8.5,-6.9,-2.7,2.1,3.7,2.1,-0.0,-2.2,-3.8,-4.7,-4.2,-2.7,-0.4,1.1,1.7,2.1,2.0,1.4,-0.2,0.4,-0.4,-2.3,-4.2,-4.9,-4.0,-2.1,-4.7,-9.0,-11.1,-9.5,-5.4,-1.0,1.0,-0.2,-2.0,-4.6,-6.5,-7.5,-7.0,-5.7,-3.6,-1.9,-1.0,-0.6,-0.6,-0.8,-2.9,-2.2,-3.1,-5.0,-6.8,-7.5,-6.6,-4.7,660.3,661.1,661.9,662.3,661.9,661.3,660.2,659.9,663.5,661.4,659.6,659.2,660.3,662.2,664.2,662.1,659.9,658.9,659.4,661.2,661.4,661.5,661.9,662.3,662.4,662.3,661.9,661.5,706.9,708.1,709.8,710.9,710.8,709.5,707.9,707.0,707.3,706.6,706.4,707.4,709.9,713.2,716.4,713.0,709.6,707.2,706.2,706.5,708.7,709.2,709.9,710.4,710.5,710.0,709.3,708.8,369.8,31.2,826.9,-0.001,0.091,-0.075
664,0,1656521729.162,0.98,1,-0.083857,0.076875,-0.993508,-0.240027,0.076796,-0.967724,-0.164,0.078,560.8,562.2,565.9,569.9,571.7,570.6,566.6,562.7,555.2,557.9,561.6,565.8,569.8,573.0,575.2,573.0,569.6,565.8,561.8,558.1,564.6,566.3,568.0,568.6,567.8,566.0,564.4,563.8,606.4,607.4,610.7,614.2,616.1,615.1,611.8,608.0,603.0,605.3,608.4,612.2,615.6,618.1,619.7,618.3,616.0,613.0,609.4,605.8,609.7,611.3,612.7,613.1,612.3,610.8,609.4,608.9,231.3,227.2,225.4,226.9,230.8,235.1,236.6,235.1,233.2,231.1,229.7,228.8,229.3,230.7,232.8,234.2,234.7,235.1,235.1,234.5,233.0,233.6,232.8,231.0,229.4,228.7,229.5,231.3,229.2,225.4,223.7,225.0,228.6,232.3,234.0,233.0,231.5,229.3,227.6,226.7,227.2,228.3,230.1,231.5,232.3,232.7,232.7,232.5,230.7,231.3,230.5,228.9,227.4,226.8,227.5,229.2,260.7,262.5,266.9,271.3,273.2,271.7,266.9,262.5,255.8,257.9,261.2,265.6,270.5,274.7,277.9,274.6,270.1,265.5,261.4,258.1,265.2,267.2,269.1,269.9,269.1,267.1,265.2,264.4,332.0,333.7,338.3,343.0,345.1,343.4,338.8,333.8,328.1,330.5,334.1,339.0,344.2,348.7,352.2,348.9,344.5,339.8,335.1,331.0,336.7,338.8,340.8,341.5,340.6,338.6,336.6,335.8,-2.1,-6.5,-8.4,-6.8,-2.6,2.1,3.7,2.1,-0.0,-2.2,-3.8,-4.7,-4.2,-2.6,-0.4,1.1,1.7,2.1,2.1,1.5,-0.2,0.5,-0.4,-2.3,-4.2,-4.9,-4.0,-2.1,-4.7,-9.0,-11.0,-9.5,-5.4,-1.0,1.0,-0.2,-1.9,-4.5,-6.5,-7.5,-7.0,-5.7,-3.6,-1.9,-1.0,-0.5,-0.5,-0.7,-2.9,-2.2,-3.1,-5.0,-6.8,-7.5,-6.6,-4.7,656.3,657.1,658.0,658.2,657.8,657.3,656.2,655.9,659.5,657.4,655.6,655.2,656.3,658.2,660.1,658.0,655.8,654.9,655.4,657.2,657.4,657.5,657.8,658.2,658.4,658.3,657.9,657.5,702.2,703.4,705.1,706.2,706.1,704.8,703.2,702.2,702.5,701.8,701.7,702.7,705.2,708.5,711.8,708.3,704.9,702.5,701.4,701.7,704.0,704.5,705.2,705.7,705.8,705.3,704.6,704.0,369.3,31.2,826.0,-0.003,0.092,-0.074
665,0,1656521729.196,0.98,1,-0.085361,0.079127,-0.993203,-0.242052,0.079665,-0.966987,-0.166,0.081,561.0,562.3,566.0,570.0,571.8,570.7,566.8,562.8,555.4,558.1,561.7,565.9,569.9,573.1,575.3,573.0,569.7,565.9,562.0,558.3,564.7,566.5,568.1,568.7,567.9,566.1,564.5,563.9,606.4,607.4,610.6,614.1,616.0,615.0,611.7,607.9,602.9,605.2,608.3,612.1,615.5,618.0,619.6,618.2,615.9,612.9,609.3,605.7,609.6,611.2,612.6,613.0,612.3,610.7,609.3,608.8,231.2,227.2,225.4,226.8,230.7,235.0,236.5,235.1,233.1,231.1,229.7,228.8,229.3,230.7,232.7,234.1,234.7,235.1,235.0,234.4,232.9,233.5,232.7,231.0,229.3,228.7,229.5,231.2,229.1,225.4,223.7,225.0,228.5,232.2,233.9,232.9,231.4,229.2,227.5,226.7,227.1,228.2,230.0,231.4,232.2,232.6,232.6,232.4,230.6,231.2,230.4,228.8,227.3,226.7,227.4,229.1,262.2,263.9,268.3,272.8,274.7,273.3,268.5,264.0,257.3,259.4,262.7,267.0,271.9,276.1,279.4,276.1,271.6,267.0,262.9,259.6,266.7,268.7,270.6,271.4,270.6,268.6,266.7,265.9,334.0,335.8,340.3,345.0,347.1,345.3,340.8,335.8,330.2,332.5,336.1,341.0,346.2,350.7,354.2,350.9,346.5,341.8,337.1,333.0,338.7,340.8,342.8,343.5,342.6,340.6,338.6,337.8,-2.1,-6.5,-8.5,-6.9,-2.7,2.0,3.7,2.1,-0.1,-2.2,-3.8,-4.7,-4.3,-2.7,-0.5,1.0,1.6,2.1,2.0,1.4,-0.3,0.4,-0.5,-2.4,-4.3,-4.9,-4.1,-2.1,-4.8,-9.1,-11.2,-9.7,-5.5,-1.1,0.9,-0.3,-2.1,-4.7,-6.6,-7.6,-7.1,-5.8,-3.7,-2.0,-1.1,-0.7,-0.7,-0.9,-3.0,-2.3,-3.2,-5.1,-6.9,-7.6,-6.7,-4.8,659.6,660.4,661.2,661.5,661.2,660.6,659.6,659.3,662.9,660.7,659.0,658.5,659.6,661.5,663.4,661.3,659.2,658.2,658.8,660.6,660.7,660.8,661.2,661.5,661.7,661.6,661.2,660.9,706.6,707.8,709.4,710.5,710.4,709.2,707.6,706.6,706.9,706.2,706.1,707.0,709.5,712.8,716.1,712.6,709.3,706.9,705.9,706.1,708.4,708.9,709.6,710.1,710.1,709.7,709.0,708.4,370.5,31.3,828.5,-0.004,0.094,-0.075
666,0,1656521729.229,0.98,1,-0.083647,0.077625,-0.993467,-0.240129,0.077270,-0.967661,-0.164,0.079,560.9,562.2,565.9,569.9,571.7,570.6,566.7,562.7,555.4,558.0,561.6,565.8,569.8,572.9,575.1,572.9,569.6,565.8,561.9,558.2,564.7,566.4,568.0,568.6,567.8,566.1,564.4,563.9,606.2,607.2,610.4,614.0,615.8,614.8,611.6,607.8,602.8,605.1,608.2,612.0,615.3,617.8,619.4,618.0,615.7,612.7,609.2,605.6,609.5,611.0,612.4,612.9,612.1,610.5,609.1,608.7,231.3,227.3,225.5,226.9,230.8,235.0,236.5,235.1,233.2,231.2,229.7,228.9,229.4,230.7,232.8,234.1,234.7,235.1,235.1,234.5,233.0,233.6,232.8,231.0,229.4,228.8,229.5,231.3,229.2,225.5,223.8,225.1,228.6,232.3,234.0,233.0,231.5,229.3,227.6,226.8,227.2,228.3,230.1,231.5,232.3,232.6,232.6,232.5,230.7,231.2,230.5,228.9,227.4,226.8,227.5,229.1,263.9,265.7,270.1,274.6,276.4,275.0,270.2,265.8,259.1,261.2,264.5,268.8,273.7,277.9,281.2,277.8,273.3,268.8,264.7,261.3,268.5,270.4,272.4,273.1,272.3,270.4,268.4,267.7,335.5,337.2,341.8,346.5,348.6,346.8,342.2,337.3,331.6,334.0,337.5,342.4,347.6,352.2,355.7,352.3,348.0,343.3,338.6,334.5,340.2,342.2,344.2,345.0,344.1,342.0,340.0,339.2,-2.1,-6.4,-8.4,-6.9,-2.6,2.1,3.7,2.2,0.0,-2.2,-3.8,-4.7,-4.2,-2.7,-0.4,1.1,1.7,2.1,2.1,1.5,-0.2,0.5,-0.4,-2.3,-4.2,-4.9,-4.0,-2.1,-4.7,-9.1,-11.1,-9.6,-5.4,-1.1,0.9,-0.2,-2.0,-4.6,-6.6,-7.5,-7.1,-5.8,-3.6,-2.0,-1.1,-0.6,-0.6,-0.8,-2.9,-2.3,-3.1,-5.0,-6.9,-7.5,-6.7,-4.7,664.2,665.0,665.8,666.1,665.8,665.2,664.2,663.9,667.5,665.3,663.6,663.1,664.2,666.1,668.1,665.9,663.8,662.8,663.4,665.2,665.3,665.5,665.8,666.2,666.3,666.2,665.8,665.5,710.0,711.2,712.8,713.9,713.8,712.6,711.0,710.0,710.3,709.6,709.5,710.5,713.0,716.3,719.5,716.1,712.7,710.3,709.2,709.5,711.8,712.3,713.0,713.5,713.6,713.1,712.4,711.8,371.0,31.4,829.7,-0.007,0.093,-0.076
667,0,1656521729.262,0.98,1,-0.085818,0.076550,-0.993366,-0.241012,0.076539,-0.967499,-0.165,0.078,560.9,562.3,566.0,569.9,571.8,570.7,566.7,562.8,555.4,558.1,561.7,565.8,569.9,573.0,575.2,573.0,569.7,565.9,561.9,558.3,564.7,566.4,568.1,568.6,567.8,566.1,564.5,563.9,606.3,607.3,610.5,614.1,615.9,614.9,611.7,607.8,602.9,605.2,608.3,612.1,615.5,618.0,619.5,618.2,615.9,612.9,609.3,605.7,609.6,611.1,612.6,613.0,612.2,610.6,609.2,608.8,231.2,227.2,225.4,226.8,230.6,234.9,236.5,235.0,233.1,231.1,229.6,228.8,229.2,230.6,232.7,234.0,234.6,235.0,235.0,234.4,232.8,233.5,232.7,230.9,229.2,228.6,229.4,231.2,229.1,225.4,223.7,225.0,228.5,232.2,233.9,232.9,231.4,229.2,227.5,226.7,227.1,228.3,230.1,231.5,232.2,232.6,232.6,232.4,230.6,231.2,230.4,228.8,227.3,226.7,227.5,229.1,262.4,264.2,268.6,273.1,274.9,273.5,268.7,264.3,257.6,259.7,263.0,267.3,272.2,276.4,279.7,276.4,271.9,267.3,263.2,259.9,267.0,268.9,270.9,271.7,270.8,268.9,267.0,266.2,333.5,335.2,339.8,344.5,346.6,344.8,340.2,335.3,329.6,332.0,335.6,340.5,345.7,350.2,353.7,350.4,346.0,341.3,336.6,332.5,338.2,340.2,342.2,343.0,342.1,340.0,338.0,337.3,-2.2,-6.6,-8.6,-7.0,-2.8,2.0,3.6,2.0,-0.1,-2.3,-3.9,-4.8,-4.3,-2.8,-0.6,0.9,1.6,2.0,2.0,1.4,-0.3,0.3,-0.5,-2.5,-4.3,-5.0,-4.1,-2.2,-4.8,-9.1,-11.1,-9.6,-5.5,-1.1,0.9,-0.3,-2.1,-4.7,-6.6,-7.6,-7.1,-5.8,-3.7,-2.0,-1.1,-0.7,-0.7,-0.9,-3.0,-2.3,-3.2,-5.1,-6.9,-7.6,-6.7,-4.8,660.4,661.2,662.0,662.3,661.9,661.4,660.3,660.0,663.7,661.5,659.8,659.3,660.4,662.2,664.2,662.1,660.0,659.0,659.6,661.4,661.5,661.6,662.0,662.3,662.5,662.4,662.0,661.7,705.6,706.8,708.5,709.5,709.4,708.2,706.6,705.6,705.9,705.2,705.1,706.1,708.6,711.9,715.1,711.7,708.3,705.9,704.8,705.1,707.4,707.9,708.6,709.1,709.2,708.7,708.0,707.4,370.2,31.3,827.8,-0.007,0.093,-0.074
668,0,1656521729.295,0.98,1,-0.087481,0.074531,-0.993374,-0.242970,0.074136,-0.967197,-0.167,0.076,560.8,562.1,565.9,569.8,571.7,570.6,566.6,562.6,555.2,557.9,561.5,565.7,569.8,572.9,575.2,572.9,569.6,565.7,561.8,558.1,564.6,566.3,567.9,568.5,567.7,566.0,564.3,563.7,606.3,607.4,610.6,614.2,616.0,615.0,611.7,607.9,602.9,605.2,608.3,612.1,615.6,618.1,619.7,618.3,616.0,612.9,609.3,605.7,609.6,611.2,612.6,613.1,612.3,610.7,609.3,608.8,231.2,227.2,225.4,226.8,230.7,235.0,236.5,235.1,233.1,231.1,229.7,228.8,229.3,230.7,232.7,234.1,234.7,235.1,235.0,234.5,232.9,233.5,232.7,231.0,229.3,228.7,229.5,231.2,229.2,225.4,223.8,225.1,228.6,232.3,234.0,233.0,231.5,229.3,227.6,226.7,227.2,228.4,230.2,231.6,232.4,232.7,232.7,232.5,230.7,231.3,230.6,228.9,227.4,226.8,227.5,229.2,260.7,262.5,266.9,271.3,273.2,271.7,267.0,262.5,255.9,257.9,261.2,265.5,270.4,274.6,277.9,274.6,270.1,265.5,261.4,258.1,265.2,267.2,269.1,269.9,269.1,267.1,265.2,264.4,331.5,333.3,337.9,342.6,344.7,342.9,338.3,333.3,327.7,330.1,333.6,338.5,343.7,348.3,351.7,348.4,344.1,339.3,334.7,330.6,336.2,338.3,340.3,341.1,340.2,338.1,336.1,335.3,-2.1,-6.5,-8.5,-6.9,-2.7,2.0,3.7,2.1,-0.0,-2.2,-3.8,-4.7,-4.3,-2.7,-0.5,1.0,1.7,2.1,2.0,1.4,-0.3,0.4,-0.5,-2.4,-4.2,-4.9,-4.0,-2.1,-4.7,-9.0,-11.0,-9.5,-5.3,-0.9,1.0,-0.1,-1.9,-4.5,-6.5,-7.5,-7.0,-5.6,-3.5,-1.8,-0.9,-0.5,-0.5,-0.7,-2.8,-2.2,-3.0,-4.9,-6.8,-7.4,-6.6,-4.7,656.4,657.2,658.0,658.3,657.9,657.4,656.3,656.1,659.7,657.5,655.8,655.3,656.4,658.2,660.2,658.1,656.0,655.0,655.6,657.4,657.5,657.6,658.0,658.3,658.5,658.4,658.0,657.7,701.4,702.7,704.3,705.4,705.3,704.0,702.4,701.4,701.8,701.1,700.9,701.9,704.4,707.7,711.0,707.5,704.1,701.7,700.7,701.0,703.2,703.7,704.4,705.0,705.0,704.5,703.8,703.3,369.8,31.3,827.1,-0.010,0.097,-0.074
669,0,1656521729.329,0.98,1,-0.084595,0.079092,-0.993271,-0.243687,0.079230,-0.966612,-0.166,0.081,560.9,562.2,565.9,569.9,571.7,570.6,566.6,562.7,555.3,558.0,561.6,565.8,569.8,573.0,575.2,572.9,569.6,565.8,561.8,558.2,564.6,566.4,568.0,568.6,567.8,566.0,564.4,563.8,606.4,607.4,610.6,614.1,616.0,615.0,611.7,607.9,602.9,605.2,608.3,612.1,615.5,618.0,619.6,618.2,615.9,612.9,609.3,605.7,609.6,611.2,612.6,613.0,612.3,610.7,609.3,608.8,231.1,227.1,225.3,226.8,230.6,234.9,236.4,235.0,233.0,231.0,229.5,228.7,229.2,230.6,232.7,234.0,234.6,235.0,234.9,234.4,232.8,233.4,232.6,230.9,229.2,228.6,229.4,231.1,229.0,225.3,223.7,225.0,228.5,232.2,233.9,232.9,231.4,229.2,227.4,226.6,227.1,228.2,230.0,231.4,232.2,232.6,232.6,232.4,230.6,231.2,230.4,228.8,227.2,226.7,227.4,229.0,261.6,263.4,267.8,272.2,274.1,272.6,267.8,263.4,256.7,258.8,262.1,266.5,271.4,275.6,278.8,275.5,271.0,266.4,262.3,259.0,266.1,268.0,270.0,270.8,270.0,268.0,266.1,265.3,333.6,335.3,339.9,344.6,346.7,344.9,340.3,335.4,329.7,332.1,335.6,340.5,345.7,350.3,353.8,350.4,346.1,341.4,336.7,332.6,338.3,340.3,342.3,343.1,342.2,340.1,338.1,337.4,-2.2,-6.6,-8.6,-7.0,-2.8,1.9,3.6,2.0,-0.2,-2.4,-4.0,-4.8,-4.4,-2.8,-0.5,1.0,1.6,2.0,1.9,1.3,-0.4,0.3,-0.6,-2.5,-4.3,-5.0,-4.2,-2.2,-4.8,-9.2,-11.2,-9.7,-5.5,-1.2,0.8,-0.3,-2.1,-4.7,-6.7,-7.7,-7.2,-5.9,-3.7,-2.0,-1.1,-0.7,-0.7,-0.9,-3.0,-2.4,-3.2,-5.1,-7.0,-7.6,-6.7,-4.8,658.4,659.2,660.0,660.4,660.0,659.4,658.3,658.0,661.7,659.5,657.8,657.3,658.4,660.3,662.3,660.1,658.0,657.0,657.6,659.3,659.5,659.6,660.0,660.4,660.5,660.4,660.0,659.7,705.7,706.9,708.5,709.6,709.5,708.3,706.6,705.7,706.0,705.3,705.2,706.1,708.6,711.9,715.1,711.7,708.4,706.0,704.9,705.2,707.5,707.9,708.6,709.2,709.2,708.8,708.0,707.5,371.0,31.2,829.8,-0.000,0.095,-0.075
670,0,1656521729.362,0.98,1,-0.082552,0.082982,-0.993126,-0.239478,0.083348,-0.967318,-0.163,0.085,560.9,562.3,566.0,569.9,571.8,570.7,566.7,562.8,555.3,558.0,561.7,565.8,569.9,573.0,575.2,573.0,569.7,565.9,561.9,558.2,564.7,566.4,568.0,568.6,567.8,566.1,564.5,563.9,606.4,607.5,610.7,614.2,616.0,615.0,611.8,608.0,603.0,605.3,608.4,612.2,615.6,618.1,619.6,618.3,616.0,613.0,609.4,605.8,609.7,611.3,612.7,613.1,612.3,610.8,609.4,608.9,231.2,227.2,225.4,226.9,230.7,235.0,236.5,235.1,233.1,231.1,229.7,228.8,229.3,230.7,232.7,234.1,234.7,235.1,235.0,234.4,232.9,233.5,232.7,231.0,229.3,228.7,229.5,231.2,229.2,225.5,223.8,225.1,228.6,232.3,234.0,233.0,231.5,229.3,227.6,226.8,227.2,228.3,230.1,231.6,232.3,232.7,232.7,232.5,230.7,231.3,230.5,228.9,227.4,226.8,227.5,229.2,262.3,264.1,268.5,272.9,274.8,273.4,268.6,264.1,257.4,259.5,262.8,267.2,272.1,276.3,279.5,276.2,271.7,267.1,263.0,259.7,266.8,268.8,270.7,271.5,270.7,268.7,266.8,266.0,334.2,335.9,340.5,345.2,347.3,345.5,340.9,336.0,330.3,332.7,336.2,341.1,346.3,350.9,354.4,351.0,346.7,342.0,337.3,333.2,338.9,340.9,342.9,343.7,342.8,340.7,338.7,338.0,-2.1,-6.5,-8.5,-6.9,-2.7,2.0,3.7,2.1,-0.1,-2.3,-3.8,-4.7,-4.2,-2.7,-0.5,1.1,1.7,2.1,2.0,1.4,-0.3,0.4,-0.5,-2.4,-4.2,-4.9,-4.1,-2.1,-4.7,-9.0,-11.0,-9.5,-5.3,-1.0,1.0,-0.2,-2.0,-4.6,-6.5,-7.5,-7.0,-5.7,-3.6,-1.9,-1.0,-0.5,-0.5,-0.8,-2.9,-2.2,-3.1,-5.0,-6.8,-7.5,-6.6,-4.7,660.0,660.8,661.6,662.0,661.6,661.1,660.0,659.7,663.3,661.1,659.4,658.9,660.0,661.9,663.9,661.8,659.7,658.7,659.2,661.0,661.1,661.3,661.6,662.0,662.1,662.0,661.7,661.3,706.7,707.9,709.5,710.6,710.6,709.4,707.8,706.8,707.1,706.4,706.2,707.2,709.7,713.0,716.3,712.8,709.5,707.1,706.0,706.3,708.6,709.0,709.7,710.3,710.3,709.8,709.1,708.6,370.5,31.1,828.7,0.001,0.091,-0.074
671,0,1656521729.396,0.98,1,-0.085926,0.081837,-0.992935,-0.243567,0.082674,-0.966354,-0.167,0.084,560.8,562.1,565.9,569.8,571.6,570.6,566.6,562.6,555.2,557.9,561.5,565.7,569.7,572.9,575.1,572.9,569.6,565.7,561.8,558.1,564.6,566.3,567.9,568.5,567.7,566.0,564.3,563.8,606.3,607.3,610.6,614.1,615.9,614.9,611.7,607.8,602.9,605.2,608.3,612.1,615.5,618.0,619.6,618.2,615.9,612.8,609.3,605.7,609.6,611.2,612.6,613.0,612.2,610.7,609.2,608.8,231.1,227.1,225.3,226.7,230.6,234.9,236.4,235.0,233.0,231.0,229.6,228.7,229.2,230.6,232.6,234.0,234.6,235.0,234.9,234.4,232.8,233.4,232.6,230.9,229.2,228.6,229.4,231.1,229.0,225.3,223.6,224.9,228.4,232.1,233.8,232.8,231.3,229.1,227.4,226.6,227.0,228.1,229.9,231.3,232.1,232.5,232.5,232.3,230.5,231.1,230.3,228.7,227.2,226.6,227.3,229.0,262.0,263.8,268.2,272.6,274.5,273.1,268.3,263.9,257.1,259.2,262.5,266.9,271.8,276.0,279.2,275.9,271.4,266.8,262.7,259.4,266.5,268.5,270.4,271.2,270.4,268.4,266.5,265.7,334.0,335.7,340.3,345.0,347.1,345.3,340.7,335.8,330.1,332.5,336.0,340.9,346.1,350.7,354.2,350.8,346.5,341.7,337.1,333.0,338.7,340.7,342.7,343.5,342.6,340.5,338.5,337.7,-2.2,-6.6,-8.6,-7.0,-2.8,1.9,3.6,2.0,-0.2,-2.3,-3.9,-4.8,-4.4,-2.8,-0.6,0.9,1.5,2.0,1.9,1.3,-0.4,0.3,-0.6,-2.5,-4.4,-5.0,-4.2,-2.2,-4.9,-9.3,-11.3,-9.8,-5.6,-1.2,0.8,-0.4,-2.2,-4.8,-6.8,-7.7,-7.2,-5.9,-3.8,-2.1,-1.2,-0.8,-0.8,-1.0,-3.1,-2.5,-3.3,-5.2,-7.1,-7.7,-6.8,-4.9,659.7,660.5,661.3,661.6,661.2,660.7,659.6,659.3,662.9,660.7,659.0,658.5,659.6,661.5,663.5,661.4,659.2,658.3,658.8,660.6,660.8,660.9,661.2,661.6,661.7,661.6,661.3,660.9,706.6,707.8,709.4,710.5,710.4,709.2,707.6,706.6,707.0,706.3,706.1,707.0,709.5,712.8,716.0,712.6,709.3,706.9,705.9,706.2,708.4,708.9,709.6,710.1,710.1,709.7,709.0,708.4,370.6,31.1,829.0,0.002,0.095,-0.076
672,0,1656521729.429,0.98,1,-0.087964,0.081113,-0.992816,-0.241528,0.081188,-0.966992,-0.167,0.083,560.9,562.3,566.0,570.0,571.8,570.7,566.7,562.8,555.4,558.0,561.7,565.8,569.9,573.1,575.3,573.0,569.7,565.9,561.9,558.2,564.7,566.4,568.1,568.7,567.9,566.1,564.5,563.9,606.6,607.6,610.8,614.4,616.2,615.2,611.9,608.1,603.1,605.4,608.6,612.4,615.8,618.2,619.8,618.4,616.1,613.1,609.5,605.9,609.8,611.4,612.8,613.3,612.5,610.9,609.5,609.0,231.2,227.2,225.4,226.8,230.7,235.0,236.5,235.1,233.1,231.1,229.7,228.8,229.3,230.7,232.7,234.1,234.7,235.1,235.0,234.4,232.9,233.5,232.7,231.0,229.3,228.7,229.4,231.2,229.1,225.4,223.7,225.0,228.6,232.3,234.0,233.0,231.5,229.2,227.6,226.7,227.2,228.3,230.1,231.5,232.3,232.7,232.7,232.5,230.7,231.3,230.5,228.9,227.3,226.8,227.5,229.1,261.6,263.4,267.8,272.3,274.1,272.7,267.9,263.5,256.9,258.9,262.2,266.5,271.4,275.6,278.9,275.5,271.0,266.5,262.4,259.1,266.2,268.1,270.1,270.9,270.0,268.1,266.2,265.4,332.6,334.3,338.9,343.6,345.7,343.9,339.4,334.4,328.7,331.1,334.7,339.6,344.8,349.3,352.8,349.5,345.1,340.4,335.7,331.6,337.3,339.3,341.3,342.1,341.2,339.2,337.2,336.4,-2.1,-6.5,-8.5,-6.9,-2.7,2.0,3.7,2.1,-0.1,-2.3,-3.8,-4.7,-4.3,-2.7,-0.5,1.0,1.7,2.1,2.0,1.4,-0.3,0.4,-0.5,-2.4,-4.2,-4.9,-4.1,-2.1,-4.7,-9.1,-11.1,-9.5,-5.4,-1.0,1.0,-0.2,-2.0,-4.6,-6.5,-7.5,-7.0,-5.7,-3.6,-1.9,-1.0,-0.6,-0.6,-0.8,-2.9,-2.2,-3.1,-5.0,-6.8,-7.5,-6.6,-4.7,658.5,659.3,660.0,660.3,659.9,659.4,658.4,658.1,661.8,659.6,657.8,657.3,658.4,660.2,662.2,660.1,658.0,657.1,657.6,659.4,659.5,659.7,660.0,660.3,660.5,660.4,660.0,659.7,703.1,704.3,706.0,707.1,707.0,705.8,704.2,703.2,703.5,702.8,702.6,703.6,706.1,709.4,712.7,709.2,705.9,703.5,702.4,702.7,704.9,705.4,706.1,706.7,706.7,706.2,705.5,705.0,370.7,31.2,828.6,-0.001,0.096,-0.075
673,0,1656521729.463,0.98,1,-0.084907,0.082571,-0.992962,-0.240849,0.082174,-0.967078,-0.165,0.084,561.0,562.4,566.1,570.0,571.8,570.7,566.8,562.9,555.5,558.2,561.8,565.9,569.9,573.1,575.3,573.0,569.7,565.9,562.0,558.3,564.8,566.5,568.1,568.7,567.9,566.2,564.6,564.0,606.5,607.5,610.7,614.3,616.0,615.0,611.8,608.0,603.0,605.3,608.5,612.2,615.6,618.1,619.6,618.3,616.0,613.0,609.4,605.8,609.7,611.3,612.7,613.1,612.4,610.8,609.4,608.9,231.1,227.2,225.4,226.8,230.7,234.9,236.4,235.0,233.0,231.0,229.6,228.8,229.2,230.6,232.7,234.0,234.6,235.0,234.9,234.3,232.8,233.4,232.7,230.9,229.2,228.6,229.4,231.1,229.2,225.5,223.8,225.1,228.7,232.4,234.0,233.0,231.5,229.3,227.6,226.8,227.3,228.4,230.2,231.6,232.4,232.7,232.7,232.5,230.7,231.3,230.6,229.0,227.4,226.8,227.6,229.2,263.5,265.3,269.7,274.2,276.0,274.6,269.8,265.4,258.7,260.8,264.1,268.4,273.3,277.5,280.8,277.4,272.9,268.4,264.3,260.9,268.1,270.0,272.0,272.8,271.9,270.0,268.1,267.3,335.4,337.2,341.8,346.5,348.5,346.7,342.2,337.2,331.5,333.9,337.5,342.4,347.6,352.1,355.6,352.3,347.9,343.2,338.5,334.4,340.1,342.2,344.2,344.9,344.0,342.0,340.0,339.2,-2.2,-6.6,-8.6,-7.0,-2.8,2.0,3.6,2.0,-0.2,-2.4,-3.9,-4.8,-4.3,-2.8,-0.5,1.0,1.6,2.0,1.9,1.3,-0.4,0.3,-0.5,-2.5,-4.3,-5.0,-4.2,-2.2,-4.7,-9.0,-11.0,-9.5,-5.3,-1.0,1.0,-0.2,-2.0,-4.6,-6.5,-7.5,-6.9,-5.6,-3.5,-1.9,-1.0,-0.5,-0.5,-0.8,-2.9,-2.2,-3.1,-5.0,-6.8,-7.5,-6.6,-4.7,662.9,663.7,664.5,664.8,664.5,663.9,662.9,662.5,666.2,664.0,662.2,661.8,662.9,664.8,666.8,664.6,662.5,661.5,662.1,663.8,664.0,664.1,664.5,664.8,665.0,664.9,664.5,664.2,709.3,710.5,712.1,713.2,713.1,711.9,710.3,709.3,709.6,708.9,708.8,709.7,712.2,715.5,718.8,715.4,712.0,709.6,708.6,708.9,711.1,711.6,712.3,712.8,712.8,712.4,711.7,711.1,370.6,31.2,828.8,-0.001,0.095,-0.074
674,0,1656521729.496,0.98,1,-0.086150,0.076895,-0.993310,-0.241691,0.076888,-0.967302,-0.166,0.078,561.0,562.4,566.1,570.0,571.9,570.8,566.8,562.9,555.4,558.1,561.8,565.9,570.0,573.1,575.3,573.1,569.8,566.0,562.0,558.3,564.8,566.5,568.1,568.7,567.9,566.2,564.6,564.0,606.5,607.5,610.7,614.3,616.1,615.1,611.9,608.0,603.0,605.3,608.5,612.3,615.7,618.1,619.7,618.4,616.1,613.0,609.5,605.8,609.8,611.3,612.7,613.2,612.4,610.8,609.4,609.0,231.2,227.2,225.3,226.8,230.6,234.9,236.5,235.0,233.1,231.0,229.6,228.7,229.2,230.6,232.7,234.1,234.6,235.0,235.0,234.4,232.8,233.5,232.7,230.9,229.2,228.6,229.4,231.1,229.1,225.3,223.7,225.0,228.5,232.2,233.9,232.9,231.4,229.2,227.4,226.6,227.0,228.2,230.0,231.5,232.2,232.6,232.6,232.4,230.6,231.2,230.4,228.8,227.3,226.7,227.4,229.0,261.7,263.5,267.9,272.3,274.2,272.8,268.0,263.6,256.9,259.0,262.2,266.6,271.5,275.7,278.9,275.6,271.1,266.5,262.4,259.1,266.3,268.2,270.1,270.9,270.1,268.2,266.2,265.4,332.9,334.6,339.2,343.9,345.9,344.2,339.6,334.7,329.0,331.3,334.9,339.8,345.0,349.6,353.0,349.7,345.4,340.7,336.0,331.9,337.5,339.6,341.6,342.4,341.5,339.4,337.4,336.6,-2.2,-6.6,-8.6,-7.0,-2.8,2.0,3.6,2.0,-0.1,-2.3,-3.9,-4.8,-4.4,-2.8,-0.5,1.0,1.6,2.0,2.0,1.4,-0.4,0.3,-0.5,-2.5,-4.3,-5.0,-4.1,-2.2,-4.8,-9.1,-11.2,-9.6,-5.5,-1.1,0.9,-0.3,-2.0,-4.7,-6.7,-7.7,-7.2,-5.8,-3.7,-2.0,-1.1,-0.6,-0.6,-0.8,-3.0,-2.3,-3.2,-5.1,-6.9,-7.6,-6.7,-4.8,658.3,659.2,660.0,660.3,659.9,659.3,658.3,658.0,661.6,659.5,657.7,657.2,658.3,660.2,662.2,660.0,657.9,657.0,657.5,659.3,659.4,659.6,659.9,660.3,660.4,660.3,660.0,659.6,703.8,705.1,706.7,707.8,707.7,706.5,704.8,703.9,704.2,703.5,703.3,704.3,706.8,710.1,713.4,709.9,706.6,704.2,703.1,703.4,705.6,706.1,706.8,707.4,707.4,706.9,706.2,705.7,370.5,31.1,828.2,-0.002,0.095,-0.076
675,0,1656521729.529,0.98,1,-0.086318,0.083681,-0.992747,-0.243131,0.083620,-0.966383,-0.167,0.085,561.0,562.3,566.0,570.0,571.8,570.7,566.8,562.8,555.4,558.1,561.7,565.9,569.9,573.1,575.3,573.0,569.7,565.9,562.0,558.3,564.7,566.5,568.1,568.7,567.9,566.2,564.5,563.9,606.5,607.5,610.7,614.2,616.1,615.1,611.8,608.0,603.0,605.3,608.4,612.2,615.6,618.1,619.7,618.3,616.0,613.0,609.4,605.8,609.7,611.3,612.7,613.1,612.4,610.8,609.4,609.0,231.2,227.2,225.4,226.9,230.7,235.0,236.5,235.1,233.1,231.1,229.7,228.8,229.3,230.7,232.7,234.1,234.7,235.1,235.0,234.5,232.9,233.5,232.7,231.0,229.3,228.7,229.5,231.2,229.0,225.3,223.6,224.9,228.4,232.1,233.8,232.8,231.3,229.1,227.4,226.6,227.0,228.1,229.9,231.3,232.1,232.5,232.5,232.3,230.5,231.1,230.3,228.7,227.2,226.6,227.3,229.0,262.6,264.4,268.8,273.2,275.1,273.7,268.9,264.5,257.8,259.9,263.2,267.5,272.4,276.6,279.9,276.5,272.0,267.5,263.4,260.1,267.2,269.1,271.1,271.8,271.0,269.1,267.1,266.4,334.3,336.1,340.6,345.3,347.4,345.7,341.1,336.1,330.5,332.8,336.4,341.3,346.5,351.0,354.5,351.2,346.9,342.1,337.5,333.4,339.0,341.1,343.1,343.9,342.9,340.9,338.9,338.1,-2.1,-6.5,-8.5,-6.9,-2.7,2.0,3.7,2.1,-0.1,-2.3,-3.8,-4.7,-4.3,-2.7,-0.5,1.0,1.7,2.1,2.0,1.4,-0.3,0.4,-0.5,-2.4,-4.2,-4.9,-4.1,-2.1,-4.9,-9.3,-11.3,-9.8,-5.6,-1.2,0.8,-0.4,-2.1,-4.8,-6.8,-7.8,-7.3,-6.0,-3.9,-2.2,-1.2,-0.8,-0.7,-1.0,-3.1,-2.5,-3.3,-5.2,-7.1,-7.7,-6.8,-4.9,660.8,661.6,662.3,662.7,662.3,661.8,660.7,660.4,664.0,661.9,660.1,659.6,660.7,662.6,664.6,662.5,660.4,659.4,659.9,661.7,661.9,662.0,662.3,662.7,662.8,662.7,662.4,662.0,707.0,708.2,709.8,710.9,710.8,709.6,708.0,707.1,707.4,706.7,706.5,707.4,709.9,713.2,716.5,713.1,709.7,707.3,706.3,706.6,708.8,709.3,710.0,710.5,710.5,710.1,709.4,708.8,371.5,31.1,830.4,0.005,0.097,-0.080
676,0,1656521729.562,0.98,1,-0.088799,0.081696,-0.992694,-0.243891,0.081735,-0.966352,-0.168,0.083,561.0,562.3,566.1,570.0,571.8,570.8,566.8,562.8,555.4,558.1,561.7,565.9,570.0,573.1,575.3,573.1,569.8,565.9,562.0,558.3,564.8,566.5,568.1,568.7,567.9,566.2,564.5,564.0,606.4,607.4,610.6,614.2,616.0,615.0,611.8,607.9,602.9,605.2,608.4,612.2,615.6,618.1,619.6,618.3,616.0,612.9,609.4,605.7,609.7,611.2,612.6,613.1,612.3,610.7,609.3,608.9,231.3,227.3,225.4,226.9,230.7,235.0,236.5,235.1,233.1,231.1,229.7,228.8,229.3,230.7,232.8,234.2,234.7,235.1,235.1,234.5,232.9,233.6,232.8,231.0,229.3,228.7,229.5,231.2,229.1,225.4,223.7,225.0,228.5,232.2,233.9,232.9,231.5,229.2,227.5,226.6,227.1,228.2,230.0,231.5,232.3,232.7,232.7,232.5,230.6,231.2,230.5,228.8,227.3,226.7,227.5,229.1,261.9,263.7,268.1,272.5,274.4,273.0,268.2,263.8,257.1,259.2,262.4,266.8,271.7,275.9,279.1,275.8,271.3,266.7,262.6,259.3,266.4,268.4,270.3,271.1,270.3,268.3,266.4,265.6,333.0,334.7,339.3,344.0,346.1,344.3,339.7,334.8,329.1,331.5,335.0,339.9,345.1,349.7,353.1,349.8,345.5,340.8,336.1,332.0,337.7,339.7,341.7,342.5,341.6,339.5,337.5,336.8,-2.1,-6.5,-8.5,-6.9,-2.7,2.1,3.7,2.1,-0.0,-2.2,-3.8,-4.7,-4.3,-2.7,-0.4,1.1,1.7,2.2,2.1,1.5,-0.3,0.4,-0.4,-2.4,-4.2,-4.9,-4.0,-2.1,-4.8,-9.1,-11.1,-9.6,-5.4,-1.1,0.9,-0.3,-2.0,-4.6,-6.6,-7.6,-7.1,-5.8,-3.7,-2.0,-1.1,-0.6,-0.6,-0.8,-3.0,-2.3,-3.2,-5.1,-6.9,-7.6,-6.7,-4.8,658.9,659.7,660.5,660.8,660.4,659.9,658.8,658.5,662.2,660.0,658.2,657.7,658.8,660.7,662.7,660.6,658.5,657.5,658.1,659.9,660.0,660.1,660.4,660.8,660.9,660.8,660.5,660.1,704.3,705.5,707.1,708.2,708.1,707.0,705.3,704.4,704.7,704.0,703.8,704.8,707.3,710.6,713.8,710.4,707.1,704.7,703.6,703.9,706.1,706.6,707.3,707.8,707.9,707.4,706.7,706.2,371.2,31.2,829.6,0.004,0.100,-0.080
677,0,1656521729.596,0.98,1,-0.084052,0.082573,-0.993034,-0.242004,0.082996,-0.966719,-0.165,0.084,560.9,562.2,566.0,569.9,571.7,570.7,566.7,562.7,555.3,558.0,561.6,565.8,569.9,573.0,575.2,573.0,569.7,565.8,561.9,558.2,564.6,566.4,568.0,568.6,567.8,566.1,564.4,563.8,606.5,607.5,610.8,614.3,616.2,615.1,611.9,608.1,603.1,605.4,608.5,612.3,615.7,618.2,619.8,618.4,616.1,613.1,609.5,605.9,609.8,611.4,612.8,613.2,612.4,610.9,609.5,609.0,231.2,227.2,225.4,226.8,230.7,235.0,236.5,235.0,233.1,231.1,229.6,228.8,229.2,230.6,232.7,234.1,234.7,235.0,235.0,234.4,232.9,233.5,232.7,230.9,229.3,228.6,229.4,231.2,229.0,225.3,223.6,225.0,228.5,232.2,233.9,232.9,231.4,229.2,227.5,226.6,227.1,228.2,230.0,231.4,232.2,232.6,232.6,232.4,230.6,231.2,230.4,228.8,227.2,226.7,227.4,229.0,261.4,263.2,267.6,272.1,273.9,272.5,267.7,263.3,256.6,258.7,262.0,266.3,271.2,275.4,278.7,275.3,270.8,266.3,262.2,258.8,266.0,267.9,269.9,270.6,269.8,267.9,265.9,265.2,333.3,335.0,339.6,344.3,346.4,344.6,340.0,335.1,329.4,331.8,335.4,340.2,345.5,350.0,353.5,350.2,345.8,341.1,336.4,332.3,338.0,340.0,342.0,342.8,341.9,339.8,337.8,337.1,-2.2,-6.5,-8.5,-7.0,-2.7,2.0,3.6,2.1,-0.1,-2.3,-3.9,-4.8,-4.3,-2.8,-0.5,1.0,1.6,2.1,2.0,1.4,-0.3,0.4,-0.5,-2.4,-4.3,-5.0,-4.1,-2.2,-4.8,-9.2,-11.2,-9.7,-5.5,-1.1,0.9,-0.3,-2.1,-4.7,-6.7,-7.6,-7.1,-5.8,-3.7,-2.0,-1.1,-0.7,-0.7,-0.9,-3.0,-2.3,-3.2,-5.1,-7.0,-7.6,-6.7,-4.8,658.0,658.8,659.6,660.0,659.6,659.1,658.0,657.7,661.3,659.1,657.4,656.9,658.0,659.9,661.9,659.8,657.6,656.7,657.2,658.9,659.1,659.3,659.6,660.0,660.1,660.0,659.6,659.3,704.6,705.8,707.4,708.5,708.4,707.3,705.6,704.7,705.0,704.3,704.1,705.1,707.6,710.9,714.1,710.7,707.4,705.0,703.9,704.2,706.4,706.9,707.6,708.1,708.2,707.7,707.0,706.5,370.1,31.1,827.7,0.003,0.094,-0.074
678,0,1656521729.629,0.98,1,-0.086551,0.081642,-0.992896,-0.242578,0.081685,-0.966687,-0.166,0.083,560.9,562.3,566.0,569.9,571.8,570.7,566.7,562.8,555.3,558.0,561.7,565.8,569.9,573.0,575.2,573.0,569.7,565.9,561.9,558.2,564.7,566.4,568.0,568.6,567.8,566.1,564.5,563.9,606.5,607.5,610.8,614.3,616.1,615.1,611.9,608.1,603.1,605.4,608.5,612.3,615.7,618.2,619.8,618.4,616.1,613.1,609.5,605.9,609.8,611.4,612.8,613.2,612.4,610.9,609.4,609.0,231.2,227.2,225.4,226.8,230.6,235.0,236.5,235.0,233.0,231.0,229.6,228.8,229.2,230.6,232.7,234.1,234.6,235.0,235.0,234.4,232.8,233.5,232.7,230.9,229.2,228.6,229.4,231.2,229.0,225.3,223.6,224.9,228.5,232.2,233.9,232.9,231.4,229.1,227.4,226.6,227.0,228.2,230.0,231.4,232.2,232.6,232.6,232.4,230.6,231.1,230.4,228.8,227.2,226.7,227.4,229.0,261.8,263.6,268.0,272.5,274.3,272.9,268.1,263.7,257.0,259.1,262.4,266.7,271.6,275.8,279.1,275.7,271.2,266.7,262.6,259.3,266.4,268.3,270.2,271.0,270.2,268.3,266.4,265.6,333.2,334.9,339.5,344.2,346.3,344.5,340.0,335.0,329.3,331.7,335.3,340.2,345.4,349.9,353.4,350.1,345.7,341.0,336.3,332.2,337.9,339.9,341.9,342.7,341.8,339.7,337.8,337.0,-2.2,-6.6,-8.6,-7.0,-2.8,2.0,3.6,2.0,-0.1,-2.3,-3.9,-4.8,-4.3,-2.8,-0.5,1.0,1.6,2.0,2.0,1.4,-0.4,0.3,-0.5,-2.5,-4.3,-5.0,-4.1,-2.2,-4.8,-9.2,-11.2,-9.7,-5.5,-1.2,0.8,-0.3,-2.1,-4.7,-6.7,-7.7,-7.2,-5.9,-3.8,-2.1,-1.1,-0.7,-0.7,-0.9,-3.0,-2.4,-3.2,-5.1,-7.0,-7.6,-6.8,-4.8,658.9,659.7,660.5,660.8,660.5,659.9,658.8,658.6,662.2,660.0,658.3,657.8,658.9,660.8,662.7,660.6,658.5,657.5,658.1,659.9,660.0,660.1,660.5,660.8,661.0,660.9,660.5,660.2,704.5,705.7,707.3,708.4,708.3,707.1,705.5,704.5,704.8,704.1,704.0,704.9,707.4,710.8,714.0,710.6,707.2,704.8,703.8,704.0,706.3,706.8,707.5,708.0,708.0,707.6,706.9,706.3,370.5,31.2,828.4,0.003,0.094,-0.074
679,0,1656521729.662,0.98,1,-0.084512,0.081949,-0.993047,-0.242421,0.082080,-0.966693,-0.165,0.084,561.0,562.3,566.1,570.0,571.8,570.8,566.8,562.8,555.4,558.1,561.7,565.9,570.0,573.1,575.3,573.1,569.8,565.9,562.0,558.3,564.8,566.5,568.1,568.7,567.9,566.2,564.5,564.0,606.5,607.5,610.7,614.3,616.1,615.1,611.9,608.0,603.0,605.3,608.5,612.2,615.7,618.1,619.7,618.4,616.1,613.0,609.4,605.8,609.8,611.3,612.7,613.2,612.4,610.8,609.4,609.0,231.3,227.3,225.5,227.0,230.8,235.2,236.7,235.2,233.2,231.2,229.8,229.0,229.4,230.8,232.9,234.3,234.8,235.2,235.1,234.6,233.0,233.7,232.9,231.1,229.4,228.8,229.6,231.3,229.2,225.5,223.8,225.1,228.7,232.4,234.1,233.1,231.6,229.3,227.6,226.8,227.3,228.4,230.2,231.6,232.4,232.8,232.8,232.6,230.8,231.4,230.6,229.0,227.4,226.9,227.6,229.2,261.7,263.5,267.9,272.3,274.2,272.8,268.0,263.5,256.8,258.9,262.2,266.6,271.5,275.7,278.9,275.6,271.1,266.5,262.4,259.1,266.2,268.2,270.1,270.9,270.1,268.1,266.2,265.4,333.4,335.2,339.7,344.4,346.5,344.7,340.2,335.2,329.6,331.9,335.5,340.4,345.6,350.1,353.6,350.3,345.9,341.2,336.5,332.4,338.1,340.2,342.2,342.9,342.0,340.0,338.0,337.2,-2.0,-6.4,-8.4,-6.8,-2.5,2.2,3.8,2.2,0.1,-2.1,-3.7,-4.6,-4.1,-2.6,-0.3,1.2,1.8,2.2,2.2,1.6,-0.1,0.6,-0.3,-2.2,-4.1,-4.8,-3.9,-2.0,-4.6,-8.9,-11.0,-9.4,-5.3,-0.9,1.1,-0.1,-1.8,-4.5,-6.4,-7.4,-6.9,-5.6,-3.5,-1.8,-0.9,-0.4,-0.4,-0.6,-2.8,-2.1,-3.0,-4.9,-6.7,-7.4,-6.5,-4.6,658.4,659.2,660.0,660.3,660.0,659.4,658.3,658.0,661.6,659.5,657.7,657.3,658.4,660.3,662.3,660.1,658.0,657.0,657.5,659.3,659.5,659.6,660.0,660.3,660.5,660.4,660.0,659.6,705.0,706.3,707.9,709.0,708.9,707.7,706.0,705.1,705.4,704.7,704.5,705.5,708.0,711.3,714.6,711.1,707.8,705.4,704.3,704.6,706.9,707.3,708.0,708.6,708.6,708.1,707.4,706.9,370.7,31.3,829.0,0.003,0.094,-0.074
680,0,1656521729.696,0.98,1,-0.083303,0.084618,-0.992925,-0.239514,0.084696,-0.967192,-0.163,0.086,561.0,562.3,566.0,570.0,571.8,570.7,566.8,562.8,555.5,558.1,561.7,565.9,569.9,573.0,575.2,573.0,569.7,565.9,562.0,558.3,564.8,566.5,568.1,568.7,567.9,566.2,564.5,564.0,606.4,607.4,610.6,614.2,616.0,615.0,611.8,607.9,603.0,605.3,608.4,612.2,615.6,618.0,619.6,618.2,616.0,612.9,609.4,605.8,609.7,611.2,612.6,613.1,612.3,610.7,609.3,608.9,231.4,227.4,225.6,227.0,230.9,235.1,236.6,235.2,233.2,231.3,229.8,229.0,229.4,230.8,232.9,234.2,234.8,235.2,235.1,234.6,233.0,233.7,232.9,231.1,229.5,228.8,229.6,231.4,229.2,225.5,223.8,225.1,228.6,232.3,234.0,233.0,231.5,229.3,227.6,226.8,227.2,228.3,230.1,231.5,232.3,232.7,232.7,232.5,230.7,231.3,230.5,228.9,227.4,226.8,227.5,229.2,263.7,265.5,269.9,274.4,276.3,274.9,270.1,265.6,258.9,261.0,264.3,268.6,273.5,277.7,281.0,277.7,273.2,268.6,264.5,261.2,268.3,270.2,272.2,273.0,272.1,270.2,268.3,267.5,335.0,336.7,341.3,346.0,348.1,346.4,341.8,336.8,331.1,333.5,337.1,342.0,347.2,351.7,355.2,351.9,347.5,342.8,338.1,334.0,339.7,341.8,343.8,344.5,343.6,341.6,339.6,338.8,-2.0,-6.4,-8.3,-6.8,-2.5,2.2,3.8,2.3,0.1,-2.1,-3.7,-4.6,-4.1,-2.6,-0.3,1.2,1.8,2.2,2.2,1.6,-0.1,0.6,-0.3,-2.2,-4.1,-4.8,-3.9,-2.0,-4.7,-9.0,-11.1,-9.5,-5.4,-1.0,1.0,-0.2,-2.0,-4.5,-6.5,-7.5,-7.0,-5.7,-3.6,-1.9,-1.0,-0.6,-0.6,-0.8,-2.9,-2.2,-3.1,-5.0,-6.8,-7.5,-6.6,-4.7,663.5,664.3,665.1,665.4,665.1,664.6,663.5,663.1,666.7,664.6,662.8,662.4,663.5,665.4,667.4,665.3,663.1,662.1,662.7,664.4,664.6,664.7,665.1,665.5,665.6,665.5,665.1,664.8,708.5,709.7,711.3,712.4,712.4,711.2,709.6,708.6,708.9,708.2,708.0,709.0,711.5,714.8,718.1,714.6,711.3,708.9,707.8,708.1,710.4,710.8,711.5,712.1,712.1,711.6,710.9,710.4,370.1,31.2,827.5,0.003,0.093,-0.077
681,0,1656521729.729,0.98,1,-0.084409,0.083941,-0.992889,-0.243168,0.084286,-0.966315,-0.166,0.086,561.0,562.4,566.1,570.0,571.9,570.8,566.8,562.9,555.4,558.1,561.8,565.9,570.0,573.1,575.3,573.1,569.8,566.0,562.0,558.3,564.8,566.5,568.1,568.7,567.9,566.2,564.6,564.0,606.6,607.6,610.9,614.4,616.2,615.2,612.0,608.1,603.2,605.5,608.6,612.4,615.8,618.3,619.9,618.5,616.2,613.1,609.6,606.0,609.9,611.4,612.9,613.3,612.5,611.0,609.5,609.1,231.3,227.3,225.5,227.0,230.8,235.1,236.6,235.2,233.2,231.2,229.7,228.9,229.4,230.8,232.9,234.2,234.8,235.2,235.1,234.5,233.0,233.6,232.8,231.1,229.4,228.8,229.5,231.3,229.2,225.6,223.9,225.2,228.7,232.4,234.1,233.1,231.6,229.4,227.7,226.8,227.3,228.4,230.2,231.6,232.4,232.8,232.8,232.6,230.8,231.4,230.6,229.0,227.5,226.9,227.6,229.2,262.0,263.8,268.2,272.6,274.5,273.1,268.2,263.8,257.1,259.2,262.5,266.9,271.8,276.0,279.2,275.9,271.4,266.8,262.7,259.4,266.5,268.5,270.4,271.2,270.4,268.4,266.5,265.7,334.3,336.0,340.6,345.3,347.4,345.6,341.0,336.1,330.4,332.8,336.3,341.2,346.4,351.0,354.5,351.1,346.8,342.0,337.4,333.3,339.0,341.0,343.0,343.8,342.9,340.8,338.8,338.1,-2.0,-6.4,-8.4,-6.8,-2.6,2.1,3.8,2.2,-0.0,-2.2,-3.7,-4.6,-4.1,-2.6,-0.3,1.2,1.8,2.2,2.1,1.5,-0.2,0.5,-0.4,-2.3,-4.1,-4.8,-4.0,-2.0,-4.6,-8.9,-11.0,-9.4,-5.3,-0.9,1.1,-0.1,-1.9,-4.5,-6.4,-7.4,-6.9,-5.6,-3.5,-1.8,-0.9,-0.4,-0.4,-0.7,-2.8,-2.1,-3.0,-4.9,-6.7,-7.4,-6.5,-4.6,659.0,659.8,660.7,661.0,660.6,660.1,659.0,658.6,662.2,660.1,658.4,657.9,659.0,660.9,662.9,660.8,658.6,657.6,658.2,659.9,660.1,660.3,660.6,661.0,661.1,661.0,660.6,660.3,706.5,707.7,709.3,710.4,710.3,709.1,707.5,706.6,706.9,706.2,706.0,706.9,709.4,712.7,716.0,712.5,709.2,706.8,705.8,706.1,708.3,708.8,709.5,710.0,710.0,709.6,708.9,708.4,370.9,31.2,829.4,0.005,0.094,-0.073
682,0,1656521729.762,0.98,1,-0.085541,0.081640,-0.992984,-0.241397,0.081646,-0.966986,-0.165,0.083,560.9,562.3,566.0,570.0,571.8,570.7,566.7,562.8,555.3,558.0,561.7,565.9,569.9,573.1,575.3,573.0,569.7,565.9,561.9,558.2,564.7,566.4,568.1,568.7,567.9,566.1,564.5,563.9,606.5,607.5,610.7,614.3,616.1,615.1,611.9,608.0,603.0,605.3,608.4,612.2,615.7,618.2,619.7,618.4,616.1,613.0,609.5,605.8,609.8,611.3,612.7,613.2,612.4,610.8,609.4,609.0,231.2,227.2,225.4,226.8,230.7,235.0,236.5,235.1,233.1,231.1,229.6,228.8,229.2,230.7,232.8,234.1,234.7,235.1,235.0,234.5,232.9,233.5,232.7,231.0,229.3,228.7,229.4,231.2,229.1,225.3,223.6,224.9,228.5,232.2,233.9,232.9,231.4,229.2,227.5,226.6,227.0,228.2,230.0,231.4,232.2,232.6,232.6,232.5,230.6,231.2,230.4,228.8,227.2,226.7,227.4,229.1,260.9,262.7,267.1,271.6,273.4,272.0,267.2,262.8,256.1,258.2,261.5,265.8,270.7,274.9,278.2,274.8,270.3,265.8,261.7,258.4,265.5,267.4,269.3,270.1,269.3,267.4,265.5,264.7,331.7,333.5,338.0,342.7,344.8,343.1,338.5,333.6,327.9,330.2,333.8,338.7,343.9,348.5,351.9,348.6,344.3,339.6,334.9,330.8,336.4,338.5,340.5,341.3,340.3,338.3,336.3,335.5,-2.1,-6.5,-8.5,-6.9,-2.7,2.0,3.7,2.1,-0.1,-2.3,-3.9,-4.8,-4.3,-2.7,-0.4,1.1,1.7,2.1,2.0,1.4,-0.3,0.4,-0.5,-2.4,-4.2,-4.9,-4.1,-2.1,-4.8,-9.1,-11.1,-9.6,-5.5,-1.1,0.9,-0.3,-2.0,-4.6,-6.6,-7.6,-7.2,-5.9,-3.7,-2.0,-1.1,-0.6,-0.6,-0.8,-3.0,-2.3,-3.2,-5.1,-6.9,-7.6,-6.7,-4.8,656.7,657.5,658.3,658.6,658.2,657.6,656.6,656.3,659.9,657.8,656.0,655.5,656.6,658.5,660.5,658.4,656.2,655.3,655.8,657.6,657.7,657.9,658.2,658.6,658.7,658.6,658.3,657.9,701.5,702.8,704.4,705.5,705.4,704.2,702.6,701.6,701.9,701.2,701.0,702.0,704.5,707.9,711.1,707.7,704.3,701.9,700.8,701.1,703.4,703.9,704.6,705.1,705.1,704.6,703.9,703.4,369.9,31.2,827.0,0.003,0.094,-0.075
683,0,1656521729.796,0.98,1,-0.083654,0.082338,-0.993087,-0.239503,0.082848,-0.967354,-0.163,0.084,560.9,562.3,566.0,570.0,571.8,570.7,566.7,562.8,555.3,558.0,561.7,565.9,569.9,573.1,575.3,573.1,569.7,565.9,561.9,558.2,564.7,566.4,568.1,568.7,567.9,566.1,564.5,563.9,606.6,607.6,610.9,614.4,616.3,615.3,612.0,608.2,603.2,605.5,608.6,612.4,615.8,618.3,619.9,618.5,616.2,613.2,609.6,606.0,609.9,611.5,612.9,613.3,612.5,611.0,609.6,609.1,231.3,227.3,225.5,226.9,230.8,235.1,236.6,235.1,233.1,231.1,229.7,228.9,229.3,230.7,232.8,234.2,234.8,235.1,235.1,234.5,233.0,233.6,232.8,231.1,229.4,228.7,229.5,231.3,229.2,225.4,223.7,225.0,228.6,232.3,234.0,233.0,231.5,229.3,227.5,226.7,227.1,228.3,230.1,231.5,232.3,232.7,232.7,232.5,230.7,231.3,230.5,228.9,227.3,226.8,227.5,229.1,261.0,262.8,267.2,271.7,273.5,272.1,267.3,262.9,256.2,258.3,261.6,265.9,270.8,275.0,278.3,274.9,270.4,265.9,261.8,258.4,265.6,267.5,269.4,270.2,269.4,267.5,265.5,264.8,331.9,333.6,338.2,342.9,345.0,343.2,338.7,333.7,328.0,330.4,334.0,338.9,344.1,348.6,352.1,348.8,344.4,339.7,335.0,330.9,336.6,338.6,340.6,341.4,340.5,338.4,336.4,335.7,-2.1,-6.4,-8.4,-6.8,-2.6,2.1,3.7,2.2,-0.0,-2.2,-3.8,-4.7,-4.2,-2.6,-0.4,1.1,1.7,2.2,2.1,1.5,-0.2,0.5,-0.4,-2.3,-4.2,-4.9,-4.0,-2.1,-4.7,-9.0,-11.0,-9.5,-5.4,-1.0,1.0,-0.2,-1.9,-4.5,-6.5,-7.5,-7.0,-5.7,-3.6,-1.9,-1.0,-0.5,-0.5,-0.7,-2.9,-2.2,-3.1,-5.0,-6.8,-7.5,-6.6,-4.7,656.8,657.6,658.5,658.8,658.4,657.8,656.7,656.4,660.0,657.9,656.2,655.7,656.8,658.7,660.7,658.6,656.4,655.4,656.0,657.7,657.9,658.0,658.4,658.8,658.9,658.8,658.4,658.1,701.4,702.6,704.3,705.4,705.3,704.1,702.5,701.5,701.7,701.1,700.9,701.9,704.5,707.8,711.1,707.6,704.2,701.8,700.7,701.0,703.3,703.8,704.5,705.0,705.0,704.6,703.8,703.3,369.4,31.1,825.9,0.005,0.091,-0.073
684,0,1656521729.829,0.98,1,-0.083502,0.082182,-0.993113,-0.239028,0.082848,-0.967472,-0.163,0.084,561.0,562.4,566.1,570.1,571.9,570.8,566.8,562.8,555.4,558.1,561.8,565.9,570.0,573.2,575.4,573.1,569.8,566.0,562.0,558.3,564.8,566.5,568.2,568.8,567.9,566.2,564.6,564.0,606.7,607.7,610.9,614.5,616.3,615.3,612.1,608.2,603.2,605.5,608.7,612.5,615.9,618.4,619.9,618.6,616.3,613.2,609.7,606.0,610.0,611.5,612.9,613.4,612.6,611.0,609.6,609.2,231.3,227.3,225.5,226.9,230.8,235.1,236.7,235.2,233.2,231.2,229.7,228.9,229.4,230.8,232.9,234.2,234.8,235.2,235.1,234.6,233.0,233.6,232.9,231.1,229.4,228.8,229.6,231.3,229.2,225.5,223.8,225.1,228.7,232.4,234.1,233.1,231.6,229.3,227.6,226.8,227.2,228.4,230.2,231.6,232.4,232.8,232.8,232.6,230.8,231.4,230.6,229.0,227.4,226.8,227.6,229.2,260.4,262.2,266.6,271.1,272.9,271.5,266.7,262.3,255.6,257.7,261.0,265.3,270.2,274.4,277.7,274.3,269.8,265.3,261.2,257.8,265.0,266.9,268.8,269.6,268.8,266.9,264.9,264.2,331.8,333.6,338.1,342.9,345.0,343.2,338.6,333.7,328.0,330.3,333.9,338.8,344.0,348.6,352.0,348.7,344.4,339.7,335.0,330.9,336.5,338.6,340.6,341.4,340.5,338.4,336.4,335.6,-2.0,-6.4,-8.4,-6.8,-2.5,2.2,3.8,2.2,0.0,-2.2,-3.7,-4.6,-4.1,-2.6,-0.3,1.2,1.8,2.2,2.1,1.5,-0.2,0.5,-0.3,-2.3,-4.1,-4.8,-3.9,-2.0,-4.6,-8.9,-10.9,-9.4,-5.3,-0.9,1.1,-0.1,-1.8,-4.5,-6.4,-7.4,-6.9,-5.6,-3.5,-1.8,-0.9,-0.4,-0.4,-0.6,-2.8,-2.1,-3.0,-4.9,-6.7,-7.4,-6.5,-4.6,655.2,656.0,656.8,657.1,656.7,656.2,655.1,654.8,658.4,656.2,654.5,654.0,655.2,657.0,659.0,656.9,654.8,653.8,654.3,656.1,656.2,656.4,656.7,657.1,657.3,657.1,656.8,656.4,701.2,702.4,704.1,705.2,705.1,703.9,702.3,701.3,701.6,700.9,700.7,701.7,704.2,707.6,710.8,707.4,704.0,701.6,700.5,700.8,703.1,703.6,704.3,704.8,704.8,704.3,703.6,703.1,369.4,31.2,825.7,0.003,0.091,-0.073
685,0,1656521729.862,0.98,1,-0.084132,0.082049,-0.993071,-0.240177,0.081928,-0.967266,-0.164,0.083,561.1,562.4,566.1,570.1,571.9,570.8,566.8,562.9,555.5,558.2,561.8,566.0,570.0,573.1,575.3,573.1,569.8,566.0,562.1,558.4,564.8,566.5,568.2,568.7,567.9,566.2,564.6,564.0,606.5,607.5,610.8,614.3,616.1,615.1,611.9,608.0,603.1,605.4,608.5,612.3,615.7,618.2,619.7,618.4,616.1,613.0,609.5,605.9,609.8,611.3,612.8,613.2,612.4,610.9,609.4,609.0,231.2,227.2,225.4,226.9,230.7,235.0,236.5,235.0,233.1,231.1,229.6,228.8,229.3,230.7,232.7,234.1,234.6,235.0,235.0,234.4,232.9,233.5,232.7,231.0,229.3,228.7,229.4,231.2,229.2,225.5,223.8,225.1,228.7,232.4,234.0,233.0,231.5,229.3,227.6,226.8,227.3,228.4,230.2,231.6,232.4,232.7,232.7,232.5,230.7,231.3,230.6,229.0,227.4,226.8,227.6,229.2,262.8,264.6,269.0,273.4,275.3,273.9,269.1,264.6,257.9,260.0,263.3,267.7,272.6,276.8,280.1,276.7,272.2,267.6,263.5,260.2,267.3,269.3,271.2,272.0,271.2,269.3,267.3,266.5,334.6,336.3,340.9,345.6,347.7,345.9,341.3,336.3,330.7,333.1,336.6,341.5,346.7,351.3,354.7,351.4,347.1,342.3,337.7,333.6,339.2,341.3,343.3,344.1,343.2,341.1,339.1,338.3,-2.2,-6.5,-8.5,-6.9,-2.7,2.0,3.7,2.1,-0.1,-2.3,-3.9,-4.7,-4.3,-2.7,-0.5,1.0,1.6,2.0,2.0,1.4,-0.3,0.4,-0.5,-2.4,-4.3,-5.0,-4.1,-2.2,-4.7,-9.0,-11.0,-9.5,-5.3,-1.0,1.0,-0.2,-2.0,-4.5,-6.5,-7.5,-7.0,-5.6,-3.5,-1.9,-0.9,-0.5,-0.5,-0.8,-2.9,-2.2,-3.1,-5.0,-6.8,-7.5,-6.6,-4.7,660.9,661.8,662.6,662.9,662.5,662.0,660.9,660.6,664.2,662.0,660.3,659.8,661.0,662.9,664.8,662.7,660.6,659.6,660.1,661.9,662.1,662.2,662.5,662.9,663.1,662.9,662.6,662.2,707.3,708.5,710.2,711.3,711.2,710.0,708.3,707.4,707.7,707.0,706.8,707.8,710.3,713.6,716.9,713.4,710.1,707.7,706.6,706.9,709.2,709.6,710.3,710.9,710.9,710.4,709.7,709.2,369.9,31.2,827.0,0.001,0.092,-0.072
686,0,1656521729.896,0.98,1,-0.080825,0.080063,-0.993508,-0.239068,0.080371,-0.967671,-0.162,0.082,561.1,562.5,566.2,570.1,572.0,570.9,566.9,562.9,555.5,558.2,561.9,566.0,570.1,573.2,575.4,573.2,569.9,566.1,562.1,558.4,564.9,566.6,568.2,568.8,568.0,566.3,564.7,564.1,606.6,607.7,610.9,614.4,616.3,615.2,612.0,608.2,603.2,605.5,608.6,612.4,615.8,618.3,619.9,618.5,616.2,613.2,609.6,606.0,609.9,611.5,612.9,613.3,612.5,611.0,609.6,609.1,231.2,227.2,225.4,226.9,230.7,235.1,236.6,235.1,233.1,231.1,229.7,228.8,229.3,230.7,232.8,234.2,234.7,235.1,235.0,234.5,232.9,233.6,232.8,231.0,229.3,228.7,229.5,231.2,229.2,225.5,223.8,225.1,228.6,232.3,234.0,233.0,231.5,229.3,227.6,226.8,227.2,228.4,230.2,231.6,232.4,232.7,232.7,232.5,230.7,231.3,230.6,228.9,227.4,226.8,227.6,229.2,261.3,263.1,267.5,272.0,273.8,272.4,267.6,263.2,256.4,258.6,261.9,266.2,271.1,275.3,278.6,275.2,270.7,266.2,262.1,258.7,265.9,267.8,269.7,270.5,269.7,267.8,265.8,265.0,333.4,335.1,339.7,344.4,346.5,344.7,340.1,335.2,329.5,331.9,335.4,340.3,345.5,350.1,353.5,350.2,345.9,341.2,336.5,332.4,338.1,340.1,342.1,342.9,342.0,339.9,337.9,337.1,-2.1,-6.5,-8.5,-6.9,-2.6,2.1,3.7,2.1,-0.0,-2.2,-3.8,-4.7,-4.2,-2.7,-0.4,1.1,1.7,2.1,2.0,1.4,-0.3,0.4,-0.4,-2.3,-4.2,-4.9,-4.0,-2.1,-4.7,-9.0,-11.0,-9.5,-5.3,-1.0,1.0,-0.1,-1.9,-4.5,-6.5,-7.5,-7.0,-5.7,-3.6,-1.9,-0.9,-0.5,-0.5,-0.7,-2.9,-2.2,-3.1,-5.0,-6.8,-7.5,-6.6,-4.7,657.1,658.0,658.8,659.1,658.8,658.2,657.1,656.7,660.3,658.2,656.5,656.0,657.2,659.1,661.1,658.9,656.8,655.8,656.3,658.0,658.2,658.4,658.7,659.1,659.3,659.1,658.8,658.4,704.5,705.7,707.4,708.5,708.4,707.2,705.5,704.5,704.8,704.2,704.0,705.0,707.5,710.8,714.1,710.6,707.3,704.8,703.8,704.1,706.3,706.8,707.5,708.1,708.1,707.6,706.9,706.4,369.8,31.2,826.7,-0.001,0.089,-0.072
687,0,1656521729.929,0.98,1,-0.083598,0.082327,-0.993093,-0.240017,0.083002,-0.967214,-0.164,0.084,561.0,562.3,566.1,570.0,571.9,570.8,566.8,562.8,555.4,558.1,561.7,565.9,570.0,573.1,575.3,573.1,569.8,566.0,562.0,558.3,564.8,566.5,568.1,568.7,567.9,566.2,564.6,564.0,606.6,607.6,610.9,614.4,616.2,615.2,612.0,608.2,603.2,605.5,608.6,612.4,615.8,618.3,619.9,618.5,616.2,613.2,609.6,606.0,609.9,611.5,612.9,613.3,612.5,611.0,609.6,609.1,231.3,227.3,225.5,226.9,230.8,235.1,236.6,235.1,233.2,231.2,229.7,228.9,229.3,230.8,232.8,234.2,234.8,235.1,235.1,234.5,233.0,233.6,232.8,231.1,229.4,228.7,229.5,231.3,229.1,225.4,223.7,225.0,228.6,232.3,234.0,233.0,231.5,229.2,227.6,226.7,227.2,228.3,230.1,231.5,232.3,232.7,232.7,232.5,230.7,231.2,230.5,228.9,227.3,226.8,227.5,229.1,261.8,263.6,268.0,272.5,274.3,272.9,268.1,263.7,257.0,259.1,262.4,266.7,271.6,275.8,279.1,275.7,271.2,266.7,262.6,259.2,266.4,268.3,270.3,271.0,270.2,268.3,266.4,265.6,333.7,335.5,340.0,344.8,346.8,345.1,340.5,335.5,329.9,332.2,335.8,340.7,345.9,350.5,353.9,350.6,346.3,341.5,336.9,332.8,338.4,340.5,342.5,343.3,342.3,340.3,338.3,337.5,-2.1,-6.4,-8.4,-6.8,-2.6,2.1,3.7,2.2,-0.0,-2.2,-3.8,-4.7,-4.2,-2.6,-0.4,1.1,1.7,2.2,2.1,1.5,-0.2,0.5,-0.4,-2.3,-4.2,-4.9,-4.0,-2.1,-4.7,-9.1,-11.1,-9.6,-5.4,-1.0,1.0,-0.2,-2.0,-4.6,-6.6,-7.6,-7.1,-5.8,-3.6,-2.0,-1.0,-0.6,-0.6,-0.8,-2.9,-2.2,-3.1,-5.0,-6.9,-7.5,-6.6,-4.7,658.7,659.5,660.3,660.6,660.3,659.7,658.6,658.3,661.9,659.8,658.0,657.6,658.7,660.6,662.6,660.4,658.3,657.3,657.8,659.6,659.8,659.9,660.3,660.6,660.8,660.7,660.3,659.9,705.3,706.5,708.2,709.3,709.2,708.0,706.3,705.4,705.7,705.0,704.8,705.8,708.3,711.6,714.9,711.4,708.1,705.7,704.6,704.9,707.1,707.6,708.3,708.9,708.9,708.4,707.7,707.2,369.8,31.1,826.5,0.003,0.091,-0.073
688,0,1656521729.963,0.98,1,-0.088087,0.081600,-0.992765,-0.240263,0.081653,-0.967267,-0.166,0.083,561.1,562.5,566.2,570.1,572.0,570.9,566.9,563.0,555.6,558.2,561.9,566.0,570.1,573.2,575.4,573.2,569.9,566.1,562.1,558.5,564.9,566.6,568.2,568.8,568.0,566.3,564.7,564.1,606.5,607.5,610.8,614.3,616.1,615.1,611.9,608.1,603.1,605.4,608.5,612.3,615.7,618.2,619.7,618.4,616.1,613.1,609.5,605.9,609.8,611.4,612.8,613.2,612.4,610.9,609.5,609.0,231.2,227.2,225.4,226.9,230.7,235.0,236.5,235.1,233.1,231.1,229.6,228.8,229.2,230.7,232.7,234.1,234.7,235.1,235.0,234.5,232.9,233.5,232.7,231.0,229.3,228.7,229.5,231.2,229.1,225.4,223.7,225.0,228.6,232.3,234.0,233.0,231.4,229.2,227.5,226.7,227.1,228.3,230.1,231.5,232.3,232.7,232.7,232.5,230.6,231.2,230.5,228.9,227.3,226.7,227.5,229.1,262.4,264.1,268.5,273.0,274.8,273.4,268.6,264.2,257.6,259.6,262.9,267.2,272.1,276.3,279.6,276.3,271.8,267.2,263.1,259.8,266.9,268.9,270.8,271.6,270.7,268.8,266.9,266.1,332.5,334.2,338.8,343.5,345.6,343.8,339.2,334.3,328.6,331.0,334.5,339.4,344.6,349.2,352.6,349.3,345.0,340.3,335.6,331.5,337.2,339.2,341.2,342.0,341.1,339.0,337.0,336.2,-2.1,-6.5,-8.5,-6.9,-2.7,2.0,3.7,2.1,-0.1,-2.3,-3.9,-4.8,-4.3,-2.7,-0.5,1.1,1.7,2.1,2.1,1.4,-0.3,0.4,-0.5,-2.4,-4.2,-4.9,-4.1,-2.1,-4.7,-9.1,-11.1,-9.6,-5.4,-1.0,0.9,-0.2,-2.0,-4.6,-6.6,-7.6,-7.1,-5.8,-3.6,-1.9,-1.0,-0.6,-0.6,-0.8,-2.9,-2.3,-3.1,-5.0,-6.9,-7.5,-6.7,-4.8,659.7,660.5,661.3,661.6,661.2,660.7,659.6,659.3,663.0,660.8,659.0,658.5,659.7,661.5,663.5,661.4,659.3,658.3,658.9,660.7,660.8,660.9,661.2,661.6,661.8,661.6,661.3,660.9,702.9,704.1,705.8,706.9,706.8,705.6,703.9,702.9,703.2,702.5,702.4,703.4,705.9,709.3,712.5,709.1,705.7,703.3,702.2,702.5,704.7,705.2,705.9,706.5,706.5,706.0,705.3,704.8,369.8,31.2,826.4,0.003,0.095,-0.075
689,0,1656521729.996,0.98,1,-0.085883,0.082365,-0.992895,-0.239058,0.081583,-0.967572,-0.164,0.083,561.2,562.5,566.2,570.2,572.0,570.9,566.9,563.0,555.6,558.3,561.9,566.1,570.1,573.2,575.4,573.2,569.9,566.1,562.2,558.5,564.9,566.6,568.3,568.9,568.1,566.3,564.7,564.1,606.6,607.6,610.8,614.4,616.2,615.1,611.9,608.1,603.1,605.4,608.6,612.3,615.7,618.2,619.7,618.4,616.1,613.1,609.5,605.9,609.8,611.4,612.8,613.2,612.5,610.9,609.5,609.0,231.3,227.4,225.6,227.0,230.8,235.1,236.6,235.2,233.2,231.2,229.8,229.0,229.4,230.8,232.9,234.2,234.8,235.2,235.1,234.6,233.0,233.6,232.9,231.1,229.4,228.8,229.6,231.3,229.3,225.6,223.9,225.2,228.7,232.4,234.1,233.1,231.6,229.4,227.7,226.9,227.3,228.5,230.2,231.7,232.4,232.8,232.8,232.6,230.8,231.4,230.6,229.0,227.5,226.9,227.6,229.3,263.1,264.9,269.3,273.8,275.6,274.2,269.4,265.0,258.3,260.4,263.6,268.0,272.9,277.1,280.4,277.0,272.5,268.0,263.9,260.5,267.7,269.6,271.5,272.3,271.5,269.6,267.6,266.8,333.5,335.3,339.8,344.5,346.6,344.9,340.3,335.3,329.6,332.0,335.6,340.5,345.7,350.2,353.7,350.4,346.0,341.3,336.6,332.5,338.2,340.3,342.3,343.0,342.1,340.1,338.1,337.3,-2.0,-6.4,-8.4,-6.8,-2.6,2.2,3.8,2.2,0.1,-2.1,-3.7,-4.6,-4.1,-2.6,-0.3,1.2,1.8,2.2,2.2,1.5,-0.2,0.5,-0.3,-2.3,-4.1,-4.8,-3.9,-2.0,-4.6,-8.9,-10.9,-9.4,-5.2,-0.9,1.1,-0.1,-1.8,-4.4,-6.4,-7.4,-6.9,-5.6,-3.5,-1.8,-0.9,-0.4,-0.4,-0.6,-2.8,-2.1,-3.0,-4.9,-6.7,-7.4,-6.5,-4.6,661.4,662.3,663.1,663.4,663.0,662.5,661.4,661.1,664.7,662.5,660.8,660.3,661.5,663.3,665.3,663.2,661.1,660.1,660.6,662.4,662.5,662.7,663.0,663.4,663.6,663.4,663.1,662.7,705.0,706.2,707.9,709.0,708.9,707.7,706.1,705.1,705.3,704.7,704.5,705.5,708.1,711.4,714.7,711.2,707.8,705.4,704.3,704.6,706.9,707.4,708.1,708.6,708.6,708.1,707.4,706.9,369.7,31.3,826.2,0.002,0.096,-0.077
690,0,1656521730.029,0.98,1,-0.091523,0.083526,-0.992294,-0.244030,0.082562,-0.966247,-0.170,0.085,561.1,562.5,566.2,570.1,572.0,570.9,566.9,563.0,555.6,558.3,561.9,566.0,570.1,573.2,575.5,573.2,569.9,566.1,562.1,558.5,564.9,566.6,568.3,568.8,568.0,566.3,564.7,564.1,606.6,607.6,610.9,614.4,616.2,615.2,612.0,608.2,603.2,605.5,608.6,612.4,615.8,618.3,619.9,618.5,616.2,613.2,609.6,606.0,609.9,611.5,612.9,613.3,612.5,611.0,609.5,609.1,231.3,227.3,225.5,227.0,230.8,235.1,236.6,235.2,233.2,231.2,229.7,228.9,229.4,230.8,232.9,234.3,234.8,235.2,235.2,234.6,233.0,233.6,232.9,231.1,229.4,228.8,229.6,231.3,229.2,225.4,223.7,225.0,228.6,232.3,234.0,233.0,231.5,229.3,227.5,226.7,227.1,228.3,230.1,231.5,232.3,232.7,232.7,232.5,230.7,231.3,230.5,228.9,227.3,226.8,227.5,229.1,262.4,264.2,268.5,273.0,274.8,273.4,268.6,264.2,257.6,259.7,262.9,267.2,272.1,276.3,279.6,276.2,271.7,267.2,263.1,259.8,266.9,268.8,270.8,271.6,270.7,268.8,266.9,266.1,332.6,334.3,338.8,343.6,345.7,343.9,339.3,334.4,328.7,331.0,334.6,339.5,344.7,349.3,352.7,349.4,345.1,340.4,335.7,331.6,337.3,339.3,341.3,342.1,341.2,339.1,337.1,336.3,-2.0,-6.4,-8.4,-6.8,-2.6,2.2,3.8,2.2,0.1,-2.2,-3.8,-4.7,-4.2,-2.6,-0.3,1.2,1.8,2.3,2.2,1.6,-0.2,0.5,-0.3,-2.3,-4.1,-4.8,-3.9,-2.0,-4.7,-9.0,-11.0,-9.5,-5.4,-1.0,1.0,-0.2,-1.9,-4.5,-6.5,-7.6,-7.1,-5.8,-3.6,-1.9,-1.0,-0.5,-0.5,-0.7,-2.9,-2.2,-3.1,-5.0,-6.8,-7.5,-6.6,-4.7,659.7,660.5,661.2,661.5,661.1,660.6,659.6,659.3,663.0,660.8,659.0,658.5,659.6,661.4,663.4,661.3,659.2,658.3,658.9,660.7,660.7,660.9,661.2,661.5,661.7,661.6,661.3,660.9,702.9,704.1,705.7,706.8,706.7,705.5,703.9,702.9,703.2,702.5,702.3,703.3,705.8,709.2,712.4,709.0,705.6,703.2,702.2,702.4,704.7,705.2,705.9,706.4,706.4,706.0,705.2,704.7,371.1,31.2,828.9,0.008,0.102,-0.081
691,0,1656521730.063,0.98,1,-0.089165,0.082709,-0.992577,-0.242823,0.081939,-0.966604,-0.168,0.084,561.3,562.6,566.3,570.2,572.1,571.0,567.0,563.1,555.8,558.4,562.0,566.2,570.2,573.3,575.5,573.3,570.0,566.2,562.3,558.6,565.0,566.8,568.4,569.0,568.2,566.4,564.8,564.2,606.7,607.7,610.9,614.4,616.2,615.2,612.0,608.2,603.2,605.5,608.6,612.4,615.8,618.3,619.9,618.5,616.2,613.2,609.6,606.0,609.9,611.5,612.9,613.3,612.5,611.0,609.6,609.1,231.5,227.5,225.7,227.1,230.9,235.2,236.7,235.3,233.4,231.4,229.9,229.1,229.5,230.9,233.0,234.3,234.9,235.3,235.2,234.7,233.1,233.7,233.0,231.2,229.6,228.9,229.7,231.5,229.2,225.5,223.8,225.1,228.7,232.4,234.1,233.1,231.6,229.4,227.7,226.8,227.3,228.4,230.2,231.6,232.4,232.8,232.8,232.6,230.8,231.3,230.6,229.0,227.4,226.9,227.6,229.2,264.3,266.0,270.4,274.9,276.8,275.3,270.6,266.1,259.4,261.5,264.8,269.1,274.0,278.2,281.5,278.2,273.7,269.1,265.0,261.7,268.8,270.8,272.7,273.5,272.7,270.7,268.8,268.0,333.9,335.7,340.2,344.9,347.0,345.3,340.7,335.7,330.0,332.4,336.0,340.9,346.1,350.7,354.1,350.8,346.5,341.7,337.0,332.9,338.6,340.7,342.7,343.5,342.5,340.5,338.5,337.7,-1.9,-6.3,-8.3,-6.7,-2.5,2.3,3.9,2.3,0.2,-2.0,-3.6,-4.5,-4.0,-2.5,-0.2,1.3,1.9,2.3,2.3,1.7,-0.0,0.6,-0.2,-2.1,-4.0,-4.7,-3.8,-1.9,-4.6,-9.0,-11.0,-9.5,-5.3,-0.9,1.1,-0.1,-1.9,-4.5,-6.4,-7.4,-6.9,-5.6,-3.5,-1.8,-0.9,-0.5,-0.5,-0.7,-2.8,-2.1,-3.0,-4.9,-6.7,-7.4,-6.5,-4.6,664.0,664.8,665.6,665.9,665.5,665.0,663.9,663.6,667.3,665.1,663.3,662.8,664.0,665.8,667.8,665.7,663.6,662.6,663.1,664.9,665.1,665.2,665.6,665.9,666.1,665.9,665.6,665.2,705.7,706.9,708.5,709.6,709.5,708.3,706.7,705.7,706.0,705.3,705.2,706.1,708.7,712.0,715.2,711.8,708.4,706.0,705.0,705.3,707.5,708.0,708.7,709.2,709.3,708.8,708.1,707.5,370.8,31.4,828.2,0.004,0.101,-0.082
692,0,1656521730.096,0.98,1,-0.090845,0.084708,-0.992256,-0.243153,0.083092,-0.966422,-0.169,0.085,561.3,562.7,566.4,570.3,572.1,571.0,567.1,563.1,555.7,558.4,562.1,566.2,570.3,573.4,575.6,573.3,570.0,566.2,562.3,558.6,565.1,566.8,568.4,569.0,568.2,566.5,564.9,564.3,606.8,607.9,611.1,614.7,616.5,615.4,612.2,608.4,603.4,605.7,608.8,612.6,616.0,618.5,620.1,618.7,616.4,613.4,609.8,606.2,610.1,611.7,613.1,613.5,612.8,611.2,609.8,609.3,231.3,227.3,225.5,227.0,230.8,235.1,236.6,235.1,233.2,231.2,229.7,228.9,229.4,230.8,232.9,234.2,234.8,235.2,235.1,234.5,233.0,233.6,232.8,231.1,229.4,228.8,229.6,231.3,229.3,225.6,223.9,225.2,228.8,232.5,234.2,233.2,231.6,229.4,227.7,226.9,227.4,228.5,230.3,231.7,232.5,232.9,232.8,232.7,230.9,231.4,230.7,229.1,227.5,226.9,227.7,229.3,263.1,264.9,269.3,273.8,275.6,274.2,269.4,264.9,258.3,260.4,263.6,268.0,272.9,277.1,280.3,277.0,272.5,267.9,263.8,260.5,267.6,269.6,271.5,272.3,271.5,269.6,267.6,266.8,333.0,334.7,339.3,344.0,346.1,344.3,339.7,334.8,329.1,331.5,335.0,339.9,345.2,349.7,353.2,349.8,345.5,340.7,336.1,332.0,337.7,339.7,341.7,342.5,341.6,339.5,337.5,336.8,-2.0,-6.4,-8.4,-6.8,-2.6,2.1,3.8,2.2,-0.0,-2.2,-3.7,-4.6,-4.1,-2.6,-0.3,1.2,1.8,2.2,2.1,1.5,-0.2,0.5,-0.4,-2.3,-4.1,-4.8,-4.0,-2.0,-4.5,-8.9,-10.9,-9.3,-5.1,-0.8,1.2,0.0,-1.8,-4.4,-6.3,-7.3,-6.8,-5.5,-3.4,-1.7,-0.8,-0.4,-0.4,-0.6,-2.7,-2.0,-2.9,-4.8,-6.6,-7.3,-6.4,-4.5,661.0,661.9,662.6,662.9,662.6,662.0,661.0,660.7,664.3,662.2,660.4,659.9,661.0,662.9,664.8,662.7,660.6,659.6,660.2,662.0,662.1,662.3,662.6,663.0,663.1,663.0,662.6,662.3,703.2,704.4,706.0,707.1,707.1,705.9,704.2,703.3,703.5,702.8,702.7,703.7,706.2,709.5,712.8,709.3,706.0,703.6,702.5,702.8,705.0,705.5,706.2,706.8,706.8,706.3,705.6,705.1,370.3,31.4,827.0,0.006,0.103,-0.078
693,0,1656521730.129,0.98,1,-0.087857,0.088006,-0.992238,-0.238438,0.087268,-0.967229,-0.165,0.089,561.3,562.7,566.4,570.2,572.1,571.0,567.0,563.1,555.8,558.5,562.1,566.2,570.2,573.3,575.5,573.3,570.0,566.2,562.3,558.7,565.0,566.8,568.4,569.0,568.2,566.5,564.8,564.3,606.7,607.7,610.9,614.5,616.2,615.2,612.0,608.2,603.3,605.6,608.7,612.5,615.8,618.3,619.8,618.5,616.2,613.2,609.6,606.0,609.9,611.5,612.9,613.3,612.6,611.0,609.6,609.2,231.5,227.5,225.7,227.2,231.0,235.2,236.7,235.3,233.3,231.4,229.9,229.1,229.6,231.0,233.0,234.3,234.9,235.3,235.2,234.7,233.1,233.8,233.0,231.2,229.6,229.0,229.7,231.5,229.4,225.8,224.1,225.4,228.9,232.6,234.3,233.3,231.7,229.6,227.9,227.1,227.6,228.7,230.4,231.8,232.6,232.9,232.9,232.7,231.0,231.6,230.8,229.2,227.7,227.1,227.8,229.4,265.4,267.2,271.6,276.1,277.9,276.5,271.7,267.3,260.6,262.7,266.0,270.3,275.2,279.4,282.7,279.3,274.8,270.3,266.2,262.8,270.0,271.9,273.9,274.6,273.8,271.9,270.0,269.2,336.1,337.9,342.4,347.2,349.2,347.4,342.9,337.9,332.2,334.6,338.2,343.1,348.3,352.8,356.3,353.0,348.6,343.9,339.2,335.1,340.8,342.8,344.9,345.6,344.7,342.7,340.7,339.9,-1.9,-6.3,-8.2,-6.7,-2.4,2.3,3.9,2.3,0.2,-2.0,-3.6,-4.4,-4.0,-2.4,-0.2,1.3,1.9,2.3,2.3,1.7,-0.0,0.7,-0.2,-2.1,-4.0,-4.7,-3.8,-1.9,-4.4,-8.8,-10.7,-9.2,-5.0,-0.6,1.3,0.1,-1.7,-4.2,-6.2,-7.1,-6.6,-5.3,-3.3,-1.6,-0.7,-0.3,-0.3,-0.5,-2.6,-1.9,-2.8,-4.7,-6.5,-7.2,-6.3,-4.4,666.9,667.7,668.5,668.8,668.4,667.9,666.8,666.5,670.1,667.9,666.2,665.7,666.8,668.7,670.7,668.6,666.4,665.5,666.0,667.8,667.9,668.1,668.4,668.8,668.9,668.8,668.5,668.1,710.2,711.3,713.0,714.1,714.1,712.9,711.2,710.2,710.5,709.8,709.6,710.6,713.2,716.5,719.8,716.3,713.0,710.5,709.5,709.7,712.0,712.5,713.2,713.7,713.7,713.3,712.5,712.0,369.7,31.5,825.6,0.007,0.096,-0.077
694,0,1656521730.163,0.98,1,-0.086971,0.080869,-0.992923,-0.238977,0.079745,-0.967745,-0.165,0.082,561.5,562.8,566.5,570.4,572.2,571.1,567.2,563.3,555.9,558.6,562.2,566.4,570.4,573.5,575.7,573.4,570.2,566.4,562.5,558.8,565.2,566.9,568.5,569.1,568.3,566.6,565.0,564.4,606.8,607.8,611.0,614.5,616.3,615.3,612.1,608.3,603.3,605.6,608.8,612.5,615.9,618.4,619.9,618.6,616.3,613.3,609.7,606.1,610.0,611.6,613.0,613.4,612.6,611.1,609.7,609.3,231.4,227.4,225.6,227.1,230.9,235.2,236.6,235.2,233.2,231.2,229.8,229.0,229.4,230.9,233.0,234.3,234.9,235.2,235.2,234.6,233.0,233.7,232.9,231.2,229.5,228.9,229.6,231.4,229.4,225.7,224.0,225.3,228.9,232.6,234.2,233.2,231.8,229.5,227.8,227.0,227.4,228.6,230.4,231.8,232.6,233.0,232.9,232.8,230.9,231.5,230.8,229.2,227.6,227.1,227.8,229.4,264.2,266.0,270.5,274.9,276.7,275.3,270.5,266.0,259.4,261.5,264.8,269.1,274.0,278.2,281.5,278.1,273.6,269.0,264.9,261.6,268.8,270.7,272.6,273.4,272.6,270.7,268.8,268.0,334.6,336.4,341.0,345.7,347.8,346.0,341.4,336.4,330.7,333.1,336.7,341.6,346.8,351.4,354.8,351.5,347.2,342.4,337.8,333.7,339.3,341.4,343.4,344.2,343.3,341.2,339.2,338.4,-2.0,-6.4,-8.3,-6.7,-2.5,2.2,3.8,2.2,0.1,-2.1,-3.7,-4.6,-4.1,-2.5,-0.2,1.3,1.9,2.3,2.2,1.6,-0.1,0.6,-0.3,-2.2,-4.0,-4.7,-3.9,-2.0,-4.4,-8.8,-10.8,-9.2,-5.1,-0.7,1.3,0.1,-1.6,-4.3,-6.3,-7.2,-6.7,-5.4,-3.3,-1.6,-0.7,-0.2,-0.3,-0.5,-2.6,-1.9,-2.8,-4.7,-6.5,-7.2,-6.3,-4.4,663.4,664.3,665.1,665.4,665.0,664.4,663.3,663.0,666.7,664.5,662.8,662.3,663.4,665.3,667.2,665.1,663.0,662.0,662.6,664.3,664.5,664.6,665.0,665.3,665.5,665.4,665.0,664.7,706.9,708.1,709.8,710.9,710.8,709.6,707.9,706.9,707.2,706.5,706.4,707.4,709.9,713.3,716.5,713.1,709.7,707.3,706.2,706.4,708.7,709.2,709.9,710.5,710.5,710.0,709.3,708.8,370.1,31.5,826.1,0.003,0.095,-0.077
695,0,1656521730.196,0.98,1,-0.086266,0.081227,-0.992955,-0.237473,0.079876,-0.968105,-0.164,0.082,561.5,562.8,566.6,570.5,572.3,571.2,567.2,563.3,555.9,558.6,562.2,566.4,570.4,573.6,575.8,573.5,570.2,566.4,562.4,558.7,565.2,566.9,568.6,569.2,568.4,566.7,565.0,564.4,607.0,608.0,611.3,614.8,616.6,615.6,612.4,608.5,603.5,605.9,609.0,612.8,616.2,618.7,620.2,618.9,616.6,613.6,610.0,606.3,610.3,611.9,613.3,613.7,612.9,611.4,609.9,609.5,231.2,227.2,225.4,226.9,230.8,235.1,236.6,235.1,233.1,231.1,229.6,228.8,229.3,230.7,232.8,234.2,234.8,235.1,235.1,234.5,232.9,233.6,232.8,231.0,229.3,228.7,229.5,231.2,229.3,225.6,223.9,225.2,228.8,232.5,234.2,233.2,231.7,229.4,227.7,226.9,227.3,228.5,230.3,231.8,232.5,232.9,232.9,232.7,230.9,231.4,230.7,229.1,227.5,226.9,227.7,229.3,261.8,263.6,268.1,272.5,274.3,272.9,268.1,263.7,257.0,259.1,262.4,266.7,271.6,275.8,279.1,275.7,271.2,266.6,262.6,259.2,266.4,268.3,270.2,271.0,270.2,268.3,266.4,265.6,331.8,333.5,338.1,342.8,344.9,343.1,338.6,333.6,327.9,330.3,333.9,338.8,344.0,348.5,351.9,348.6,344.3,339.6,334.9,330.8,336.5,338.5,340.5,341.3,340.4,338.3,336.3,335.6,-2.1,-6.5,-8.5,-6.9,-2.6,2.1,3.7,2.1,-0.1,-2.3,-3.9,-4.8,-4.3,-2.7,-0.4,1.1,1.8,2.2,2.1,1.4,-0.3,0.4,-0.4,-2.3,-4.2,-4.9,-4.0,-2.1,-4.5,-8.8,-10.8,-9.3,-5.1,-0.8,1.2,0.0,-1.8,-4.4,-6.4,-7.3,-6.8,-5.5,-3.3,-1.6,-0.7,-0.3,-0.3,-0.5,-2.7,-2.0,-2.9,-4.8,-6.6,-7.3,-6.4,-4.5,657.5,658.3,659.1,659.4,659.0,658.4,657.4,657.1,660.7,658.6,656.8,656.3,657.5,659.3,661.3,659.2,657.0,656.1,656.6,658.4,658.5,658.7,659.0,659.4,659.6,659.4,659.1,658.7,700.3,701.5,703.2,704.3,704.3,703.0,701.4,700.3,700.6,699.9,699.8,700.8,703.4,706.7,710.0,706.5,703.2,700.7,699.6,699.8,702.1,702.6,703.4,703.9,703.9,703.4,702.7,702.2,369.3,31.4,824.3,0.004,0.094,-0.073
696,0,1656521730.230,0.98,1,-0.085521,0.078599,-0.993231,-0.238889,0.076506,-0.968028,-0.164,0.079,561.5,562.9,566.6,570.6,572.4,571.2,567.2,563.3,555.9,558.6,562.2,566.4,570.5,573.6,575.8,573.6,570.3,566.4,562.5,558.8,565.2,567.0,568.6,569.2,568.4,566.7,565.1,564.5,607.1,608.1,611.3,614.9,616.7,615.7,612.5,608.6,603.6,605.9,609.1,612.9,616.3,618.8,620.4,619.0,616.7,613.7,610.1,606.4,610.4,611.9,613.4,613.8,613.0,611.4,610.0,609.6,231.2,227.2,225.5,227.0,230.8,235.1,236.6,235.1,233.1,231.1,229.6,228.8,229.3,230.8,232.9,234.3,234.8,235.2,235.1,234.5,233.0,233.6,232.8,231.1,229.4,228.7,229.5,231.3,229.5,225.7,224.0,225.4,228.9,232.7,234.4,233.4,231.8,229.6,227.8,227.0,227.5,228.7,230.5,231.9,232.7,233.1,233.0,232.9,231.0,231.6,230.9,229.2,227.7,227.1,227.8,229.5,261.4,263.2,267.7,272.1,273.9,272.4,267.6,263.2,256.6,258.7,262.0,266.3,271.2,275.4,278.6,275.3,270.8,266.2,262.1,258.8,265.9,267.9,269.8,270.6,269.8,267.9,265.9,265.1,330.9,332.7,337.3,342.0,344.1,342.3,337.7,332.7,327.0,329.4,333.0,337.9,343.1,347.7,351.1,347.8,343.5,338.7,334.1,329.9,335.6,337.7,339.7,340.5,339.6,337.5,335.5,334.7,-2.1,-6.5,-8.4,-6.8,-2.5,2.2,3.8,2.1,-0.0,-2.3,-3.8,-4.7,-4.2,-2.6,-0.2,1.2,1.8,2.2,2.1,1.5,-0.2,0.5,-0.4,-2.3,-4.1,-4.8,-4.0,-2.1,-4.3,-8.6,-10.6,-9.1,-4.9,-0.6,1.4,0.2,-1.5,-4.2,-6.2,-7.1,-6.6,-5.3,-3.1,-1.4,-0.5,-0.1,-0.1,-0.3,-2.5,-1.8,-2.7,-4.6,-6.4,-7.1,-6.2,-4.3,656.3,657.2,658.0,658.3,657.9,657.3,656.2,655.9,659.6,657.4,655.7,655.2,656.3,658.2,660.1,658.0,655.9,654.9,655.4,657.2,657.4,657.5,657.9,658.2,658.4,658.3,657.9,657.6,698.3,699.6,701.2,702.4,702.3,701.0,699.3,698.3,698.6,697.9,697.8,698.9,701.4,704.8,708.0,704.5,701.1,698.7,697.6,697.8,700.2,700.6,701.4,701.9,702.0,701.5,700.7,700.2,369.2,31.5,824.0,0.001,0.093,-0.072
697,0,1656521730.263,0.98,1,-0.088096,0.077319,-0.993107,-0.240028,0.074904,-0.967872,-0.166,0.077,561.4,562.8,566.6,570.5,572.3,571.2,567.2,563.2,555.8,558.5,562.2,566.4,570.4,573.6,575.8,573.6,570.2,566.4,562.4,558.7,565.2,566.9,568.6,569.2,568.4,566.7,565.0,564.4,607.1,608.1,611.4,614.9,616.8,615.7,612.5,608.6,603.6,605.9,609.1,612.9,616.3,618.8,620.4,619.0,616.7,613.7,610.1,606.4,610.4,611.9,613.4,613.8,613.0,611.5,610.0,609.6,231.3,227.3,225.5,226.9,230.8,235.1,236.6,235.1,233.1,231.1,229.6,228.8,229.3,230.8,232.9,234.3,234.8,235.2,235.1,234.5,233.0,233.6,232.8,231.1,229.4,228.7,229.5,231.3,229.5,225.7,224.0,225.4,229.0,232.7,234.4,233.4,231.8,229.6,227.8,227.0,227.5,228.7,230.5,232.0,232.7,233.1,233.1,232.9,231.0,231.6,230.9,229.3,227.7,227.1,227.8,229.5,260.6,262.5,266.9,271.3,273.1,271.6,266.8,262.4,255.8,257.9,261.2,265.5,270.4,274.6,277.8,274.5,270.0,265.4,261.3,258.1,265.2,267.1,269.0,269.8,269.0,267.1,265.2,264.4,330.7,332.5,337.0,341.7,343.8,342.0,337.4,332.5,326.8,329.2,332.8,337.7,342.9,347.4,350.8,347.5,343.2,338.5,333.8,329.7,335.4,337.4,339.4,340.2,339.3,337.3,335.3,334.5,-2.1,-6.4,-8.4,-6.8,-2.5,2.2,3.8,2.2,-0.0,-2.2,-3.8,-4.7,-4.2,-2.6,-0.3,1.2,1.8,2.2,2.1,1.5,-0.2,0.5,-0.3,-2.3,-4.1,-4.8,-4.0,-2.1,-4.3,-8.6,-10.6,-9.1,-4.9,-0.6,1.4,0.2,-1.5,-4.2,-6.2,-7.1,-6.6,-5.2,-3.1,-1.4,-0.5,-0.1,-0.1,-0.3,-2.5,-1.8,-2.7,-4.6,-6.4,-7.0,-6.2,-4.3,654.6,655.4,656.2,656.4,656.0,655.5,654.4,654.2,657.9,655.7,653.9,653.4,654.5,656.4,658.3,656.2,654.1,653.1,653.7,655.5,655.6,655.7,656.1,656.4,656.6,656.5,656.2,655.8,697.8,699.0,700.7,701.8,701.7,700.5,698.8,697.8,698.1,697.4,697.3,698.3,700.9,704.2,707.5,704.0,700.6,698.2,697.1,697.3,699.6,700.1,700.8,701.4,701.4,700.9,700.2,699.7,369.5,31.6,824.4,0.000,0.094,-0.071
698,0,1656521730.296,0.98,1,-0.088104,0.074721,-0.993305,-0.240310,0.072392,-0.967993,-0.166,0.075,561.3,562.7,566.4,570.4,572.2,571.1,567.1,563.1,555.7,558.4,562.0,566.2,570.3,573.5,575.7,573.4,570.1,566.2,562.3,558.6,565.1,566.8,568.5,569.1,568.3,566.5,564.9,564.3,607.0,608.0,611.3,614.9,616.7,615.7,612.4,608.6,603.5,605.9,609.0,612.8,616.3,618.7,620.3,619.0,616.7,613.6,610.0,606.4,610.3,611.9,613.3,613.7,612.9,611.4,609.9,609.5,231.2,227.2,225.4,226.9,230.8,235.1,236.6,235.1,233.1,231.1,229.6,228.8,229.3,230.7,232.9,234.2,234.8,235.2,235.1,234.5,232.9,233.6,232.8,231.0,229.3,228.7,229.5,231.2,229.4,225.6,223.9,225.3,228.9,232.6,234.3,233.3,231.8,229.5,227.7,226.9,227.4,228.6,230.4,231.9,232.6,233.0,233.0,232.8,231.0,231.5,230.8,229.2,227.6,227.0,227.8,229.4,260.2,262.0,266.4,270.8,272.6,271.2,266.4,262.0,255.4,257.5,260.7,265.0,269.9,274.1,277.4,274.0,269.5,264.9,260.9,257.6,264.7,266.6,268.5,269.3,268.6,266.6,264.7,263.9,330.3,332.0,336.6,341.3,343.4,341.6,337.0,332.1,326.4,328.8,332.4,337.3,342.5,347.0,350.4,347.1,342.8,338.1,333.4,329.3,335.0,337.0,339.0,339.8,338.9,336.8,334.8,334.1,-2.1,-6.5,-8.4,-6.8,-2.6,2.1,3.7,2.1,-0.1,-2.3,-3.9,-4.8,-4.2,-2.6,-0.3,1.2,1.8,2.2,2.1,1.4,-0.2,0.5,-0.4,-2.3,-4.2,-4.9,-4.0,-2.1,-4.4,-8.7,-10.7,-9.2,-5.0,-0.7,1.3,0.1,-1.6,-4.3,-6.3,-7.2,-6.7,-5.4,-3.2,-1.5,-0.6,-0.2,-0.2,-0.4,-2.6,-1.9,-2.8,-4.7,-6.5,-7.1,-6.3,-4.4,653.7,654.6,655.4,655.6,655.2,654.6,653.6,653.3,657.0,654.9,653.1,652.6,653.7,655.5,657.4,655.3,653.2,652.3,652.9,654.7,654.8,654.9,655.2,655.6,655.8,655.7,655.3,655.0,697.1,698.4,700.0,701.2,701.1,699.8,698.1,697.1,697.4,696.7,696.6,697.7,700.2,703.5,706.8,703.3,699.9,697.5,696.4,696.6,698.9,699.4,700.2,700.7,700.8,700.3,699.5,699.0,369.8,31.6,825.3,-0.003,0.095,-0.073
699,0,1656521730.330,0.98,1,-0.086935,0.076484,-0.993274,-0.240678,0.074622,-0.967732,-0.166,0.077,561.4,562.8,566.6,570.5,572.3,571.2,567.2,563.3,555.8,558.5,562.2,566.4,570.4,573.6,575.8,573.5,570.2,566.4,562.4,558.7,565.2,566.9,568.6,569.2,568.4,566.6,565.0,564.4,607.0,608.1,611.3,614.9,616.7,615.7,612.4,608.6,603.6,605.9,609.0,612.8,616.2,618.7,620.3,618.9,616.6,613.6,610.0,606.4,610.3,611.9,613.3,613.7,613.0,611.4,610.0,609.5,231.0,227.0,225.2,226.7,230.5,234.8,236.3,234.8,232.9,230.8,229.4,228.6,229.0,230.5,232.6,234.0,234.5,234.9,234.8,234.2,232.7,233.3,232.6,230.8,229.1,228.5,229.2,231.0,229.2,225.5,223.8,225.2,228.7,232.4,234.1,233.1,231.6,229.3,227.6,226.8,227.3,228.5,230.3,231.7,232.4,232.8,232.8,232.6,230.8,231.4,230.6,229.0,227.5,226.9,227.6,229.2,261.8,263.7,268.1,272.5,274.3,272.9,268.1,263.6,257.0,259.1,262.4,266.8,271.7,275.8,279.1,275.7,271.2,266.6,262.5,259.2,266.4,268.3,270.2,271.1,270.3,268.3,266.4,265.6,332.5,334.3,338.8,343.5,345.6,343.8,339.2,334.2,328.6,331.0,334.6,339.5,344.7,349.2,352.6,349.3,345.0,340.2,335.6,331.5,337.2,339.2,341.2,342.0,341.1,339.1,337.0,336.3,-2.4,-6.8,-8.7,-7.1,-2.9,1.8,3.4,1.8,-0.3,-2.5,-4.1,-5.0,-4.5,-2.9,-0.6,0.9,1.5,1.9,1.8,1.1,-0.5,0.2,-0.7,-2.6,-4.4,-5.1,-4.3,-2.4,-4.6,-8.9,-10.9,-9.4,-5.2,-0.9,1.1,-0.1,-1.9,-4.5,-6.5,-7.4,-6.9,-5.5,-3.4,-1.7,-0.8,-0.4,-0.5,-0.7,-2.8,-2.1,-3.0,-4.9,-6.7,-7.4,-6.5,-4.6,657.5,658.4,659.2,659.5,659.1,658.5,657.4,657.1,660.8,658.6,656.9,656.4,657.6,659.4,661.3,659.2,657.1,656.1,656.7,658.4,658.6,658.7,659.1,659.5,659.7,659.5,659.2,658.8,701.7,702.9,704.6,705.7,705.6,704.3,702.7,701.7,702.0,701.3,701.2,702.2,704.7,708.0,711.3,707.8,704.4,702.0,700.9,701.2,703.5,704.0,704.7,705.3,705.3,704.8,704.1,703.6,369.5,31.4,824.6,-0.002,0.095,-0.071
700,0,1656521730.363,0.98,1,-0.090879,0.080319,-0.992618,-0.240779,0.077729,-0.967463,-0.168,0.080,561.3,562.7,566.4,570.4,572.2,571.1,567.0,563.1,555.7,558.4,562.0,566.2,570.3,573.5,575.7,573.4,570.1,566.2,562.3,558.6,565.1,566.8,568.4,569.0,568.2,566.5,564.9,564.3,607.0,608.0,611.3,614.8,616.6,615.6,612.4,608.5,603.5,605.8,609.0,612.8,616.2,618.7,620.3,618.9,616.6,613.6,610.0,606.3,610.3,611.8,613.3,613.7,612.9,611.3,609.9,609.5,230.9,226.9,225.1,226.6,230.5,234.8,236.3,234.8,232.8,230.7,229.3,228.5,228.9,230.4,232.6,233.9,234.5,234.8,234.7,234.2,232.6,233.3,232.5,230.7,229.0,228.4,229.2,230.9,229.1,225.3,223.6,225.0,228.5,232.3,234.0,232.9,231.4,229.2,227.4,226.6,227.1,228.3,230.1,231.5,232.3,232.7,232.6,232.5,230.6,231.2,230.5,228.8,227.3,226.7,227.4,229.1,261.0,262.8,267.2,271.6,273.4,272.0,267.2,262.8,256.2,258.3,261.5,265.9,270.8,274.9,278.2,274.8,270.3,265.8,261.7,258.4,265.5,267.4,269.4,270.2,269.4,267.5,265.5,264.7,330.6,332.3,336.9,341.6,343.7,341.9,337.3,332.4,326.7,329.1,332.7,337.6,342.8,347.3,350.7,347.4,343.1,338.4,333.7,329.6,335.3,337.3,339.3,340.1,339.2,337.1,335.1,334.4,-2.5,-6.8,-8.8,-7.2,-2.9,1.8,3.4,1.8,-0.4,-2.6,-4.2,-5.1,-4.6,-3.0,-0.7,0.8,1.4,1.8,1.7,1.1,-0.6,0.1,-0.7,-2.7,-4.5,-5.2,-4.4,-2.5,-4.8,-9.1,-11.1,-9.6,-5.4,-1.0,0.9,-0.2,-2.0,-4.6,-6.6,-7.6,-7.1,-5.7,-3.6,-1.9,-1.0,-0.6,-0.6,-0.8,-2.9,-2.3,-3.1,-5.0,-6.9,-7.5,-6.7,-4.8,655.8,656.6,657.4,657.6,657.2,656.7,655.7,655.4,659.1,656.9,655.2,654.6,655.7,657.5,659.5,657.4,655.3,654.4,654.9,656.8,656.8,657.0,657.3,657.7,657.8,657.7,657.4,657.0,697.8,699.0,700.7,701.8,701.8,700.5,698.8,697.8,698.1,697.4,697.3,698.3,700.9,704.2,707.5,704.0,700.6,698.2,697.1,697.3,699.6,700.1,700.9,701.4,701.4,700.9,700.2,699.7,369.2,31.3,824.0,0.004,0.098,-0.075
701,0,1656521730.396,0.98,1,-0.089651,0.074071,-0.993215,-0.240904,0.071973,-0.967877,-0.167,0.074,561.2,562.6,566.3,570.3,572.1,571.0,567.0,563.0,555.6,558.3,561.9,566.1,570.2,573.4,575.6,573.4,570.0,566.1,562.2,558.4,565.0,566.7,568.4,569.0,568.2,566.4,564.8,564.2,607.0,608.0,611.2,614.8,616.6,615.6,612.4,608.5,603.4,605.8,608.9,612.8,616.2,618.7,620.3,618.9,616.6,613.6,610.0,606.3,610.3,611.8,613.3,613.7,612.9,611.3,609.9,609.5,231.0,227.0,225.2,226.7,230.6,234.9,236.4,234.9,232.9,230.9,229.4,228.5,229.0,230.6,232.7,234.1,234.6,235.0,234.9,234.3,232.8,233.4,232.6,230.9,229.2,228.5,229.3,231.0,229.2,225.4,223.7,225.1,228.6,232.4,234.1,233.1,231.6,229.3,227.5,226.7,227.1,228.3,230.2,231.7,232.4,232.8,232.8,232.6,230.7,231.3,230.6,228.9,227.4,226.8,227.5,229.2,259.4,261.2,265.6,270.0,271.8,270.4,265.6,261.2,254.6,256.7,259.9,264.3,269.2,273.3,276.6,273.2,268.7,264.1,260.1,256.8,263.9,265.8,267.7,268.6,267.8,265.8,263.9,263.1,329.1,330.8,335.4,340.1,342.2,340.4,335.8,330.9,325.2,327.6,331.2,336.1,341.3,345.8,349.2,345.9,341.6,336.9,332.2,328.1,333.8,335.8,337.8,338.6,337.7,335.6,333.6,332.9,-2.3,-6.7,-8.6,-7.0,-2.8,1.9,3.5,1.9,-0.2,-2.5,-4.1,-5.0,-4.5,-2.8,-0.5,1.0,1.6,2.0,1.9,1.3,-0.4,0.3,-0.6,-2.5,-4.4,-5.1,-4.2,-2.3,-4.6,-8.9,-10.9,-9.4,-5.2,-0.9,1.1,-0.1,-1.8,-4.5,-6.5,-7.5,-7.0,-5.6,-3.4,-1.7,-0.8,-0.4,-0.4,-0.6,-2.8,-2.1,-3.0,-4.9,-6.7,-7.4,-6.5,-4.6,652.1,652.9,653.7,653.9,653.5,652.9,651.9,651.6,655.4,653.2,651.4,650.9,652.0,653.8,655.7,653.6,651.5,650.6,651.2,653.0,653.1,653.2,653.5,653.9,654.1,654.0,653.7,653.3,694.7,696.0,697.7,698.8,698.7,697.4,695.8,694.7,695.0,694.4,694.3,695.3,697.8,701.2,704.4,700.9,697.6,695.1,694.0,694.3,696.6,697.1,697.8,698.3,698.4,697.9,697.2,696.6,369.0,31.3,823.7,-0.001,0.098,-0.075
702,0,1656521730.429,0.98,1,-0.092154,0.078408,-0.992653,-0.241659,0.075949,-0.967384,-0.169,0.079,561.2,562.6,566.4,570.3,572.1,571.0,567.0,563.0,555.6,558.3,562.0,566.1,570.2,573.4,575.6,573.4,570.0,566.2,562.2,558.5,565.0,566.7,568.4,569.0,568.2,566.5,564.8,564.2,606.8,607.8,611.1,614.7,616.5,615.5,612.2,608.4,603.3,605.7,608.8,612.6,616.1,618.6,620.1,618.8,616.5,613.4,609.8,606.2,610.1,611.7,613.1,613.6,612.8,611.2,609.8,609.3,231.0,227.0,225.2,226.6,230.5,234.8,236.3,234.8,232.9,230.8,229.3,228.5,229.0,230.5,232.6,234.0,234.5,234.9,234.8,234.2,232.7,233.3,232.5,230.8,229.1,228.4,229.2,231.0,229.1,225.4,223.7,225.0,228.6,232.3,234.0,233.0,231.5,229.2,227.5,226.6,227.1,228.3,230.2,231.6,232.3,232.7,232.7,232.5,230.7,231.2,230.5,228.9,227.3,226.7,227.5,229.1,260.7,262.5,266.9,271.3,273.2,271.7,266.9,262.5,256.0,258.0,261.3,265.6,270.5,274.7,277.9,274.5,270.0,265.5,261.4,258.2,265.2,267.2,269.1,269.9,269.1,267.2,265.3,264.5,330.0,331.8,336.3,341.0,343.1,341.3,336.7,331.8,326.1,328.5,332.1,337.0,342.2,346.7,350.1,346.8,342.5,337.8,333.1,329.0,334.7,336.7,338.7,339.5,338.6,336.5,334.5,333.8,-2.4,-6.8,-8.7,-7.1,-2.9,1.8,3.4,1.8,-0.3,-2.6,-4.2,-5.1,-4.5,-2.9,-0.6,0.9,1.5,1.9,1.8,1.2,-0.5,0.2,-0.7,-2.6,-4.5,-5.2,-4.3,-2.4,-4.7,-9.0,-11.0,-9.5,-5.3,-1.0,1.0,-0.2,-2.0,-4.6,-6.6,-7.6,-7.0,-5.7,-3.5,-1.9,-1.0,-0.5,-0.5,-0.8,-2.9,-2.2,-3.1,-5.0,-6.8,-7.5,-6.6,-4.7,655.4,656.2,656.9,657.1,656.7,656.2,655.2,654.9,658.7,656.5,654.7,654.2,655.2,657.0,659.0,656.9,654.8,653.9,654.5,656.3,656.4,656.5,656.8,657.2,657.3,657.2,656.9,656.6,697.0,698.2,699.9,701.0,700.9,699.6,698.0,697.0,697.2,696.6,696.5,697.5,700.0,703.4,706.6,703.1,699.8,697.3,696.2,696.5,698.8,699.3,700.0,700.5,700.6,700.1,699.4,698.8,369.3,31.2,824.5,0.002,0.099,-0.076
703,0,1656521730.463,0.98,1,-0.095251,0.077479,-0.992433,-0.241943,0.074876,-0.967397,-0.170,0.078,561.4,562.7,566.5,570.4,572.2,571.1,567.1,563.2,555.8,558.5,562.1,566.3,570.3,573.5,575.7,573.4,570.1,566.3,562.3,558.7,565.1,566.8,568.5,569.1,568.3,566.6,564.9,564.3,606.8,607.8,611.0,614.6,616.4,615.4,612.2,608.3,603.3,605.6,608.8,612.6,616.0,618.5,620.0,618.7,616.4,613.4,609.8,606.1,610.1,611.6,613.1,613.5,612.7,611.1,609.7,609.3,231.0,227.0,225.2,226.6,230.5,234.8,236.3,234.8,232.8,230.8,229.3,228.5,229.0,230.4,232.6,234.0,234.5,234.9,234.8,234.2,232.6,233.3,232.5,230.8,229.1,228.4,229.2,231.0,229.1,225.3,223.7,225.0,228.6,232.3,234.0,233.0,231.5,229.2,227.4,226.6,227.1,228.3,230.1,231.6,232.3,232.7,232.7,232.5,230.6,231.2,230.5,228.9,227.3,226.7,227.5,229.1,261.9,263.7,268.1,272.5,274.3,272.9,268.1,263.7,257.2,259.2,262.4,266.7,271.6,275.8,279.1,275.7,271.2,266.6,262.6,259.4,266.4,268.3,270.3,271.1,270.3,268.3,266.4,265.6,330.5,332.2,336.8,341.5,343.6,341.8,337.2,332.3,326.6,328.9,332.5,337.4,342.7,347.2,350.6,347.3,343.0,338.3,333.6,329.5,335.2,337.2,339.2,340.0,339.1,337.0,335.0,334.2,-2.4,-6.8,-8.7,-7.1,-2.9,1.8,3.4,1.8,-0.4,-2.6,-4.2,-5.1,-4.6,-3.0,-0.6,0.9,1.5,1.9,1.8,1.2,-0.6,0.1,-0.7,-2.6,-4.5,-5.2,-4.3,-2.4,-4.7,-9.1,-11.1,-9.5,-5.4,-1.0,1.0,-0.2,-2.0,-4.6,-6.6,-7.6,-7.1,-5.7,-3.5,-1.9,-0.9,-0.5,-0.5,-0.8,-2.9,-2.2,-3.1,-5.0,-6.8,-7.5,-6.6,-4.7,657.9,658.7,659.4,659.6,659.2,658.7,657.7,657.5,661.3,659.1,657.2,656.7,657.7,659.5,661.4,659.4,657.3,656.4,657.0,658.9,658.9,659.0,659.3,659.7,659.8,659.7,659.4,659.1,698.1,699.3,701.0,702.1,702.0,700.8,699.1,698.1,698.3,697.7,697.6,698.6,701.2,704.5,707.8,704.3,700.9,698.5,697.4,697.6,699.9,700.4,701.1,701.7,701.7,701.2,700.5,699.9,370.6,31.3,827.1,0.003,0.102,-0.078
704,0,1656521730.496,0.98,1,-0.092533,0.077895,-0.992658,-0.240671,0.075403,-0.967673,-0.168,0.078,561.2,562.6,566.3,570.3,572.1,571.0,567.0,563.0,555.7,558.4,562.0,566.1,570.2,573.4,575.6,573.3,570.0,566.1,562.2,558.5,565.0,566.7,568.4,569.0,568.2,566.4,564.8,564.2,606.9,607.9,611.2,614.7,616.5,615.5,612.3,608.4,603.4,605.7,608.9,612.7,616.1,618.6,620.1,618.8,616.5,613.4,609.9,606.2,610.2,611.7,613.2,613.6,612.8,611.2,609.8,609.4,230.9,226.9,225.2,226.6,230.5,234.8,236.2,234.8,232.8,230.8,229.3,228.5,229.0,230.4,232.5,233.9,234.5,234.8,234.8,234.2,232.6,233.3,232.5,230.7,229.0,228.4,229.2,230.9,229.1,225.3,223.7,225.0,228.6,232.3,234.0,233.0,231.4,229.2,227.5,226.6,227.1,228.3,230.2,231.6,232.3,232.7,232.6,232.5,230.6,231.2,230.5,228.9,227.3,226.7,227.5,229.1,262.1,263.9,268.3,272.7,274.6,273.1,268.3,264.0,257.4,259.4,262.7,267.0,271.9,276.1,279.3,276.0,271.5,266.9,262.9,259.6,266.7,268.6,270.5,271.3,270.5,268.6,266.7,265.9,331.5,333.2,337.8,342.5,344.6,342.8,338.2,333.2,327.5,329.9,333.5,338.5,343.7,348.2,351.6,348.3,344.0,339.2,334.6,330.4,336.1,338.2,340.2,341.0,340.1,338.0,336.0,335.2,-2.4,-6.8,-8.8,-7.2,-3.0,1.7,3.4,1.8,-0.4,-2.6,-4.2,-5.1,-4.6,-3.0,-0.7,0.8,1.4,1.8,1.8,1.1,-0.6,0.1,-0.7,-2.7,-4.5,-5.2,-4.4,-2.4,-4.8,-9.1,-11.1,-9.5,-5.4,-1.0,1.0,-0.2,-2.0,-4.6,-6.6,-7.6,-7.0,-5.7,-3.5,-1.9,-1.0,-0.6,-0.6,-0.8,-2.9,-2.3,-3.1,-5.0,-6.8,-7.5,-6.7,-4.8,658.9,659.7,660.4,660.6,660.2,659.7,658.7,658.5,662.2,660.0,658.2,657.7,658.7,660.5,662.5,660.4,658.3,657.4,658.0,659.8,659.9,660.0,660.3,660.7,660.8,660.7,660.4,660.1,699.9,701.1,702.8,703.9,703.8,702.6,700.9,699.9,700.2,699.5,699.4,700.4,703.0,706.3,709.5,706.1,702.7,700.3,699.2,699.4,701.7,702.2,702.9,703.5,703.5,703.0,702.3,701.8,369.7,31.3,825.3,-0.001,0.100,-0.077
705,0,1656521730.530,0.98,1,-0.091750,0.076719,-0.992822,-0.241816,0.073715,-0.967518,-0.169,0.077,561.2,562.6,566.4,570.4,572.2,571.1,567.0,563.1,555.6,558.3,562.0,566.2,570.3,573.5,575.7,573.4,570.0,566.2,562.2,558.5,565.0,566.8,568.4,569.0,568.2,566.5,564.8,564.2,607.0,608.0,611.3,614.9,616.7,615.7,612.4,608.5,603.5,605.8,609.0,612.8,616.3,618.8,620.3,619.0,616.7,613.6,610.0,606.3,610.3,611.9,613.3,613.7,612.9,611.4,609.9,609.5,230.9,226.9,225.1,226.6,230.5,234.8,236.3,234.8,232.8,230.8,229.3,228.5,229.0,230.5,232.6,234.0,234.5,234.9,234.8,234.2,232.7,233.3,232.5,230.8,229.1,228.4,229.2,231.0,229.1,225.4,223.7,225.0,228.6,232.3,234.0,233.0,231.5,229.2,227.5,226.6,227.1,228.3,230.2,231.6,232.4,232.7,232.7,232.5,230.7,231.3,230.5,228.9,227.3,226.7,227.5,229.1,259.9,261.7,266.1,270.5,272.3,270.9,266.1,261.7,255.1,257.2,260.4,264.8,269.7,273.8,277.1,273.7,269.2,264.7,260.6,257.3,264.4,266.3,268.3,269.1,268.3,266.4,264.4,263.6,328.8,330.5,335.1,339.8,341.9,340.1,335.5,330.6,324.9,327.2,330.8,335.8,341.0,345.5,348.9,345.6,341.3,336.6,331.9,327.8,333.5,335.5,337.5,338.3,337.4,335.3,333.3,332.5,-2.4,-6.8,-8.7,-7.1,-2.9,1.8,3.4,1.8,-0.3,-2.6,-4.2,-5.1,-4.5,-2.9,-0.6,0.9,1.5,1.9,1.8,1.2,-0.5,0.2,-0.7,-2.6,-4.4,-5.2,-4.3,-2.4,-4.7,-9.0,-11.0,-9.5,-5.3,-1.0,1.0,-0.2,-1.9,-4.6,-6.6,-7.5,-7.0,-5.6,-3.5,-1.8,-0.9,-0.5,-0.5,-0.7,-2.9,-2.2,-3.0,-4.9,-6.8,-7.4,-6.6,-4.7,653.2,654.1,654.8,655.1,654.6,654.1,653.0,652.8,656.6,654.4,652.6,652.1,653.1,654.9,656.9,654.8,652.7,651.8,652.4,654.2,654.3,654.4,654.7,655.1,655.2,655.1,654.8,654.4,694.0,695.2,696.9,698.0,697.9,696.7,695.0,694.0,694.2,693.6,693.5,694.5,697.1,700.4,703.7,700.2,696.8,694.3,693.3,693.5,695.8,696.3,697.0,697.6,697.6,697.1,696.4,695.9,369.8,31.3,825.3,0.002,0.100,-0.076
706,0,1656521730.563,0.98,1,-0.088684,0.078069,-0.992996,-0.241306,0.075947,-0.967473,-0.167,0.078,561.3,562.6,566.4,570.3,572.2,571.0,567.0,563.1,555.7,558.4,562.0,566.2,570.3,573.4,575.6,573.4,570.0,566.2,562.2,558.6,565.0,566.8,568.4,569.0,568.2,566.5,564.8,564.2,606.9,607.9,611.2,614.7,616.6,615.6,612.3,608.5,603.4,605.8,608.9,612.7,616.1,618.6,620.2,618.8,616.5,613.5,609.9,606.3,610.2,611.8,613.2,613.6,612.8,611.3,609.8,609.4,230.9,226.9,225.1,226.6,230.5,234.8,236.3,234.8,232.8,230.8,229.3,228.5,229.0,230.5,232.6,234.0,234.5,234.9,234.8,234.2,232.6,233.3,232.5,230.8,229.1,228.4,229.2,230.9,229.1,225.3,223.6,225.0,228.5,232.3,233.9,232.9,231.4,229.2,227.4,226.6,227.1,228.2,230.1,231.5,232.3,232.7,232.7,232.5,230.6,231.2,230.5,228.8,227.3,226.7,227.4,229.1,261.2,263.1,267.5,271.9,273.7,272.2,267.4,263.0,256.4,258.5,261.8,266.1,271.0,275.2,278.4,275.1,270.6,266.0,261.9,258.6,265.8,267.7,269.6,270.4,269.6,267.7,265.8,265.0,331.5,333.3,337.8,342.5,344.6,342.8,338.2,333.3,327.6,330.0,333.6,338.5,343.7,348.2,351.6,348.3,344.0,339.3,334.6,330.5,336.2,338.2,340.2,341.0,340.1,338.0,336.0,335.3,-2.4,-6.8,-8.8,-7.1,-2.9,1.8,3.4,1.8,-0.4,-2.6,-4.2,-5.1,-4.6,-3.0,-0.6,0.9,1.5,1.9,1.8,1.1,-0.6,0.1,-0.7,-2.6,-4.5,-5.2,-4.3,-2.4,-4.8,-9.1,-11.1,-9.6,-5.4,-1.1,0.9,-0.3,-2.0,-4.6,-6.7,-7.6,-7.1,-5.8,-3.6,-1.9,-1.0,-0.6,-0.6,-0.8,-3.0,-2.3,-3.2,-5.1,-6.9,-7.5,-6.7,-4.8,656.5,657.3,658.1,658.4,658.0,657.4,656.3,656.1,659.8,657.6,655.8,655.3,656.4,658.3,660.2,658.1,656.0,655.0,655.6,657.4,657.5,657.6,658.0,658.4,658.5,658.4,658.1,657.7,699.9,701.2,702.8,703.9,703.8,702.6,700.9,699.9,700.2,699.6,699.4,700.4,703.0,706.3,709.5,706.1,702.7,700.3,699.2,699.4,701.7,702.2,702.9,703.5,703.5,703.0,702.3,701.8,370.0,31.2,826.1,0.003,0.096,-0.074
707,0,1656521730.596,0.98,1,-0.089385,0.077562,-0.992973,-0.239574,0.075725,-0.967920,-0.166,0.078,561.3,562.7,566.4,570.4,572.2,571.1,567.1,563.1,555.7,558.4,562.0,566.2,570.3,573.5,575.7,573.4,570.1,566.2,562.3,558.6,565.1,566.8,568.4,569.0,568.3,566.5,564.9,564.3,606.9,607.9,611.2,614.7,616.6,615.6,612.3,608.4,603.4,605.7,608.9,612.7,616.1,618.6,620.1,618.8,616.5,613.5,609.9,606.2,610.2,611.8,613.2,613.6,612.8,611.3,609.8,609.4,231.0,227.0,225.2,226.7,230.6,234.9,236.4,234.9,232.9,230.9,229.4,228.6,229.1,230.5,232.7,234.1,234.6,235.0,234.9,234.3,232.7,233.4,232.6,230.8,229.2,228.5,229.3,231.0,229.2,225.4,223.7,225.1,228.6,232.4,234.1,233.1,231.6,229.3,227.5,226.7,227.2,228.3,230.2,231.6,232.4,232.8,232.8,232.6,230.7,231.3,230.6,228.9,227.4,226.8,227.5,229.2,260.8,262.7,267.1,271.5,273.3,271.8,267.0,262.7,256.0,258.1,261.4,265.8,270.6,274.8,278.0,274.7,270.2,265.6,261.6,258.3,265.4,267.3,269.2,270.0,269.2,267.3,265.4,264.6,330.4,332.1,336.7,341.4,343.5,341.7,337.1,332.2,326.5,328.9,332.5,337.4,342.6,347.1,350.5,347.2,342.9,338.2,333.5,329.4,335.1,337.1,339.1,339.9,339.0,336.9,334.9,334.2,-2.3,-6.7,-8.6,-7.0,-2.8,1.9,3.5,1.9,-0.3,-2.5,-4.1,-5.0,-4.5,-2.9,-0.5,1.0,1.6,2.0,1.9,1.2,-0.5,0.2,-0.6,-2.5,-4.4,-5.1,-4.2,-2.3,-4.6,-9.0,-11.0,-9.4,-5.3,-0.9,1.1,-0.1,-1.9,-4.5,-6.5,-7.5,-7.0,-5.6,-3.5,-1.8,-0.9,-0.4,-0.5,-0.7,-2.8,-2.1,-3.0,-4.9,-6.7,-7.4,-6.5,-4.6,655.4,656.3,657.1,657.3,656.9,656.3,655.3,655.0,658.7,656.6,654.8,654.3,655.4,657.2,659.1,657.0,654.9,654.0,654.6,656.4,656.5,656.6,656.9,657.3,657.5,657.4,657.0,656.7,697.6,698.8,700.5,701.7,701.6,700.3,698.7,697.6,697.9,697.2,697.1,698.2,700.7,704.1,707.3,703.8,700.5,698.0,696.9,697.1,699.4,699.9,700.7,701.2,701.3,700.8,700.0,699.5,369.3,31.2,824.5,0.002,0.097,-0.075
708,0,1656521730.630,0.98,1,-0.091428,0.079039,-0.992670,-0.240676,0.076893,-0.967555,-0.168,0.079,561.3,562.7,566.5,570.4,572.2,571.1,567.1,563.1,555.8,558.5,562.1,566.3,570.3,573.5,575.7,573.4,570.1,566.3,562.3,558.6,565.1,566.8,568.5,569.1,568.3,566.6,564.9,564.3,606.8,607.8,611.1,614.6,616.5,615.5,612.2,608.3,603.3,605.6,608.8,612.6,616.0,618.5,620.1,618.7,616.4,613.4,609.8,606.1,610.1,611.7,613.1,613.5,612.7,611.2,609.7,609.3,231.0,227.0,225.2,226.7,230.5,234.8,236.3,234.9,232.9,230.8,229.3,228.5,229.0,230.5,232.7,234.0,234.6,235.0,234.9,234.3,232.7,233.3,232.6,230.8,229.1,228.5,229.3,231.0,229.1,225.4,223.7,225.0,228.6,232.3,234.0,233.0,231.5,229.2,227.5,226.6,227.1,228.3,230.2,231.6,232.4,232.8,232.8,232.6,230.7,231.3,230.5,228.9,227.3,226.8,227.5,229.1,261.6,263.5,267.9,272.3,274.1,272.6,267.8,263.5,256.9,258.9,262.2,266.5,271.4,275.6,278.8,275.5,271.0,266.4,262.4,259.1,266.2,268.1,270.0,270.8,270.0,268.1,266.2,265.4,330.6,332.4,336.9,341.6,343.7,341.9,337.4,332.4,326.7,329.1,332.7,337.6,342.8,347.3,350.7,347.4,343.1,338.4,333.7,329.6,335.3,337.3,339.3,340.1,339.2,337.1,335.1,334.4,-2.4,-6.7,-8.7,-7.1,-2.9,1.8,3.5,1.9,-0.3,-2.6,-4.2,-5.1,-4.5,-2.9,-0.6,0.9,1.6,2.0,1.9,1.2,-0.5,0.2,-0.7,-2.6,-4.4,-5.1,-4.3,-2.4,-4.7,-9.0,-11.0,-9.5,-5.3,-1.0,1.0,-0.2,-1.9,-4.6,-6.6,-7.6,-7.0,-5.7,-3.5,-1.8,-0.9,-0.5,-0.5,-0.7,-2.9,-2.2,-3.1,-5.0,-6.8,-7.5,-6.6,-4.7,657.3,658.1,658.9,659.1,658.7,658.2,657.2,656.9,660.7,658.5,656.7,656.1,657.2,659.0,661.0,658.9,656.8,655.9,656.5,658.3,658.4,658.5,658.8,659.2,659.3,659.2,658.9,658.5,698.3,699.5,701.2,702.3,702.2,701.0,699.3,698.3,698.6,697.9,697.8,698.8,701.4,704.7,708.0,704.5,701.1,698.7,697.6,697.8,700.1,700.6,701.3,701.9,701.9,701.4,700.7,700.2,370.0,31.2,826.0,0.004,0.099,-0.077
709,0,1656521730.663,0.98,1,-0.095194,0.079615,-0.992270,-0.243888,0.076131,-0.966811,-0.171,0.079,561.3,562.6,566.4,570.3,572.1,571.0,567.0,563.1,555.7,558.4,562.0,566.2,570.2,573.4,575.6,573.3,570.0,566.2,562.2,558.6,565.0,566.7,568.4,569.0,568.2,566.5,564.8,564.2,606.8,607.8,611.1,614.7,616.5,615.5,612.2,608.3,603.3,605.7,608.8,612.6,616.1,618.5,620.1,618.7,616.4,613.4,609.8,606.1,610.1,611.7,613.1,613.5,612.8,611.2,609.8,609.3,230.8,226.8,225.1,226.5,230.4,234.7,236.2,234.7,232.7,230.7,229.2,228.4,228.9,230.4,232.5,233.8,234.4,234.8,234.7,234.1,232.5,233.2,232.4,230.6,229.0,228.3,229.1,230.8,229.1,225.3,223.7,225.0,228.6,232.3,234.0,232.9,231.4,229.2,227.5,226.6,227.1,228.3,230.2,231.6,232.3,232.7,232.6,232.4,230.6,231.2,230.5,228.9,227.3,226.7,227.4,229.1,262.3,264.1,268.5,272.9,274.7,273.3,268.5,264.1,257.5,259.6,262.8,267.2,272.0,276.2,279.5,276.1,271.6,267.0,263.0,259.7,266.8,268.7,270.7,271.5,270.7,268.8,266.8,266.0,331.4,333.2,337.8,342.5,344.5,342.7,338.1,333.2,327.5,329.9,333.5,338.4,343.6,348.1,351.6,348.2,343.9,339.2,334.5,330.4,336.1,338.1,340.1,340.9,340.0,338.0,336.0,335.2,-2.6,-6.9,-8.9,-7.3,-3.0,1.7,3.3,1.7,-0.5,-2.7,-4.3,-5.2,-4.7,-3.1,-0.7,0.7,1.3,1.7,1.6,1.0,-0.7,0.0,-0.8,-2.8,-4.6,-5.3,-4.5,-2.5,-4.8,-9.1,-11.1,-9.5,-5.4,-1.0,0.9,-0.3,-2.0,-4.6,-6.6,-7.6,-7.0,-5.7,-3.5,-1.9,-1.0,-0.6,-0.6,-0.8,-2.9,-2.3,-3.1,-5.0,-6.8,-7.5,-6.7,-4.8,659.2,660.0,660.7,660.9,660.5,660.0,659.0,658.7,662.5,660.3,658.5,658.0,659.0,660.8,662.7,660.7,658.6,657.7,658.3,660.1,660.2,660.3,660.6,661.0,661.1,661.0,660.7,660.4,700.0,701.2,702.9,704.0,703.9,702.6,701.0,700.0,700.3,699.6,699.5,700.5,703.0,706.3,709.5,706.1,702.7,700.3,699.2,699.5,701.8,702.3,703.0,703.5,703.6,703.1,702.4,701.8,369.9,31.3,825.7,0.003,0.104,-0.078
710,0,1656521730.697,0.98,1,-0.094075,0.077668,-0.992531,-0.242337,0.074757,-0.967308,-0.170,0.078,561.3,562.7,566.4,570.4,572.2,571.1,567.1,563.1,555.8,558.4,562.0,566.2,570.3,573.5,575.7,573.4,570.1,566.2,562.3,558.6,565.1,566.8,568.4,569.0,568.3,566.5,564.9,564.3,606.8,607.8,611.1,614.7,616.5,615.5,612.2,608.3,603.3,605.6,608.8,612.6,616.1,618.5,620.1,618.7,616.4,613.4,609.8,606.1,610.1,611.7,613.1,613.5,612.7,611.2,609.8,609.3,230.9,226.9,225.2,226.6,230.5,234.8,236.3,234.8,232.8,230.8,229.3,228.5,229.0,230.4,232.6,234.0,234.5,234.9,234.8,234.2,232.6,233.3,232.5,230.8,229.1,228.4,229.2,231.0,229.1,225.4,223.7,225.0,228.6,232.3,234.0,233.0,231.5,229.2,227.4,226.6,227.1,228.3,230.2,231.6,232.4,232.7,232.7,232.5,230.7,231.2,230.5,228.9,227.3,226.7,227.5,229.1,261.4,263.2,267.6,272.0,273.8,272.4,267.6,263.2,256.6,258.7,261.9,266.3,271.1,275.3,278.6,275.2,270.7,266.2,262.1,258.8,265.9,267.8,269.8,270.6,269.8,267.8,265.9,265.1,330.0,331.8,336.3,341.0,343.1,341.3,336.7,331.8,326.1,328.5,332.1,337.0,342.2,346.7,350.1,346.8,342.5,337.8,333.1,329.0,334.7,336.7,338.7,339.5,338.6,336.5,334.5,333.8,-2.4,-6.8,-8.7,-7.1,-2.9,1.8,3.4,1.8,-0.4,-2.6,-4.2,-5.1,-4.6,-3.0,-0.6,0.9,1.5,1.9,1.8,1.2,-0.6,0.1,-0.7,-2.6,-4.5,-5.2,-4.3,-2.4,-4.7,-9.1,-11.0,-9.5,-5.3,-1.0,1.0,-0.2,-2.0,-4.6,-6.6,-7.6,-7.1,-5.7,-3.5,-1.8,-0.9,-0.5,-0.5,-0.8,-2.9,-2.2,-3.1,-5.0,-6.8,-7.5,-6.6,-4.7,656.8,657.6,658.3,658.6,658.1,657.6,656.6,656.4,660.1,657.9,656.1,655.6,656.6,658.4,660.4,658.3,656.2,655.3,655.9,657.8,657.8,657.9,658.2,658.6,658.8,658.7,658.3,658.0,697.0,698.2,699.9,701.0,701.0,699.7,698.0,697.0,697.3,696.6,696.5,697.5,700.1,703.4,706.7,703.2,699.8,697.4,696.3,696.5,698.8,699.3,700.1,700.6,700.6,700.1,699.4,698.9,370.6,31.2,827.1,0.003,0.104,-0.080
711,0,1656521730.730,0.98,1,-0.091083,0.076726,-0.992883,-0.238768,0.073938,-0.968258,-0.167,0.077,561.2,562.6,566.3,570.3,572.1,571.0,567.0,563.0,555.6,558.3,561.9,566.1,570.2,573.4,575.6,573.3,570.0,566.1,562.2,558.5,565.0,566.7,568.4,569.0,568.2,566.4,564.8,564.2,606.8,607.8,611.1,614.7,616.5,615.5,612.2,608.4,603.3,605.7,608.8,612.7,616.1,618.5,620.1,618.7,616.5,613.4,609.8,606.1,610.1,611.7,613.1,613.5,612.8,611.2,609.8,609.3,230.9,226.9,225.1,226.6,230.5,234.8,236.3,234.8,232.8,230.8,229.3,228.5,229.0,230.5,232.6,234.0,234.5,234.9,234.8,234.2,232.7,233.3,232.5,230.8,229.1,228.4,229.2,231.0,229.1,225.4,223.7,225.0,228.6,232.3,234.0,233.0,231.5,229.2,227.5,226.7,227.1,228.3,230.2,231.6,232.4,232.7,232.7,232.5,230.7,231.3,230.5,228.9,227.3,226.7,227.5,229.1,260.8,262.6,267.0,271.4,273.2,271.8,267.0,262.6,256.0,258.1,261.3,265.7,270.5,274.7,278.0,274.6,270.1,265.5,261.5,258.2,265.3,267.2,269.2,270.0,269.2,267.2,265.3,264.5,329.2,331.0,335.5,340.3,342.3,340.6,336.0,331.0,325.3,327.7,331.3,336.2,341.4,345.9,349.3,346.1,341.7,337.0,332.3,328.2,333.9,336.0,338.0,338.7,337.8,335.8,333.8,333.0,-2.4,-6.8,-8.7,-7.1,-2.9,1.8,3.4,1.8,-0.4,-2.6,-4.2,-5.1,-4.6,-2.9,-0.6,0.9,1.5,1.9,1.8,1.1,-0.6,0.2,-0.7,-2.6,-4.5,-5.2,-4.3,-2.4,-4.7,-9.0,-11.0,-9.5,-5.3,-0.9,1.0,-0.2,-1.9,-4.6,-6.5,-7.5,-7.0,-5.6,-3.5,-1.8,-0.9,-0.5,-0.5,-0.7,-2.9,-2.2,-3.0,-4.9,-6.8,-7.4,-6.6,-4.7,655.5,656.4,657.1,657.3,656.9,656.4,655.4,655.1,658.9,656.7,654.9,654.4,655.4,657.2,659.2,657.1,655.0,654.1,654.7,656.5,656.6,656.7,657.0,657.4,657.5,657.4,657.1,656.8,695.3,696.6,698.3,699.4,699.3,698.1,696.4,695.4,695.6,694.9,694.9,695.9,698.5,701.8,705.1,701.6,698.2,695.7,694.6,694.8,697.2,697.7,698.4,699.0,699.0,698.5,697.8,697.2,369.0,31.2,823.9,-0.001,0.100,-0.077
712,0,1656521730.763,0.98,1,-0.092876,0.074110,-0.992916,-0.241674,0.071258,-0.967738,-0.169,0.074,561.1,562.5,566.2,570.2,572.0,570.9,566.9,562.9,555.5,558.2,561.8,566.0,570.1,573.3,575.5,573.3,569.9,566.0,562.1,558.4,564.9,566.6,568.3,568.9,568.1,566.3,564.7,564.1,606.8,607.8,611.1,614.6,616.5,615.5,612.2,608.3,603.3,605.6,608.8,612.6,616.0,618.5,620.1,618.7,616.4,613.4,609.8,606.1,610.1,611.6,613.1,613.5,612.7,611.1,609.7,609.3,231.0,226.9,225.1,226.6,230.5,234.8,236.3,234.8,232.9,230.8,229.3,228.5,229.0,230.4,232.6,234.0,234.5,234.9,234.8,234.2,232.7,233.3,232.5,230.8,229.1,228.4,229.2,231.0,229.1,225.3,223.6,225.0,228.6,232.3,234.0,233.0,231.4,229.2,227.4,226.6,227.1,228.3,230.2,231.6,232.3,232.7,232.7,232.5,230.7,231.2,230.5,228.9,227.3,226.7,227.5,229.1,260.5,262.3,266.7,271.1,272.9,271.4,266.7,262.3,255.7,257.8,261.0,265.3,270.2,274.4,277.6,274.3,269.8,265.2,261.2,257.9,265.0,266.9,268.8,269.6,268.8,266.9,265.0,264.2,329.5,331.3,335.9,340.6,342.6,340.8,336.2,331.3,325.6,328.0,331.6,336.5,341.7,346.2,349.7,346.4,342.0,337.3,332.6,328.5,334.2,336.2,338.3,339.0,338.1,336.1,334.1,333.3,-2.4,-6.8,-8.7,-7.1,-2.9,1.8,3.4,1.8,-0.3,-2.6,-4.2,-5.1,-4.6,-3.0,-0.6,0.9,1.5,1.9,1.8,1.2,-0.5,0.1,-0.7,-2.6,-4.5,-5.2,-4.3,-2.4,-4.7,-9.1,-11.0,-9.5,-5.3,-1.0,1.0,-0.2,-2.0,-4.6,-6.6,-7.6,-7.0,-5.7,-3.5,-1.8,-1.0,-0.5,-0.6,-0.8,-2.9,-2.2,-3.1,-5.0,-6.8,-7.5,-6.6,-4.7,655.0,655.8,656.5,656.8,656.3,655.8,654.8,654.6,658.3,656.1,654.3,653.8,654.9,656.6,658.6,656.5,654.4,653.5,654.1,656.0,656.0,656.1,656.4,656.8,657.0,656.9,656.5,656.2,696.1,697.3,699.0,700.1,700.0,698.8,697.1,696.1,696.3,695.7,695.6,696.6,699.1,702.5,705.7,702.2,698.9,696.4,695.3,695.6,697.9,698.4,699.1,699.7,699.7,699.2,698.5,697.9,369.5,31.2,824.9,-0.004,0.102,-0.079
713,0,1656521730.797,0.98,1,-0.092877,0.075662,-0.992799,-0.241449,0.072863,-0.967674,-0.169,0.076,561.2,562.6,566.4,570.3,572.1,571.0,567.0,563.0,555.7,558.4,562.0,566.2,570.2,573.4,575.6,573.3,570.0,566.2,562.2,558.5,565.0,566.7,568.4,569.0,568.2,566.5,564.8,564.2,606.8,607.8,611.0,614.6,616.4,615.4,612.2,608.3,603.3,605.6,608.8,612.6,616.0,618.5,620.0,618.7,616.4,613.4,609.8,606.1,610.1,611.6,613.0,613.5,612.7,611.1,609.7,609.3,230.9,226.9,225.1,226.6,230.4,234.7,236.2,234.7,232.8,230.7,229.2,228.4,228.9,230.4,232.5,233.9,234.5,234.8,234.7,234.2,232.6,233.2,232.5,230.7,229.0,228.4,229.2,230.9,229.0,225.3,223.6,224.9,228.5,232.2,233.9,232.9,231.4,229.1,227.4,226.5,227.0,228.2,230.1,231.5,232.2,232.6,232.6,232.4,230.6,231.2,230.4,228.8,227.2,226.6,227.4,229.0,261.4,263.3,267.7,272.1,273.9,272.4,267.6,263.2,256.7,258.8,262.0,266.3,271.2,275.4,278.6,275.3,270.8,266.2,262.1,258.9,266.0,267.9,269.8,270.6,269.8,267.9,266.0,265.2,330.3,332.0,336.6,341.3,343.4,341.6,337.0,332.1,326.4,328.7,332.3,337.2,342.5,347.0,350.4,347.1,342.8,338.1,333.4,329.3,335.0,337.0,339.0,339.8,338.9,336.8,334.8,334.0,-2.5,-6.8,-8.8,-7.2,-3.0,1.7,3.3,1.7,-0.4,-2.7,-4.3,-5.2,-4.6,-3.0,-0.7,0.8,1.4,1.8,1.7,1.1,-0.6,0.1,-0.8,-2.7,-4.5,-5.2,-4.4,-2.5,-4.8,-9.1,-11.1,-9.6,-5.5,-1.1,0.9,-0.3,-2.0,-4.7,-6.7,-7.7,-7.2,-5.8,-3.6,-2.0,-1.1,-0.7,-0.7,-0.9,-3.0,-2.3,-3.2,-5.1,-6.9,-7.6,-6.7,-4.8,657.1,657.9,658.7,658.9,658.5,657.9,656.9,656.7,660.4,658.3,656.5,655.9,657.0,658.8,660.7,658.6,656.5,655.6,656.2,658.1,658.1,658.2,658.6,658.9,659.1,659.0,658.7,658.3,697.7,698.9,700.6,701.8,701.7,700.4,698.7,697.7,697.9,697.3,697.2,698.2,700.8,704.1,707.4,703.9,700.5,698.1,697.0,697.2,699.5,700.0,700.8,701.3,701.3,700.9,700.1,699.6,369.7,31.2,825.3,-0.001,0.102,-0.078
714,0,1656521730.830,0.98,1,-0.091843,0.078566,-0.992669,-0.241193,0.075195,-0.967560,-0.168,0.078,561.4,562.7,566.5,570.5,572.3,571.1,567.1,563.2,555.8,558.5,562.1,566.3,570.4,573.5,575.7,573.5,570.1,566.3,562.3,558.7,565.1,566.9,568.5,569.1,568.3,566.6,565.0,564.3,606.8,607.8,611.0,614.6,616.4,615.4,612.2,608.3,603.3,605.6,608.8,612.6,616.0,618.5,620.0,618.7,616.4,613.4,609.8,606.1,610.1,611.6,613.0,613.5,612.7,611.1,609.7,609.3,230.9,226.9,225.1,226.6,230.5,234.8,236.2,234.7,232.7,230.7,229.2,228.4,228.9,230.4,232.6,233.9,234.5,234.9,234.8,234.1,232.6,233.2,232.5,230.7,229.0,228.4,229.1,230.9,229.1,225.3,223.6,225.0,228.5,232.3,234.0,233.0,231.5,229.2,227.4,226.6,227.0,228.2,230.1,231.6,232.3,232.7,232.7,232.5,230.6,231.2,230.5,228.8,227.3,226.7,227.4,229.1,261.2,263.1,267.5,271.9,273.6,272.2,267.4,263.0,256.5,258.5,261.8,266.1,271.0,275.2,278.4,275.0,270.5,266.0,261.9,258.7,265.7,267.7,269.6,270.4,269.6,267.7,265.8,264.9,329.9,331.6,336.2,340.9,343.0,341.2,336.6,331.7,326.0,328.4,331.9,336.9,342.1,346.6,350.0,346.7,342.4,337.7,333.0,328.9,334.6,336.6,338.6,339.4,338.5,336.4,334.4,333.7,-2.5,-6.9,-8.8,-7.2,-3.0,1.7,3.3,1.7,-0.5,-2.7,-4.3,-5.2,-4.6,-3.0,-0.6,0.9,1.5,1.8,1.7,1.1,-0.6,0.1,-0.8,-2.7,-4.5,-5.2,-4.4,-2.5,-4.7,-9.1,-11.1,-9.5,-5.4,-1.0,0.9,-0.2,-1.9,-4.6,-6.6,-7.6,-7.1,-5.7,-3.6,-1.9,-1.0,-0.5,-0.5,-0.8,-2.9,-2.2,-3.1,-5.0,-6.8,-7.5,-6.6,-4.7,656.2,657.0,657.8,658.0,657.6,657.0,656.0,655.8,659.5,657.3,655.5,655.0,656.1,657.9,659.8,657.7,655.7,654.7,655.3,657.2,657.2,657.3,657.7,658.0,658.2,658.1,657.8,657.4,696.9,698.1,699.8,700.9,700.8,699.6,697.9,696.9,697.1,696.5,696.4,697.4,700.0,703.3,706.6,703.1,699.7,697.3,696.2,696.4,698.7,699.2,699.9,700.5,700.5,700.0,699.3,698.7,370.2,31.2,826.5,0.004,0.101,-0.078
715,0,1656521730.863,0.98,1,-0.091237,0.076333,-0.992899,-0.240671,0.073847,-0.967793,-0.168,0.076,561.3,562.7,566.4,570.4,572.2,571.1,567.1,563.2,555.8,558.5,562.1,566.2,570.3,573.5,575.7,573.4,570.1,566.3,562.3,558.7,565.1,566.8,568.5,569.1,568.3,566.5,564.9,564.3,606.9,607.9,611.1,614.7,616.5,615.5,612.3,608.4,603.4,605.7,608.8,612.7,616.1,618.5,620.1,618.8,616.5,613.4,609.9,606.2,610.1,611.7,613.1,613.6,612.8,611.2,609.8,609.4,231.0,227.0,225.2,226.6,230.5,234.8,236.3,234.8,232.9,230.8,229.3,228.5,229.0,230.4,232.6,234.0,234.5,234.9,234.8,234.2,232.7,233.3,232.5,230.8,229.1,228.4,229.2,231.0,229.0,225.3,223.6,225.0,228.5,232.2,233.9,232.9,231.4,229.1,227.4,226.6,227.0,228.2,230.1,231.5,232.3,232.7,232.6,232.5,230.6,231.2,230.4,228.8,227.3,226.7,227.4,229.0,262.0,263.8,268.2,272.6,274.4,273.0,268.2,263.8,257.2,259.3,262.5,266.8,271.7,275.9,279.2,275.8,271.3,266.8,262.7,259.4,266.5,268.4,270.4,271.2,270.4,268.4,266.5,265.7,331.2,333.0,337.6,342.3,344.4,342.6,338.0,333.0,327.3,329.7,333.3,338.2,343.4,348.0,351.4,348.1,343.8,339.0,334.4,330.3,335.9,338.0,340.0,340.8,339.9,337.8,335.8,335.0,-2.4,-6.8,-8.7,-7.1,-2.9,1.8,3.4,1.8,-0.3,-2.6,-4.2,-5.1,-4.6,-3.0,-0.6,0.9,1.5,1.9,1.8,1.2,-0.6,0.1,-0.7,-2.6,-4.5,-5.2,-4.3,-2.4,-4.8,-9.1,-11.1,-9.6,-5.4,-1.1,0.9,-0.3,-2.0,-4.7,-6.7,-7.7,-7.1,-5.8,-3.6,-1.9,-1.0,-0.6,-0.6,-0.8,-3.0,-2.3,-3.2,-5.1,-6.9,-7.6,-6.7,-4.8,658.2,659.0,659.7,660.0,659.6,659.0,658.0,657.8,661.5,659.3,657.5,657.0,658.0,659.9,661.8,659.7,657.6,656.7,657.3,659.1,659.2,659.3,659.6,660.0,660.1,660.0,659.7,659.4,699.5,700.8,702.4,703.6,703.5,702.2,700.5,699.5,699.8,699.1,699.0,700.1,702.6,705.9,709.2,705.7,702.3,699.9,698.8,699.0,701.3,701.8,702.6,703.1,703.2,702.7,701.9,701.4,370.2,31.2,826.1,-0.001,0.099,-0.078
716,0,1656521730.897,0.98,1,-0.093427,0.074774,-0.992814,-0.242683,0.072280,-0.967409,-0.170,0.075,561.3,562.7,566.5,570.5,572.3,571.2,567.1,563.2,555.8,558.5,562.1,566.3,570.4,573.6,575.8,573.5,570.1,566.3,562.3,558.6,565.1,566.9,568.5,569.1,568.3,566.6,564.9,564.3,606.9,608.0,611.2,614.8,616.6,615.6,612.4,608.5,603.4,605.8,608.9,612.8,616.2,618.7,620.3,618.9,616.6,613.6,610.0,606.3,610.3,611.8,613.3,613.7,612.9,611.3,609.9,609.4,231.1,227.0,225.3,226.7,230.6,234.9,236.4,234.9,233.0,230.9,229.4,228.6,229.1,230.6,232.7,234.1,234.7,235.0,234.9,234.3,232.8,233.4,232.6,230.9,229.2,228.5,229.3,231.1,229.2,225.4,223.7,225.0,228.6,232.4,234.1,233.1,231.6,229.3,227.5,226.7,227.1,228.3,230.2,231.6,232.4,232.8,232.8,232.6,230.7,231.3,230.6,228.9,227.4,226.8,227.5,229.2,260.4,262.3,266.7,271.0,272.9,271.4,266.6,262.2,255.7,257.7,261.0,265.3,270.2,274.4,277.6,274.2,269.7,265.2,261.1,257.9,264.9,266.9,268.8,269.6,268.8,266.9,265.0,264.2,328.9,330.6,335.2,339.9,342.0,340.2,335.7,330.7,325.0,327.4,331.0,335.9,341.1,345.6,349.0,345.7,341.4,336.7,332.0,327.9,333.6,335.6,337.6,338.4,337.5,335.4,333.4,332.7,-2.3,-6.6,-8.6,-7.0,-2.8,1.9,3.5,1.9,-0.2,-2.5,-4.1,-5.0,-4.4,-2.8,-0.5,1.0,1.6,2.0,1.9,1.3,-0.4,0.3,-0.6,-2.5,-4.3,-5.0,-4.2,-2.3,-4.6,-8.9,-10.9,-9.4,-5.3,-0.9,1.1,-0.1,-1.8,-4.5,-6.5,-7.5,-7.0,-5.6,-3.4,-1.8,-0.9,-0.4,-0.4,-0.6,-2.8,-2.1,-3.0,-4.9,-6.7,-7.4,-6.5,-4.6,654.2,655.1,655.8,656.0,655.6,655.0,654.0,653.8,657.6,655.4,653.6,653.0,654.1,655.9,657.8,655.7,653.7,652.8,653.4,655.2,655.3,655.3,655.7,656.0,656.2,656.1,655.8,655.4,694.3,695.6,697.3,698.4,698.3,697.1,695.4,694.4,694.6,694.0,693.9,694.9,697.4,700.8,704.0,700.5,697.2,694.7,693.6,693.9,696.2,696.7,697.4,698.0,698.0,697.5,696.8,696.2,370.5,31.3,826.6,-0.000,0.102,-0.079
717,0,1656521730.930,0.98,1,-0.090308,0.075797,-0.993025,-0.240551,0.073276,-0.967867,-0.167,0.076,561.3,562.7,566.5,570.4,572.2,571.1,567.1,563.1,555.7,558.4,562.1,566.3,570.4,573.5,575.7,573.5,570.1,566.3,562.3,558.6,565.1,566.8,568.5,569.1,568.3,566.6,564.9,564.3,607.0,608.0,611.2,614.8,616.6,615.6,612.4,608.5,603.5,605.8,608.9,612.8,616.2,618.7,620.2,618.9,616.6,613.6,610.0,606.3,610.3,611.8,613.3,613.7,612.9,611.3,609.9,609.5,230.9,226.9,225.1,226.6,230.5,234.8,236.3,234.8,232.8,230.7,229.2,228.4,228.9,230.4,232.6,234.0,234.5,234.9,234.8,234.2,232.6,233.3,232.5,230.7,229.0,228.4,229.2,230.9,229.1,225.4,223.7,225.0,228.6,232.3,234.0,233.0,231.5,229.2,227.4,226.6,227.1,228.3,230.2,231.6,232.4,232.8,232.7,232.6,230.7,231.3,230.5,228.9,227.3,226.7,227.5,229.1,260.1,262.0,266.4,270.8,272.6,271.1,266.3,261.9,255.3,257.4,260.7,265.0,269.9,274.1,277.3,273.9,269.4,264.9,260.8,257.5,264.6,266.6,268.5,269.3,268.5,266.6,264.7,263.9,329.0,330.7,335.3,340.0,342.1,340.3,335.7,330.8,325.1,327.4,331.0,336.0,341.2,345.7,349.1,345.8,341.5,336.8,332.1,328.0,333.7,335.7,337.7,338.5,337.6,335.5,333.5,332.8,-2.5,-6.8,-8.8,-7.1,-2.9,1.8,3.4,1.8,-0.4,-2.7,-4.3,-5.2,-4.6,-3.0,-0.6,0.9,1.5,1.9,1.8,1.1,-0.6,0.1,-0.7,-2.6,-4.5,-5.2,-4.3,-2.4,-4.7,-9.0,-11.0,-9.5,-5.3,-1.0,1.0,-0.2,-1.9,-4.6,-6.6,-7.6,-7.0,-5.7,-3.5,-1.8,-0.9,-0.5,-0.5,-0.7,-2.9,-2.2,-3.0,-4.9,-6.8,-7.4,-6.6,-4.7,653.6,654.4,655.2,655.5,655.0,654.4,653.4,653.2,656.9,654.7,653.0,652.4,653.5,655.3,657.3,655.2,653.1,652.1,652.7,654.5,654.6,654.7,655.1,655.4,655.6,655.5,655.2,654.8,694.5,695.8,697.4,698.6,698.5,697.2,695.5,694.5,694.8,694.1,694.0,695.1,697.6,701.0,704.2,700.7,697.4,694.9,693.8,694.0,696.3,696.8,697.6,698.1,698.2,697.7,696.9,696.4,369.5,31.1,824.9,0.004,0.098,-0.075
718,0,1656521730.964,0.98,1,-0.094155,0.078753,-0.992438,-0.242691,0.076138,-0.967111,-0.170,0.079,561.4,562.7,566.5,570.4,572.2,571.1,567.1,563.2,555.8,558.5,562.1,566.3,570.4,573.5,575.7,573.5,570.1,566.3,562.3,558.6,565.1,566.8,568.5,569.1,568.3,566.6,564.9,564.3,606.9,607.9,611.1,614.7,616.5,615.5,612.3,608.4,603.4,605.7,608.8,612.7,616.1,618.6,620.1,618.8,616.5,613.4,609.8,606.2,610.1,611.7,613.1,613.6,612.8,611.2,609.8,609.4,230.8,226.8,225.0,226.5,230.4,234.7,236.2,234.7,232.7,230.6,229.2,228.4,228.9,230.4,232.5,233.9,234.4,234.8,234.7,234.1,232.5,233.2,232.4,230.7,229.0,228.3,229.1,230.8,229.0,225.3,223.6,224.9,228.5,232.2,233.9,232.9,231.4,229.1,227.4,226.5,227.0,228.2,230.1,231.5,232.3,232.7,232.6,232.5,230.6,231.2,230.4,228.8,227.2,226.7,227.4,229.0,261.3,263.1,267.6,271.9,273.7,272.3,267.5,263.1,256.5,258.6,261.9,266.2,271.1,275.3,278.5,275.1,270.6,266.1,262.0,258.7,265.8,267.7,269.7,270.5,269.7,267.8,265.8,265.0,329.8,331.6,336.1,340.8,342.9,341.1,336.6,331.6,325.9,328.3,331.9,336.8,342.0,346.5,349.9,346.7,342.3,337.6,332.9,328.8,334.5,336.6,338.6,339.3,338.4,336.4,334.4,333.6,-2.6,-6.9,-8.9,-7.2,-3.0,1.7,3.3,1.7,-0.5,-2.8,-4.4,-5.2,-4.7,-3.1,-0.7,0.8,1.4,1.8,1.7,1.0,-0.7,0.0,-0.8,-2.7,-4.6,-5.3,-4.4,-2.5,-4.8,-9.1,-11.1,-9.6,-5.4,-1.1,0.9,-0.3,-2.0,-4.7,-6.7,-7.7,-7.1,-5.8,-3.6,-1.9,-1.0,-0.6,-0.6,-0.8,-3.0,-2.3,-3.2,-5.1,-6.9,-7.6,-6.7,-4.8,656.4,657.3,658.0,658.2,657.8,657.2,656.2,656.0,659.8,657.6,655.8,655.2,656.3,658.1,660.0,658.0,655.9,655.0,655.5,657.4,657.4,657.5,657.9,658.2,658.4,658.3,658.0,657.6,696.5,697.7,699.4,700.5,700.5,699.2,697.6,696.5,696.8,696.1,696.0,697.1,699.6,703.0,706.2,702.7,699.4,696.9,695.8,696.1,698.4,698.9,699.6,700.1,700.2,699.7,698.9,698.4,369.6,31.1,825.1,0.004,0.103,-0.076
719,0,1656521730.997,0.98,1,-0.094707,0.076454,-0.992565,-0.244072,0.073391,-0.966976,-0.171,0.076,561.2,562.6,566.3,570.3,572.1,571.0,567.0,563.0,555.6,558.3,561.9,566.1,570.2,573.4,575.7,573.4,570.0,566.1,562.2,558.5,565.0,566.7,568.4,569.0,568.2,566.4,564.8,564.2,606.9,607.9,611.1,614.7,616.6,615.6,612.3,608.4,603.4,605.7,608.8,612.7,616.1,618.6,620.2,618.8,616.5,613.5,609.9,606.2,610.2,611.7,613.2,613.6,612.8,611.2,609.8,609.4,230.9,226.8,225.0,226.5,230.4,234.7,236.2,234.7,232.8,230.7,229.2,228.4,228.9,230.4,232.5,233.9,234.4,234.8,234.7,234.1,232.6,233.2,232.4,230.7,229.0,228.3,229.1,230.9,229.0,225.2,223.5,224.8,228.4,232.2,233.9,232.9,231.4,229.1,227.3,226.5,226.9,228.1,230.0,231.4,232.2,232.6,232.6,232.4,230.5,231.1,230.4,228.7,227.2,226.6,227.3,229.0,260.1,261.9,266.4,270.7,272.5,271.1,266.3,261.9,255.4,257.4,260.7,265.0,269.9,274.1,277.3,273.9,269.4,264.9,260.8,257.6,264.6,266.6,268.5,269.3,268.5,266.6,264.7,263.8,328.9,330.7,335.3,340.0,342.0,340.3,335.7,330.7,325.0,327.4,331.0,335.9,341.1,345.7,349.1,345.8,341.4,336.7,332.0,327.9,333.6,335.7,337.7,338.5,337.5,335.5,333.5,332.7,-2.5,-6.9,-8.8,-7.2,-3.0,1.7,3.3,1.7,-0.4,-2.7,-4.3,-5.2,-4.7,-3.0,-0.7,0.8,1.4,1.8,1.7,1.1,-0.6,0.1,-0.8,-2.7,-4.6,-5.3,-4.4,-2.5,-4.8,-9.2,-11.2,-9.7,-5.5,-1.1,0.8,-0.3,-2.1,-4.7,-6.7,-7.7,-7.2,-5.8,-3.7,-2.0,-1.1,-0.7,-0.7,-0.9,-3.0,-2.4,-3.2,-5.1,-6.9,-7.6,-6.7,-4.8,653.9,654.7,655.5,655.7,655.2,654.7,653.7,653.5,657.3,655.1,653.2,652.7,653.7,655.5,657.4,655.4,653.3,652.4,653.0,654.9,654.9,655.0,655.3,655.7,655.9,655.8,655.5,655.1,694.7,695.9,697.6,698.7,698.6,697.3,695.7,694.7,694.9,694.3,694.2,695.2,697.7,701.1,704.3,700.8,697.4,695.0,693.9,694.2,696.5,697.0,697.7,698.2,698.3,697.8,697.1,696.5,369.5,31.2,824.8,0.002,0.103,-0.078
720,0,1656521731.030,0.98,1,-0.091301,0.076967,-0.992845,-0.240499,0.074630,-0.967776,-0.168,0.077,561.3,562.7,566.5,570.4,572.2,571.1,567.1,563.2,555.8,558.5,562.1,566.3,570.3,573.5,575.7,573.4,570.1,566.3,562.3,558.6,565.1,566.8,568.5,569.1,568.3,566.6,564.9,564.3,606.9,607.9,611.1,614.7,616.5,615.5,612.3,608.4,603.4,605.7,608.8,612.7,616.1,618.6,620.1,618.8,616.5,613.4,609.8,606.2,610.1,611.7,613.1,613.6,612.8,611.2,609.8,609.3,230.9,226.9,225.1,226.6,230.4,234.7,236.2,234.7,232.8,230.7,229.3,228.4,228.9,230.4,232.5,233.9,234.4,234.8,234.7,234.1,232.6,233.2,232.4,230.7,229.0,228.4,229.1,230.9,229.0,225.3,223.6,224.9,228.5,232.2,233.9,232.9,231.4,229.1,227.4,226.6,227.1,228.2,230.1,231.5,232.3,232.6,232.6,232.4,230.6,231.2,230.4,228.8,227.2,226.7,227.4,229.0,261.6,263.4,267.8,272.2,274.0,272.6,267.8,263.4,256.8,258.9,262.1,266.4,271.3,275.5,278.8,275.4,270.9,266.3,262.3,259.0,266.1,268.0,269.9,270.7,269.9,268.0,266.1,265.3,330.5,332.3,336.8,341.5,343.6,341.8,337.2,332.3,326.6,329.0,332.6,337.5,342.7,347.2,350.6,347.3,343.0,338.3,333.6,329.5,335.2,337.2,339.2,340.0,339.1,337.1,335.0,334.3,-2.5,-6.9,-8.8,-7.2,-3.0,1.7,3.3,1.7,-0.4,-2.7,-4.3,-5.1,-4.6,-3.0,-0.7,0.8,1.4,1.8,1.7,1.1,-0.6,0.1,-0.8,-2.7,-4.6,-5.3,-4.4,-2.5,-4.8,-9.1,-11.1,-9.6,-5.4,-1.1,0.9,-0.3,-2.1,-4.7,-6.7,-7.6,-7.1,-5.8,-3.6,-1.9,-1.0,-0.6,-0.6,-0.9,-3.0,-2.3,-3.2,-5.1,-6.9,-7.6,-6.7,-4.8,657.1,657.9,658.7,659.0,658.5,658.0,657.0,656.7,660.4,658.2,656.5,655.9,657.0,658.9,660.8,658.7,656.6,655.7,656.2,658.1,658.2,658.3,658.6,659.0,659.1,659.0,658.7,658.3,698.0,699.2,700.9,702.0,701.9,700.7,699.0,698.0,698.2,697.6,697.5,698.5,701.0,704.4,707.6,704.2,700.8,698.3,697.2,697.5,699.8,700.3,701.0,701.6,701.6,701.1,700.4,699.8,369.1,31.1,823.9,-0.001,0.100,-0.076
721,0,1656521731.064,0.98,1,-0.095071,0.075424,-0.992609,-0.242707,0.071990,-0.967425,-0.171,0.075,561.3,562.7,566.5,570.4,572.2,571.1,567.1,563.1,555.8,558.4,562.0,566.2,570.3,573.5,575.7,573.4,570.1,566.2,562.3,558.6,565.1,566.8,568.5,569.1,568.3,566.5,564.9,564.3,606.9,607.9,611.1,614.7,616.5,615.5,612.3,608.4,603.4,605.7,608.9,612.7,616.1,618.6,620.1,618.8,616.5,613.5,609.9,606.2,610.2,611.7,613.1,613.6,612.8,611.2,609.8,609.4,230.9,226.9,225.1,226.6,230.5,234.8,236.2,234.8,232.8,230.7,229.3,228.4,228.9,230.4,232.6,233.9,234.5,234.9,234.8,234.2,232.6,233.3,232.5,230.7,229.0,228.4,229.2,230.9,229.1,225.4,223.7,225.0,228.6,232.3,234.0,233.0,231.5,229.2,227.5,226.6,227.1,228.3,230.2,231.6,232.4,232.7,232.7,232.5,230.7,231.3,230.5,228.9,227.3,226.7,227.5,229.1,261.2,263.0,267.4,271.8,273.6,272.1,267.4,263.0,256.5,258.5,261.7,266.0,270.9,275.1,278.4,275.0,270.5,265.9,261.9,258.6,265.7,267.6,269.5,270.4,269.6,267.6,265.7,264.9,329.9,331.7,336.3,341.0,343.1,341.3,336.7,331.7,326.0,328.4,332.0,336.9,342.1,346.7,350.1,346.8,342.5,337.7,333.1,328.9,334.6,336.7,338.7,339.5,338.6,336.5,334.5,333.7,-2.5,-6.8,-8.8,-7.2,-3.0,1.7,3.4,1.8,-0.4,-2.7,-4.3,-5.1,-4.6,-3.0,-0.7,0.8,1.4,1.8,1.7,1.1,-0.6,0.1,-0.8,-2.7,-4.5,-5.2,-4.4,-2.5,-4.7,-9.0,-11.0,-9.5,-5.3,-1.0,1.0,-0.2,-2.0,-4.6,-6.6,-7.6,-7.0,-5.7,-3.5,-1.8,-0.9,-0.5,-0.5,-0.8,-2.9,-2.2,-3.1,-5.0,-6.8,-7.5,-6.6,-4.7,656.3,657.1,657.8,658.0,657.6,657.0,656.0,655.8,659.6,657.4,655.6,655.0,656.1,657.9,659.8,657.7,655.6,654.8,655.4,657.2,657.3,657.3,657.7,658.0,658.2,658.1,657.8,657.4,696.8,698.0,699.7,700.8,700.7,699.5,697.8,696.8,697.0,696.4,696.3,697.3,699.9,703.2,706.4,703.0,699.6,697.1,696.1,696.3,698.6,699.1,699.8,700.4,700.4,699.9,699.2,698.6,370.2,31.3,826.1,-0.002,0.104,-0.079
722,0,1656521731.097,0.98,1,-0.093018,0.075298,-0.992813,-0.242266,0.072841,-0.967472,-0.169,0.075,561.3,562.7,566.4,570.4,572.2,571.1,567.0,563.1,555.7,558.4,562.0,566.2,570.3,573.5,575.7,573.4,570.1,566.2,562.3,558.6,565.1,566.8,568.4,569.0,568.3,566.5,564.9,564.3,606.9,607.9,611.1,614.7,616.5,615.5,612.3,608.4,603.4,605.7,608.8,612.7,616.1,618.6,620.1,618.8,616.5,613.4,609.8,606.2,610.1,611.7,613.1,613.6,612.8,611.2,609.8,609.3,231.0,227.0,225.2,226.7,230.6,234.9,236.4,234.9,232.9,230.8,229.3,228.5,229.0,230.5,232.7,234.1,234.6,235.0,234.9,234.3,232.7,233.4,232.6,230.8,229.1,228.5,229.3,231.0,229.2,225.4,223.7,225.1,228.6,232.4,234.1,233.1,231.6,229.2,227.5,226.6,227.1,228.3,230.2,231.7,232.4,232.8,232.8,232.6,230.7,231.3,230.6,228.9,227.4,226.8,227.5,229.2,260.6,262.4,266.8,271.2,273.0,271.5,266.8,262.4,255.8,257.9,261.1,265.4,270.3,274.5,277.7,274.4,269.9,265.3,261.3,258.0,265.1,267.0,268.9,269.7,268.9,267.0,265.1,264.3,329.9,331.6,336.2,340.9,343.0,341.2,336.6,331.7,326.0,328.3,331.9,336.8,342.0,346.6,350.0,346.7,342.4,337.7,333.0,328.9,334.5,336.6,338.6,339.4,338.5,336.4,334.4,333.6,-2.3,-6.7,-8.7,-7.1,-2.8,1.9,3.5,1.9,-0.3,-2.5,-4.2,-5.0,-4.5,-2.9,-0.5,1.0,1.6,2.0,1.9,1.2,-0.5,0.2,-0.6,-2.5,-4.4,-5.1,-4.2,-2.3,-4.6,-9.0,-11.0,-9.4,-5.3,-0.9,1.1,-0.1,-1.8,-4.5,-6.5,-7.5,-7.0,-5.6,-3.4,-1.7,-0.8,-0.4,-0.4,-0.6,-2.8,-2.1,-3.0,-4.9,-6.7,-7.4,-6.5,-4.6,654.8,655.6,656.3,656.5,656.1,655.6,654.6,654.4,658.1,655.9,654.1,653.6,654.6,656.4,658.3,656.3,654.2,653.3,653.9,655.7,655.8,655.9,656.2,656.6,656.7,656.6,656.3,656.0,696.6,697.9,699.5,700.7,700.6,699.3,697.7,696.7,696.9,696.3,696.2,697.2,699.7,703.1,706.3,702.8,699.5,697.0,695.9,696.2,698.5,699.0,699.7,700.2,700.3,699.8,699.0,698.5,370.4,31.3,826.8,0.000,0.101,-0.077
723,0,1656521731.130,0.98,1,-0.095196,0.077799,-0.992414,-0.243548,0.074237,-0.967044,-0.171,0.077,561.3,562.6,566.4,570.3,572.1,571.0,567.0,563.1,555.7,558.4,562.0,566.2,570.2,573.4,575.6,573.3,570.0,566.2,562.2,558.6,565.0,566.8,568.4,569.0,568.2,566.5,564.8,564.2,606.8,607.8,611.0,614.6,616.4,615.4,612.2,608.3,603.3,605.6,608.7,612.6,616.0,618.5,620.0,618.7,616.4,613.3,609.7,606.1,610.0,611.6,613.0,613.5,612.7,611.1,609.7,609.2,230.8,226.9,225.1,226.5,230.4,234.7,236.2,234.7,232.7,230.7,229.2,228.4,228.9,230.4,232.5,233.9,234.4,234.8,234.7,234.1,232.5,233.2,232.4,230.7,229.0,228.3,229.1,230.9,229.0,225.2,223.5,224.9,228.4,232.2,233.8,232.8,231.3,229.1,227.3,226.5,227.0,228.2,230.0,231.4,232.2,232.5,232.5,232.4,230.5,231.1,230.4,228.7,227.2,226.6,227.3,229.0,262.1,264.0,268.4,272.8,274.6,273.1,268.3,263.9,257.4,259.5,262.7,267.0,271.9,276.1,279.3,275.9,271.4,266.9,262.8,259.6,266.7,268.6,270.5,271.3,270.5,268.6,266.7,265.9,330.8,332.6,337.2,341.9,344.0,342.2,337.6,332.6,326.9,329.3,332.9,337.8,343.0,347.6,351.0,347.7,343.4,338.6,333.9,329.8,335.5,337.6,339.6,340.4,339.5,337.4,335.4,334.6,-2.5,-6.9,-8.9,-7.3,-3.0,1.7,3.3,1.7,-0.5,-2.7,-4.3,-5.2,-4.7,-3.1,-0.7,0.8,1.4,1.8,1.7,1.0,-0.7,0.0,-0.8,-2.7,-4.6,-5.3,-4.4,-2.5,-4.9,-9.2,-11.2,-9.7,-5.5,-1.2,0.8,-0.4,-2.1,-4.8,-6.7,-7.7,-7.2,-5.9,-3.7,-2.0,-1.1,-0.7,-0.7,-0.9,-3.1,-2.4,-3.3,-5.2,-7.0,-7.7,-6.8,-4.9,658.8,659.6,660.3,660.5,660.1,659.6,658.6,658.4,662.1,659.9,658.1,657.6,658.6,660.4,662.3,660.2,658.2,657.3,657.9,659.8,659.8,659.9,660.2,660.5,660.7,660.6,660.3,660.0,698.9,700.2,701.8,703.0,702.9,701.6,699.9,698.9,699.2,698.6,698.5,699.5,702.0,705.3,708.6,705.1,701.7,699.3,698.2,698.5,700.8,701.2,702.0,702.5,702.6,702.1,701.3,700.8,370.7,31.3,827.5,0.001,0.105,-0.081
724,0,1656521731.164,0.98,1,-0.093467,0.074827,-0.992806,-0.241830,0.072306,-0.967621,-0.169,0.075,561.2,562.6,566.3,570.3,572.1,571.0,566.9,563.0,555.6,558.3,561.9,566.1,570.2,573.4,575.6,573.3,570.0,566.1,562.2,558.5,565.0,566.7,568.3,568.9,568.1,566.4,564.8,564.2,606.8,607.8,611.0,614.6,616.4,615.4,612.2,608.3,603.3,605.6,608.7,612.6,616.0,618.5,620.0,618.7,616.4,613.3,609.7,606.1,610.0,611.6,613.0,613.5,612.7,611.1,609.7,609.2,230.9,226.9,225.1,226.6,230.4,234.8,236.2,234.8,232.8,230.7,229.2,228.4,228.9,230.4,232.6,233.9,234.5,234.9,234.8,234.2,232.6,233.2,232.5,230.7,229.0,228.4,229.2,230.9,229.1,225.3,223.6,225.0,228.6,232.3,234.0,233.0,231.5,229.1,227.4,226.6,227.0,228.3,230.1,231.6,232.4,232.7,232.7,232.5,230.6,231.2,230.5,228.8,227.3,226.7,227.4,229.1,260.6,262.4,266.8,271.2,273.0,271.6,266.8,262.4,255.9,257.9,261.2,265.5,270.4,274.6,277.8,274.4,269.9,265.4,261.3,258.1,265.2,267.1,269.0,269.8,269.0,267.1,265.2,264.4,329.6,331.3,335.9,340.6,342.7,340.9,336.3,331.3,325.7,328.0,331.6,336.5,341.7,346.3,349.7,346.4,342.1,337.4,332.7,328.6,334.2,336.3,338.3,339.1,338.2,336.1,334.1,333.3,-2.5,-6.8,-8.8,-7.2,-3.0,1.7,3.4,1.8,-0.4,-2.7,-4.3,-5.2,-4.7,-3.0,-0.7,0.9,1.5,1.9,1.8,1.1,-0.6,0.1,-0.8,-2.7,-4.5,-5.2,-4.4,-2.5,-4.7,-9.1,-11.1,-9.5,-5.4,-1.0,0.9,-0.2,-2.0,-4.6,-6.6,-7.6,-7.1,-5.7,-3.5,-1.8,-0.9,-0.5,-0.5,-0.8,-2.9,-2.2,-3.1,-5.0,-6.8,-7.5,-6.6,-4.7,655.2,656.0,656.8,657.0,656.6,656.0,655.0,654.8,658.6,656.4,654.6,654.0,655.1,656.9,658.8,656.7,654.7,653.8,654.4,656.2,656.2,656.3,656.6,657.0,657.2,657.1,656.8,656.4,696.2,697.5,699.1,700.3,700.2,698.9,697.3,696.3,696.5,695.9,695.8,696.8,699.3,702.7,705.9,702.4,699.1,696.6,695.5,695.8,698.1,698.6,699.3,699.8,699.9,699.4,698.7,698.1,370.3,31.2,826.7,-0.000,0.102,-0.078
725,0,1656521731.197,0.98,1,-0.092479,0.076465,-0.992774,-0.243006,0.074473,-0.967162,-0.170,0.077,561.1,562.5,566.3,570.2,572.0,570.9,566.9,562.9,555.5,558.2,561.9,566.1,570.1,573.3,575.5,573.3,569.9,566.1,562.1,558.4,564.9,566.6,568.3,568.9,568.1,566.4,564.7,564.1,606.8,607.8,611.0,614.6,616.4,615.4,612.2,608.3,603.3,605.6,608.7,612.6,616.0,618.5,620.1,618.7,616.4,613.3,609.7,606.1,610.0,611.6,613.0,613.5,612.7,611.1,609.7,609.3,231.0,227.0,225.2,226.6,230.5,234.8,236.3,234.8,232.9,230.8,229.3,228.5,229.0,230.5,232.6,234.0,234.5,234.9,234.8,234.3,232.7,233.3,232.5,230.8,229.1,228.4,229.2,231.0,229.0,225.3,223.6,224.9,228.5,232.2,233.9,232.9,231.4,229.1,227.4,226.5,227.0,228.2,230.1,231.5,232.3,232.6,232.6,232.4,230.6,231.2,230.4,228.8,227.2,226.6,227.4,229.0,260.4,262.2,266.6,271.0,272.9,271.4,266.6,262.2,255.6,257.7,261.0,265.3,270.2,274.4,277.6,274.3,269.7,265.2,261.1,257.9,264.9,266.9,268.8,269.6,268.8,266.9,264.9,264.1,329.5,331.3,335.9,340.6,342.6,340.9,336.3,331.3,325.6,328.0,331.6,336.5,341.7,346.2,349.7,346.4,342.0,337.3,332.6,328.5,334.2,336.3,338.3,339.1,338.1,336.1,334.1,333.3,-2.4,-6.8,-8.7,-7.1,-2.9,1.8,3.4,1.8,-0.3,-2.6,-4.2,-5.1,-4.6,-2.9,-0.6,0.9,1.5,1.9,1.8,1.2,-0.5,0.2,-0.7,-2.6,-4.5,-5.2,-4.3,-2.4,-4.8,-9.1,-11.1,-9.6,-5.4,-1.1,0.9,-0.3,-2.0,-4.7,-6.7,-7.7,-7.1,-5.8,-3.6,-1.9,-1.0,-0.6,-0.6,-0.8,-3.0,-2.3,-3.2,-5.1,-6.9,-7.6,-6.7,-4.8,654.8,655.7,656.4,656.7,656.3,655.7,654.7,654.4,658.2,656.0,654.2,653.7,654.7,656.6,658.5,656.4,654.3,653.4,654.0,655.8,655.9,656.0,656.3,656.7,656.9,656.7,656.4,656.1,696.2,697.4,699.1,700.2,700.1,698.9,697.2,696.2,696.5,695.8,695.7,696.7,699.2,702.6,705.8,702.4,699.0,696.5,695.5,695.7,698.0,698.5,699.2,699.8,699.8,699.3,698.6,698.1,369.8,31.1,825.9,0.002,0.102,-0.078
726,0,1656521731.230,0.98,1,-0.091806,0.078100,-0.992709,-0.242607,0.075952,-0.967147,-0.169,0.078,561.0,562.4,566.2,570.1,571.9,570.8,566.8,562.8,555.4,558.1,561.8,566.0,570.1,573.2,575.4,573.2,569.8,566.0,562.0,558.3,564.8,566.5,568.2,568.8,568.0,566.3,564.6,564.0,606.7,607.7,610.9,614.5,616.3,615.3,612.1,608.2,603.2,605.5,608.6,612.5,615.9,618.4,620.0,618.6,616.3,613.3,609.7,606.0,610.0,611.5,613.0,613.4,612.6,611.0,609.6,609.2,231.0,227.0,225.2,226.7,230.5,234.9,236.3,234.9,232.9,230.8,229.3,228.5,229.0,230.5,232.7,234.0,234.6,235.0,234.9,234.3,232.7,233.3,232.6,230.8,229.1,228.5,229.2,231.0,229.1,225.3,223.6,224.9,228.5,232.2,234.0,232.9,231.5,229.1,227.4,226.5,227.0,228.2,230.1,231.5,232.3,232.7,232.7,232.5,230.6,231.2,230.4,228.8,227.2,226.7,227.4,229.1,260.2,262.0,266.4,270.8,272.6,271.2,266.4,262.0,255.4,257.5,260.7,265.1,270.0,274.1,277.4,274.0,269.5,265.0,260.9,257.6,264.7,266.6,268.6,269.4,268.6,266.7,264.7,263.9,329.5,331.2,335.8,340.5,342.6,340.8,336.3,331.3,325.6,328.0,331.5,336.4,341.7,346.2,349.6,346.3,342.0,337.3,332.6,328.5,334.2,336.2,338.2,339.0,338.1,336.0,334.0,333.3,-2.4,-6.7,-8.7,-7.1,-2.9,1.8,3.5,1.9,-0.3,-2.5,-4.2,-5.0,-4.5,-2.9,-0.6,0.9,1.6,2.0,1.9,1.2,-0.5,0.2,-0.7,-2.6,-4.4,-5.1,-4.3,-2.3,-4.7,-9.1,-11.1,-9.6,-5.4,-1.1,0.9,-0.2,-2.0,-4.6,-6.6,-7.6,-7.1,-5.8,-3.6,-1.9,-1.0,-0.6,-0.6,-0.8,-2.9,-2.3,-3.2,-5.1,-6.9,-7.5,-6.7,-4.8,654.6,655.4,656.1,656.4,656.0,655.4,654.4,654.2,657.9,655.7,653.9,653.4,654.5,656.3,658.2,656.1,654.0,653.1,653.7,655.5,655.6,655.7,656.0,656.4,656.6,656.5,656.1,655.8,696.3,697.5,699.2,700.3,700.2,699.0,697.3,696.3,696.6,695.9,695.8,696.8,699.4,702.7,705.9,702.5,699.1,696.7,695.6,695.8,698.1,698.6,699.3,699.9,699.9,699.4,698.7,698.2,370.0,31.2,826.5,0.004,0.101,-0.079
727,0,1656521731.264,0.98,1,-0.086070,0.079314,-0.993127,-0.238115,0.078049,-0.968096,-0.164,0.080,561.1,562.5,566.2,570.2,572.0,570.9,566.9,563.0,555.5,558.2,561.9,566.1,570.1,573.3,575.5,573.2,569.9,566.1,562.1,558.4,564.9,566.6,568.3,568.9,568.1,566.3,564.7,564.1,606.7,607.7,610.9,614.5,616.3,615.3,612.1,608.3,603.2,605.6,608.7,612.5,615.9,618.4,619.9,618.6,616.3,613.3,609.7,606.1,610.0,611.6,613.0,613.4,612.6,611.0,609.6,609.2,230.9,226.9,225.1,226.6,230.4,234.8,236.2,234.8,232.8,230.8,229.3,228.5,228.9,230.4,232.5,233.9,234.5,234.8,234.7,234.2,232.6,233.2,232.5,230.7,229.0,228.4,229.2,230.9,228.9,225.2,223.5,224.8,228.4,232.1,233.8,232.8,231.3,229.0,227.3,226.5,226.9,228.1,229.9,231.4,232.1,232.5,232.5,232.3,230.5,231.1,230.3,228.7,227.1,226.5,227.3,228.9,261.1,262.9,267.3,271.8,273.6,272.1,267.3,262.9,256.3,258.4,261.7,266.0,270.9,275.1,278.3,275.0,270.5,265.9,261.8,258.5,265.6,267.6,269.5,270.3,269.5,267.6,265.6,264.8,331.4,333.1,337.7,342.4,344.5,342.7,338.1,333.2,327.4,329.8,333.4,338.3,343.5,348.1,351.5,348.2,343.9,339.2,334.5,330.4,336.0,338.1,340.1,340.9,340.0,337.9,335.9,335.1,-2.5,-6.8,-8.8,-7.2,-3.0,1.7,3.4,1.8,-0.4,-2.6,-4.2,-5.1,-4.6,-3.0,-0.7,0.8,1.4,1.8,1.7,1.1,-0.6,0.1,-0.8,-2.7,-4.5,-5.2,-4.4,-2.5,-4.9,-9.3,-11.3,-9.8,-5.6,-1.2,0.8,-0.4,-2.2,-4.8,-6.8,-7.8,-7.3,-6.0,-3.8,-2.1,-1.2,-0.8,-0.8,-1.0,-3.1,-2.5,-3.3,-5.2,-7.1,-7.7,-6.8,-4.9,656.5,657.4,658.2,658.5,658.1,657.5,656.4,656.1,659.8,657.6,655.9,655.4,656.5,658.4,660.3,658.2,656.1,655.1,655.7,657.5,657.6,657.7,658.1,658.4,658.6,658.5,658.1,657.8,700.1,701.3,703.0,704.1,704.1,702.9,701.2,700.2,700.4,699.7,699.6,700.6,703.2,706.6,709.8,706.4,703.0,700.5,699.4,699.6,702.0,702.5,703.2,703.7,703.8,703.3,702.5,702.0,369.0,31.0,824.3,0.002,0.095,-0.077
728,0,1656521731.297,0.98,1,-0.090169,0.077218,-0.992928,-0.240979,0.074941,-0.967633,-0.167,0.077,561.2,562.6,566.3,570.3,572.1,570.9,566.9,563.0,555.6,558.3,561.9,566.1,570.2,573.3,575.5,573.3,569.9,566.1,562.2,558.5,565.0,566.7,568.3,568.9,568.1,566.4,564.8,564.2,606.7,607.7,611.0,614.5,616.4,615.4,612.1,608.2,603.2,605.5,608.7,612.5,615.9,618.4,620.0,618.6,616.3,613.3,609.7,606.0,610.0,611.6,613.0,613.4,612.6,611.1,609.6,609.2,230.9,227.0,225.2,226.7,230.5,234.8,236.3,234.8,232.8,230.8,229.3,228.5,229.0,230.5,232.6,234.0,234.5,234.9,234.8,234.2,232.7,233.3,232.5,230.8,229.1,228.4,229.2,231.0,229.2,225.4,223.7,225.1,228.6,232.4,234.1,233.0,231.5,229.3,227.5,226.7,227.2,228.4,230.2,231.6,232.4,232.8,232.8,232.6,230.7,231.3,230.6,228.9,227.4,226.8,227.5,229.2,261.2,263.1,267.5,271.9,273.7,272.2,267.4,263.0,256.4,258.5,261.8,266.1,271.0,275.2,278.4,275.1,270.6,266.0,261.9,258.6,265.8,267.7,269.6,270.4,269.6,267.7,265.8,265.0,330.3,332.1,336.6,341.4,343.4,341.6,337.1,332.1,326.4,328.8,332.4,337.3,342.5,347.0,350.5,347.2,342.8,338.1,333.4,329.3,335.0,337.1,339.1,339.8,338.9,336.9,334.9,334.1,-2.4,-6.8,-8.7,-7.1,-2.9,1.8,3.4,1.8,-0.4,-2.6,-4.2,-5.1,-4.5,-2.9,-0.6,0.9,1.5,1.9,1.8,1.1,-0.5,0.2,-0.7,-2.6,-4.4,-5.2,-4.3,-2.4,-4.6,-9.0,-11.0,-9.4,-5.3,-0.9,1.0,-0.1,-1.9,-4.5,-6.5,-7.5,-7.0,-5.6,-3.5,-1.8,-0.9,-0.5,-0.5,-0.7,-2.8,-2.1,-3.0,-4.9,-6.7,-7.4,-6.5,-4.6,656.7,657.6,658.3,658.6,658.2,657.6,656.6,656.3,660.0,657.8,656.1,655.6,656.7,658.5,660.4,658.3,656.2,655.3,655.8,657.6,657.8,657.9,658.2,658.6,658.8,658.6,658.3,657.9,697.9,699.2,700.9,702.0,701.9,700.6,699.0,698.0,698.2,697.6,697.5,698.5,701.0,704.4,707.6,704.1,700.8,698.3,697.2,697.5,699.8,700.3,701.0,701.5,701.6,701.1,700.4,699.8,369.6,31.1,825.5,0.001,0.099,-0.076
729,0,1656521731.330,0.98,1,-0.092140,0.077342,-0.992738,-0.241802,0.074048,-0.967496,-0.169,0.077,561.1,562.5,566.3,570.2,572.1,570.9,566.9,563.0,555.6,558.3,561.9,566.1,570.2,573.3,575.5,573.3,569.9,566.1,562.1,558.4,564.9,566.7,568.3,568.9,568.1,566.4,564.7,564.1,606.7,607.7,610.9,614.5,616.4,615.4,612.1,608.2,603.2,605.5,608.7,612.5,615.9,618.4,620.0,618.6,616.3,613.3,609.7,606.0,610.0,611.6,613.0,613.4,612.6,611.0,609.6,609.2,230.9,226.9,225.1,226.6,230.5,234.8,236.3,234.8,232.8,230.8,229.3,228.5,229.0,230.5,232.6,234.0,234.5,234.9,234.8,234.2,232.6,233.3,232.5,230.8,229.1,228.4,229.2,231.0,229.1,225.3,223.6,225.0,228.5,232.3,234.0,233.0,231.5,229.2,227.4,226.6,227.1,228.3,230.1,231.5,232.3,232.7,232.7,232.5,230.6,231.2,230.5,228.8,227.3,226.7,227.4,229.1,260.9,262.7,267.1,271.5,273.3,271.9,267.1,262.7,256.1,258.2,261.4,265.8,270.7,274.8,278.1,274.7,270.2,265.7,261.6,258.3,265.4,267.3,269.3,270.1,269.3,267.4,265.4,264.6,329.7,331.4,336.0,340.7,342.8,341.0,336.4,331.4,325.7,328.1,331.7,336.6,341.8,346.4,349.8,346.5,342.2,337.5,332.8,328.7,334.3,336.4,338.4,339.2,338.3,336.2,334.2,333.4,-2.4,-6.8,-8.7,-7.1,-2.9,1.8,3.4,1.8,-0.4,-2.6,-4.2,-5.1,-4.6,-3.0,-0.6,0.9,1.5,1.9,1.8,1.1,-0.6,0.1,-0.7,-2.6,-4.5,-5.2,-4.3,-2.4,-4.7,-9.1,-11.1,-9.5,-5.4,-1.0,1.0,-0.2,-2.0,-4.6,-6.6,-7.6,-7.1,-5.7,-3.6,-1.9,-1.0,-0.6,-0.6,-0.8,-2.9,-2.2,-3.1,-5.0,-6.8,-7.5,-6.6,-4.7,656.0,656.8,657.5,657.8,657.3,656.8,655.8,655.5,659.3,657.1,655.3,654.8,655.8,657.6,659.6,657.5,655.4,654.5,655.1,656.9,657.0,657.1,657.4,657.8,658.0,657.8,657.5,657.2,696.6,697.8,699.5,700.6,700.6,699.3,697.6,696.6,696.9,696.2,696.1,697.1,699.7,703.0,706.3,702.8,699.4,697.0,695.9,696.1,698.4,698.9,699.7,700.2,700.2,699.8,699.0,698.5,369.7,31.2,825.6,0.001,0.102,-0.078
730,0,1656521731.364,0.98,1,-0.090713,0.075936,-0.992978,-0.240628,0.073882,-0.967801,-0.167,0.076,561.1,562.4,566.2,570.2,572.0,570.9,566.9,562.9,555.5,558.2,561.8,566.0,570.1,573.3,575.5,573.2,569.9,566.0,562.1,558.4,564.9,566.6,568.2,568.8,568.0,566.3,564.7,564.1,606.7,607.7,611.0,614.6,616.4,615.4,612.1,608.3,603.2,605.6,608.7,612.5,616.0,618.5,620.0,618.7,616.4,613.3,609.7,606.1,610.0,611.6,613.0,613.5,612.7,611.1,609.7,609.2,231.0,227.0,225.2,226.6,230.5,234.8,236.3,234.8,232.9,230.8,229.3,228.5,229.0,230.5,232.6,234.0,234.5,234.9,234.8,234.2,232.7,233.3,232.5,230.8,229.1,228.4,229.2,231.0,229.1,225.3,223.7,225.0,228.6,232.3,234.0,233.0,231.5,229.2,227.5,226.6,227.1,228.3,230.2,231.6,232.3,232.7,232.7,232.5,230.7,231.2,230.5,228.9,227.3,226.7,227.5,229.1,260.6,262.4,266.8,271.2,273.0,271.6,266.8,262.4,255.8,257.9,261.1,265.5,270.3,274.5,277.8,274.4,269.9,265.3,261.3,258.0,265.1,267.0,268.9,269.7,269.0,267.0,265.1,264.3,329.6,331.3,335.9,340.6,342.7,340.9,336.3,331.3,325.6,328.0,331.6,336.6,341.8,346.3,349.7,346.4,342.1,337.4,332.7,328.6,334.2,336.3,338.3,339.1,338.2,336.1,334.1,333.3,-2.4,-6.8,-8.7,-7.1,-2.9,1.8,3.4,1.8,-0.3,-2.6,-4.2,-5.1,-4.5,-2.9,-0.6,0.9,1.5,1.9,1.8,1.2,-0.5,0.2,-0.7,-2.6,-4.4,-5.1,-4.3,-2.4,-4.7,-9.0,-11.0,-9.5,-5.3,-1.0,1.0,-0.2,-2.0,-4.6,-6.6,-7.6,-7.0,-5.7,-3.5,-1.8,-1.0,-0.5,-0.5,-0.8,-2.9,-2.2,-3.1,-5.0,-6.8,-7.5,-6.6,-4.7,655.3,656.2,656.9,657.2,656.7,656.2,655.1,654.9,658.6,656.4,654.7,654.2,655.2,657.1,659.0,656.9,654.8,653.9,654.4,656.3,656.3,656.5,656.8,657.2,657.3,657.2,656.9,656.5,696.3,697.5,699.2,700.4,700.3,699.0,697.3,696.3,696.6,695.9,695.8,696.8,699.4,702.7,706.0,702.5,699.1,696.7,695.6,695.8,698.1,698.6,699.4,699.9,700.0,699.5,698.7,698.2,369.0,31.1,824.3,-0.000,0.099,-0.075
731,0,1656521731.397,0.98,1,-0.088732,0.079423,-0.992884,-0.239171,0.078070,-0.967834,-0.166,0.080,561.1,562.5,566.3,570.2,572.0,570.9,566.9,563.0,555.5,558.2,561.9,566.1,570.2,573.3,575.5,573.3,569.9,566.1,562.1,558.4,564.9,566.6,568.3,568.9,568.1,566.4,564.7,564.1,606.8,607.8,611.0,614.6,616.4,615.4,612.2,608.3,603.3,605.6,608.8,612.6,616.0,618.5,620.0,618.7,616.4,613.4,609.8,606.1,610.1,611.6,613.1,613.5,612.7,611.1,609.7,609.3,230.9,226.9,225.1,226.6,230.4,234.7,236.2,234.7,232.7,230.7,229.2,228.4,228.9,230.4,232.5,233.9,234.4,234.8,234.7,234.1,232.6,233.2,232.4,230.7,229.0,228.4,229.1,230.9,229.1,225.3,223.6,225.0,228.6,232.3,234.0,233.0,231.4,229.2,227.4,226.6,227.1,228.3,230.1,231.5,232.3,232.7,232.6,232.5,230.6,231.2,230.5,228.9,227.3,226.7,227.4,229.1,260.9,262.7,267.1,271.5,273.3,271.9,267.1,262.7,256.1,258.2,261.4,265.8,270.7,274.8,278.1,274.7,270.2,265.7,261.6,258.3,265.4,267.3,269.3,270.1,269.3,267.3,265.4,264.6,330.9,332.6,337.2,341.9,344.0,342.2,337.6,332.6,326.9,329.3,332.9,337.8,343.0,347.6,351.0,347.7,343.4,338.6,334.0,329.8,335.5,337.6,339.6,340.4,339.5,337.4,335.4,334.6,-2.5,-6.9,-8.8,-7.2,-3.0,1.7,3.3,1.7,-0.5,-2.7,-4.3,-5.1,-4.6,-3.0,-0.7,0.8,1.4,1.8,1.7,1.0,-0.6,0.1,-0.8,-2.7,-4.5,-5.3,-4.4,-2.5,-4.8,-9.1,-11.1,-9.5,-5.4,-1.0,0.9,-0.2,-2.0,-4.6,-6.6,-7.6,-7.1,-5.7,-3.6,-1.9,-1.0,-0.6,-0.6,-0.8,-2.9,-2.3,-3.1,-5.0,-6.8,-7.5,-6.7,-4.8,655.9,656.8,657.5,657.8,657.4,656.8,655.8,655.5,659.2,657.0,655.3,654.8,655.9,657.7,659.6,657.5,655.4,654.5,655.0,656.8,657.0,657.1,657.4,657.8,658.0,657.8,657.5,657.1,698.9,700.1,701.8,702.9,702.8,701.6,699.9,698.9,699.2,698.5,698.4,699.4,702.0,705.3,708.6,705.1,701.7,699.3,698.2,698.4,700.7,701.2,701.9,702.5,702.5,702.0,701.3,700.8,368.6,31.1,823.3,0.003,0.095,-0.072
732,0,1656521731.431,0.98,1,-0.090439,0.075251,-0.993055,-0.240787,0.073016,-0.967827,-0.167,0.075,561.2,562.6,566.4,570.3,572.1,571.0,567.0,563.0,555.6,558.3,562.0,566.2,570.3,573.4,575.6,573.3,570.0,566.2,562.2,558.5,565.0,566.7,568.4,569.0,568.2,566.5,564.8,564.2,606.8,607.8,611.0,614.6,616.4,615.4,612.2,608.3,603.3,605.6,608.8,612.6,616.0,618.5,620.0,618.7,616.4,613.4,609.8,606.1,610.1,611.6,613.1,613.5,612.7,611.1,609.7,609.3,231.0,227.0,225.2,226.7,230.5,234.9,236.3,234.9,232.9,230.8,229.3,228.5,229.0,230.5,232.7,234.0,234.6,234.9,234.9,234.2,232.7,233.3,232.6,230.8,229.1,228.5,229.2,231.0,229.2,225.5,223.8,225.1,228.7,232.4,234.1,233.1,231.6,229.3,227.5,226.7,227.2,228.4,230.3,231.7,232.5,232.8,232.8,232.6,230.8,231.3,230.6,229.0,227.4,226.8,227.6,229.2,260.5,262.4,266.8,271.2,273.0,271.5,266.7,262.3,255.7,257.8,261.1,265.4,270.3,274.5,277.7,274.3,269.8,265.3,261.2,257.9,265.0,267.0,268.9,269.7,268.9,267.0,265.1,264.2,330.0,331.8,336.4,341.1,343.1,341.4,336.8,331.8,326.1,328.5,332.1,337.0,342.2,346.7,350.1,346.9,342.5,337.8,333.1,329.0,334.7,336.8,338.8,339.5,338.6,336.6,334.6,333.8,-2.4,-6.7,-8.7,-7.1,-2.8,1.8,3.5,1.8,-0.3,-2.6,-4.2,-5.1,-4.5,-2.9,-0.5,1.0,1.5,1.9,1.8,1.2,-0.5,0.2,-0.7,-2.6,-4.4,-5.1,-4.3,-2.4,-4.6,-8.9,-10.9,-9.4,-5.2,-0.9,1.1,-0.1,-1.8,-4.5,-6.5,-7.5,-7.0,-5.6,-3.4,-1.7,-0.8,-0.4,-0.4,-0.6,-2.8,-2.1,-3.0,-4.9,-6.7,-7.4,-6.5,-4.6,654.8,655.7,656.4,656.7,656.3,655.7,654.7,654.4,658.1,656.0,654.2,653.7,654.8,656.6,658.5,656.4,654.3,653.4,653.9,655.8,655.9,656.0,656.3,656.7,656.9,656.7,656.4,656.0,697.1,698.4,700.1,701.2,701.1,699.9,698.2,697.2,697.4,696.8,696.7,697.7,700.2,703.6,706.8,703.4,700.0,697.5,696.4,696.7,699.0,699.5,700.2,700.8,700.8,700.3,699.6,699.0,369.5,31.1,825.2,-0.000,0.098,-0.073
733,0,1656521731.464,0.98,1,-0.090017,0.076367,-0.993008,-0.242499,0.074059,-0.967321,-0.168,0.077,561.1,562.5,566.3,570.2,572.0,570.9,566.9,562.9,555.5,558.2,561.9,566.1,570.2,573.3,575.5,573.3,569.9,566.1,562.1,558.4,564.9,566.6,568.3,568.9,568.1,566.4,564.7,564.1,606.8,607.8,611.1,614.7,616.5,615.5,612.2,608.3,603.3,605.6,608.8,612.6,616.0,618.5,620.1,618.7,616.4,613.4,609.8,606.1,610.1,611.7,613.1,613.5,612.7,611.2,609.8,609.3,231.0,227.0,225.2,226.7,230.5,234.9,236.3,234.9,232.9,230.8,229.3,228.5,229.0,230.5,232.7,234.0,234.6,234.9,234.8,234.2,232.7,233.3,232.6,230.8,229.1,228.5,229.2,231.0,229.2,225.5,223.8,225.1,228.7,232.4,234.1,233.1,231.6,229.3,227.5,226.7,227.2,228.4,230.3,231.7,232.5,232.8,232.8,232.6,230.8,231.4,230.6,229.0,227.4,226.8,227.6,229.2,260.1,262.0,266.4,270.8,272.6,271.1,266.3,261.9,255.3,257.4,260.7,265.0,269.9,274.1,277.3,274.0,269.4,264.9,260.8,257.5,264.6,266.6,268.5,269.3,268.5,266.6,264.7,263.8,330.2,332.0,336.6,341.3,343.3,341.6,337.0,332.0,326.3,328.7,332.3,337.2,342.4,347.0,350.4,347.1,342.7,338.0,333.3,329.2,334.9,337.0,339.0,339.8,338.9,336.8,334.8,334.0,-2.4,-6.7,-8.7,-7.1,-2.8,1.9,3.5,1.8,-0.3,-2.6,-4.2,-5.1,-4.5,-2.9,-0.5,0.9,1.5,1.9,1.8,1.2,-0.5,0.2,-0.7,-2.6,-4.4,-5.1,-4.3,-2.4,-4.6,-8.9,-10.9,-9.4,-5.2,-0.9,1.1,-0.1,-1.8,-4.5,-6.5,-7.5,-6.9,-5.6,-3.4,-1.7,-0.8,-0.4,-0.4,-0.6,-2.8,-2.1,-3.0,-4.9,-6.7,-7.4,-6.5,-4.6,654.1,654.9,655.7,656.0,655.5,655.0,653.9,653.7,657.4,655.2,653.5,652.9,654.0,655.9,657.8,655.7,653.6,652.6,653.2,655.0,655.1,655.2,655.6,656.0,656.1,656.0,655.7,655.3,697.5,698.8,700.4,701.5,701.4,700.2,698.5,697.6,697.8,697.2,697.1,698.1,700.6,703.9,707.1,703.7,700.3,697.9,696.8,697.1,699.4,699.8,700.6,701.1,701.2,700.7,699.9,699.4,369.7,31.2,825.8,0.002,0.098,-0.073
734,0,1656521731.497,0.98,1,-0.089084,0.077009,-0.993043,-0.241536,0.075548,-0.967447,-0.167,0.078,561.1,562.5,566.3,570.3,572.1,571.0,566.9,563.0,555.5,558.2,561.9,566.1,570.2,573.3,575.6,573.3,570.0,566.1,562.1,558.4,564.9,566.7,568.3,568.9,568.1,566.4,564.7,564.1,606.9,607.9,611.2,614.8,616.6,615.6,612.3,608.4,603.4,605.7,608.9,612.7,616.1,618.6,620.2,618.8,616.5,613.5,609.9,606.2,610.2,611.8,613.2,613.6,612.8,611.3,609.8,609.4,230.9,226.9,225.1,226.6,230.5,234.8,236.3,234.8,232.8,230.7,229.3,228.4,228.9,230.4,232.6,233.9,234.5,234.8,234.8,234.2,232.6,233.3,232.5,230.7,229.0,228.4,229.2,230.9,229.1,225.3,223.7,225.0,228.6,232.3,234.0,233.0,231.4,229.2,227.4,226.6,227.1,228.3,230.2,231.6,232.3,232.7,232.7,232.5,230.7,231.2,230.5,228.9,227.3,226.7,227.5,229.1,260.0,261.8,266.2,270.6,272.4,271.0,266.2,261.8,255.2,257.3,260.5,264.9,269.8,273.9,277.2,273.8,269.3,264.8,260.7,257.4,264.5,266.4,268.4,269.2,268.4,266.4,264.5,263.7,330.6,332.3,336.9,341.6,343.7,341.9,337.3,332.3,326.7,329.0,332.6,337.5,342.7,347.3,350.7,347.4,343.1,338.3,333.7,329.6,335.2,337.3,339.3,340.1,339.2,337.1,335.1,334.3,-2.5,-6.8,-8.8,-7.2,-2.9,1.8,3.4,1.8,-0.4,-2.6,-4.2,-5.1,-4.6,-3.0,-0.7,0.8,1.4,1.8,1.7,1.1,-0.6,0.1,-0.7,-2.7,-4.5,-5.2,-4.4,-2.4,-4.7,-9.1,-11.1,-9.5,-5.3,-1.0,1.0,-0.2,-2.0,-4.6,-6.6,-7.6,-7.1,-5.7,-3.5,-1.9,-1.0,-0.5,-0.6,-0.8,-2.9,-2.2,-3.1,-5.0,-6.8,-7.5,-6.6,-4.7,653.7,654.5,655.3,655.6,655.1,654.6,653.5,653.3,657.0,654.8,653.0,652.5,653.6,655.4,657.4,655.3,653.2,652.2,652.8,654.6,654.7,654.8,655.2,655.5,655.7,655.6,655.3,654.9,698.0,699.2,700.9,702.0,701.9,700.7,699.0,698.0,698.3,697.6,697.5,698.5,701.0,704.4,707.6,704.1,700.8,698.3,697.3,697.5,699.8,700.3,701.0,701.6,701.6,701.1,700.4,699.8,369.5,31.1,825.1,0.001,0.097,-0.072
735,0,1656521731.530,0.98,1,-0.090364,0.080857,-0.992621,-0.240922,0.079128,-0.967313,-0.167,0.081,561.1,562.5,566.3,570.2,572.0,570.9,566.9,562.9,555.6,558.2,561.9,566.1,570.2,573.3,575.5,573.2,569.9,566.1,562.1,558.4,564.9,566.6,568.3,568.9,568.1,566.4,564.7,564.1,606.8,607.8,611.0,614.6,616.4,615.4,612.1,608.3,603.3,605.6,608.7,612.6,616.0,618.5,620.0,618.7,616.4,613.3,609.7,606.1,610.0,611.6,613.0,613.5,612.7,611.1,609.7,609.2,230.9,226.9,225.1,226.6,230.4,234.7,236.2,234.7,232.7,230.7,229.2,228.4,228.9,230.4,232.5,233.9,234.5,234.8,234.7,234.1,232.6,233.2,232.4,230.7,229.0,228.4,229.1,230.9,229.0,225.3,223.6,224.9,228.5,232.2,233.9,232.9,231.4,229.1,227.4,226.6,227.1,228.2,230.1,231.5,232.3,232.7,232.6,232.4,230.6,231.2,230.4,228.8,227.2,226.7,227.4,229.0,261.0,262.8,267.3,271.7,273.5,272.0,267.2,262.8,256.2,258.3,261.6,265.9,270.8,275.0,278.2,274.9,270.4,265.8,261.7,258.4,265.5,267.5,269.4,270.2,269.4,267.5,265.6,264.8,330.8,332.5,337.1,341.8,343.9,342.1,337.5,332.6,326.9,329.3,332.8,337.8,343.0,347.5,350.9,347.6,343.3,338.6,333.9,329.8,335.5,337.5,339.5,340.3,339.4,337.3,335.3,334.6,-2.5,-6.9,-8.8,-7.2,-3.0,1.7,3.3,1.7,-0.5,-2.7,-4.3,-5.1,-4.6,-3.0,-0.7,0.8,1.4,1.8,1.7,1.1,-0.6,0.1,-0.8,-2.7,-4.5,-5.2,-4.4,-2.5,-4.8,-9.1,-11.1,-9.6,-5.4,-1.1,0.9,-0.3,-2.0,-4.7,-6.7,-7.6,-7.1,-5.8,-3.6,-1.9,-1.0,-0.6,-0.6,-0.8,-3.0,-2.3,-3.2,-5.1,-6.9,-7.6,-6.7,-4.8,656.3,657.1,657.9,658.2,657.8,657.2,656.2,655.9,659.6,657.4,655.7,655.1,656.2,658.1,660.0,657.9,655.8,654.9,655.5,657.3,657.4,657.5,657.8,658.2,658.3,658.2,657.9,657.5,698.8,700.0,701.7,702.8,702.7,701.5,699.8,698.8,699.1,698.4,698.3,699.3,701.9,705.2,708.5,705.0,701.6,699.2,698.1,698.3,700.6,701.1,701.9,702.4,702.4,701.9,701.2,700.7,369.7,31.1,825.9,0.006,0.099,-0.076
736,0,1656521731.564,0.98,1,-0.090460,0.078089,-0.992834,-0.242118,0.075794,-0.967282,-0.168,0.078,561.1,562.5,566.2,570.2,572.0,570.9,566.9,562.9,555.5,558.2,561.9,566.0,570.1,573.3,575.5,573.2,569.9,566.0,562.1,558.4,564.9,566.6,568.2,568.8,568.1,566.3,564.7,564.1,606.7,607.8,611.0,614.6,616.4,615.3,612.1,608.2,603.2,605.6,608.7,612.5,615.9,618.4,620.0,618.6,616.3,613.3,609.7,606.0,610.0,611.6,613.0,613.4,612.6,611.1,609.7,609.2,230.9,226.9,225.1,226.6,230.5,234.8,236.2,234.8,232.8,230.7,229.3,228.5,228.9,230.4,232.6,233.9,234.5,234.8,234.7,234.1,232.6,233.2,232.5,230.7,229.0,228.4,229.2,230.9,229.1,225.4,223.7,225.0,228.6,232.3,234.0,233.0,231.4,229.2,227.5,226.6,227.1,228.3,230.2,231.6,232.3,232.7,232.7,232.5,230.7,231.2,230.5,228.9,227.3,226.7,227.5,229.1,261.3,263.2,267.6,272.0,273.8,272.3,267.5,263.1,256.5,258.6,261.9,266.2,271.1,275.3,278.5,275.2,270.7,266.1,262.0,258.7,265.9,267.8,269.7,270.5,269.7,267.8,265.9,265.1,331.3,333.1,337.7,342.4,344.4,342.6,338.0,333.1,327.4,329.8,333.4,338.3,343.5,348.0,351.5,348.1,343.8,339.1,334.4,330.3,336.0,338.0,340.0,340.8,339.9,337.9,335.9,335.1,-2.5,-6.8,-8.8,-7.2,-3.0,1.7,3.3,1.7,-0.4,-2.7,-4.2,-5.1,-4.6,-3.0,-0.7,0.8,1.4,1.8,1.7,1.1,-0.6,0.1,-0.8,-2.7,-4.5,-5.2,-4.4,-2.5,-4.7,-9.1,-11.1,-9.5,-5.3,-1.0,1.0,-0.2,-2.0,-4.6,-6.6,-7.6,-7.0,-5.7,-3.5,-1.8,-1.0,-0.5,-0.6,-0.8,-2.9,-2.2,-3.1,-5.0,-6.8,-7.5,-6.6,-4.7,657.2,658.0,658.8,659.0,658.6,658.1,657.0,656.7,660.4,658.3,656.5,656.0,657.1,658.9,660.9,658.8,656.7,655.7,656.3,658.1,658.2,658.3,658.7,659.0,659.2,659.1,658.8,658.4,700.0,701.2,702.9,704.0,703.9,702.7,701.0,700.0,700.3,699.6,699.5,700.5,703.0,706.4,709.6,706.1,702.8,700.3,699.3,699.5,701.8,702.3,703.0,703.6,703.6,703.1,702.4,701.9,369.9,31.1,826.3,0.002,0.100,-0.074
737,0,1656521731.597,0.98,1,-0.090179,0.076140,-0.993011,-0.240037,0.073502,-0.967977,-0.167,0.076,561.1,562.4,566.2,570.1,572.0,570.9,566.8,562.9,555.5,558.2,561.8,566.0,570.1,573.2,575.4,573.2,569.8,566.0,562.1,558.4,564.9,566.6,568.2,568.8,568.0,566.3,564.7,564.1,606.6,607.6,610.9,614.5,616.3,615.3,612.0,608.1,603.1,605.5,608.6,612.4,615.9,618.3,619.9,618.5,616.2,613.2,609.6,605.9,609.9,611.5,612.9,613.3,612.5,611.0,609.5,609.1,230.9,226.9,225.1,226.5,230.4,234.7,236.2,234.7,232.8,230.7,229.2,228.4,228.9,230.4,232.5,233.9,234.4,234.8,234.7,234.1,232.6,233.2,232.4,230.7,229.0,228.3,229.1,230.9,229.0,225.3,223.6,224.9,228.5,232.2,233.9,232.9,231.4,229.1,227.4,226.6,227.1,228.3,230.1,231.5,232.3,232.6,232.6,232.4,230.6,231.2,230.4,228.8,227.3,226.7,227.4,229.0,261.2,263.0,267.4,271.9,273.7,272.2,267.4,263.0,256.4,258.5,261.8,266.1,271.0,275.2,278.4,275.1,270.5,266.0,261.9,258.6,265.7,267.7,269.6,270.4,269.6,267.7,265.7,264.9,330.1,331.9,336.5,341.2,343.3,341.5,336.9,331.9,326.2,328.6,332.2,337.1,342.3,346.9,350.3,347.0,342.7,337.9,333.2,329.1,334.8,336.9,338.9,339.7,338.8,336.7,334.7,333.9,-2.5,-6.9,-8.8,-7.2,-3.0,1.7,3.3,1.7,-0.4,-2.7,-4.3,-5.2,-4.6,-3.0,-0.7,0.8,1.4,1.8,1.7,1.0,-0.6,0.1,-0.8,-2.7,-4.6,-5.3,-4.4,-2.5,-4.8,-9.1,-11.1,-9.6,-5.4,-1.1,0.9,-0.3,-2.0,-4.7,-6.7,-7.6,-7.1,-5.7,-3.6,-1.9,-1.0,-0.6,-0.6,-0.9,-3.0,-2.3,-3.2,-5.1,-6.9,-7.6,-6.7,-4.8,656.9,657.8,658.6,658.8,658.4,657.8,656.8,656.5,660.2,658.1,656.3,655.8,656.9,658.7,660.6,658.5,656.4,655.5,656.1,657.9,658.0,658.1,658.4,658.8,659.0,658.9,658.5,658.2,697.8,699.0,700.7,701.8,701.8,700.5,698.8,697.8,698.0,697.4,697.3,698.3,700.9,704.2,707.5,704.0,700.6,698.1,697.1,697.3,699.6,700.1,700.8,701.4,701.4,701.0,700.2,699.7,368.7,31.1,823.7,-0.002,0.098,-0.074
738,0,1656521731.631,0.98,1,-0.090757,0.078983,-0.992736,-0.241464,0.077294,-0.967327,-0.168,0.080,561.1,562.4,566.2,570.1,572.0,570.8,566.8,562.9,555.5,558.2,561.8,566.0,570.1,573.2,575.4,573.2,569.8,566.0,562.0,558.4,564.8,566.6,568.2,568.8,568.0,566.3,564.6,564.0,606.7,607.7,610.9,614.5,616.3,615.3,612.1,608.2,603.2,605.5,608.7,612.5,615.9,618.4,619.9,618.6,616.3,613.3,609.7,606.0,610.0,611.5,612.9,613.4,612.6,611.0,609.6,609.2,230.9,226.9,225.1,226.5,230.4,234.7,236.2,234.7,232.7,230.7,229.2,228.4,228.9,230.4,232.5,233.9,234.4,234.8,234.7,234.1,232.6,233.2,232.4,230.7,229.0,228.3,229.1,230.9,228.9,225.2,223.5,224.8,228.4,232.1,233.8,232.8,231.3,229.0,227.3,226.4,226.9,228.1,229.9,231.4,232.1,232.5,232.5,232.3,230.5,231.1,230.3,228.7,227.1,226.5,227.3,228.9,261.2,263.0,267.4,271.8,273.6,272.2,267.4,263.0,256.4,258.5,261.7,266.1,271.0,275.2,278.4,275.0,270.5,266.0,261.9,258.6,265.7,267.6,269.6,270.4,269.6,267.7,265.7,264.9,330.2,331.9,336.5,341.2,343.3,341.5,337.0,332.0,326.3,328.7,332.3,337.2,342.4,346.9,350.4,347.1,342.7,338.0,333.3,329.2,334.9,337.0,339.0,339.7,338.8,336.7,334.7,334.0,-2.5,-6.9,-8.8,-7.2,-3.0,1.7,3.3,1.7,-0.5,-2.7,-4.3,-5.2,-4.6,-3.0,-0.7,0.8,1.4,1.8,1.7,1.1,-0.6,0.1,-0.8,-2.7,-4.6,-5.3,-4.4,-2.5,-4.9,-9.2,-11.3,-9.7,-5.6,-1.2,0.8,-0.4,-2.1,-4.8,-6.8,-7.8,-7.3,-5.9,-3.8,-2.1,-1.2,-0.7,-0.7,-1.0,-3.1,-2.4,-3.3,-5.2,-7.0,-7.7,-6.8,-4.9,656.9,657.8,658.5,658.8,658.4,657.8,656.8,656.5,660.2,658.1,656.3,655.8,656.8,658.7,660.6,658.5,656.4,655.5,656.1,657.9,658.0,658.1,658.4,658.8,658.9,658.8,658.5,658.1,697.8,699.0,700.7,701.8,701.8,700.5,698.8,697.8,698.1,697.4,697.3,698.3,700.9,704.2,707.5,704.0,700.6,698.2,697.1,697.3,699.6,700.1,700.9,701.4,701.4,701.0,700.2,699.7,369.8,31.0,826.2,0.004,0.099,-0.076
739,0,1656521731.664,0.98,1,-0.092977,0.078223,-0.992591,-0.241788,0.075521,-0.967386,-0.169,0.078,561.2,562.5,566.3,570.2,572.0,570.9,566.9,563.0,555.6,558.3,561.9,566.1,570.1,573.3,575.5,573.2,569.9,566.1,562.1,558.5,564.9,566.6,568.3,568.9,568.1,566.4,564.7,564.1,606.6,607.6,610.8,614.4,616.2,615.2,612.0,608.1,603.1,605.4,608.6,612.4,615.8,618.3,619.8,618.5,616.2,613.1,609.6,605.9,609.9,611.4,612.8,613.3,612.5,610.9,609.5,609.1,230.7,226.7,225.0,226.4,230.3,234.6,236.1,234.6,232.6,230.6,229.1,228.3,228.8,230.2,232.4,233.7,234.3,234.7,234.6,234.0,232.4,233.1,232.3,230.5,228.9,228.2,229.0,230.7,228.9,225.2,223.5,224.8,228.4,232.1,233.8,232.8,231.3,229.0,227.3,226.5,226.9,228.1,230.0,231.4,232.1,232.5,232.5,232.3,230.5,231.1,230.3,228.7,227.1,226.6,227.3,228.9,262.1,263.9,268.3,272.7,274.6,273.1,268.3,263.9,257.4,259.4,262.7,267.0,271.9,276.1,279.3,275.9,271.4,266.9,262.8,259.6,266.6,268.6,270.5,271.3,270.5,268.6,266.7,265.9,331.4,333.2,337.8,342.5,344.6,342.8,338.2,333.2,327.5,329.9,333.5,338.4,343.6,348.2,351.6,348.3,344.0,339.2,334.6,330.4,336.1,338.2,340.2,341.0,340.1,338.0,336.0,335.2,-2.7,-7.0,-9.0,-7.4,-3.2,1.6,3.2,1.6,-0.6,-2.8,-4.4,-5.3,-4.8,-3.2,-0.9,0.6,1.2,1.6,1.6,0.9,-0.8,-0.1,-1.0,-2.9,-4.7,-5.4,-4.6,-2.6,-4.9,-9.3,-11.3,-9.7,-5.6,-1.2,0.7,-0.4,-2.2,-4.8,-6.8,-7.8,-7.3,-5.9,-3.8,-2.1,-1.2,-0.8,-0.8,-1.0,-3.1,-2.5,-3.3,-5.2,-7.0,-7.7,-6.9,-5.0,659.0,659.8,660.6,660.8,660.4,659.9,658.9,658.6,662.4,660.2,658.4,657.8,658.9,660.7,662.6,660.6,658.5,657.6,658.2,660.0,660.1,660.2,660.5,660.8,661.0,660.9,660.6,660.2,700.6,701.8,703.5,704.6,704.5,703.3,701.6,700.6,700.9,700.2,700.1,701.1,703.7,707.0,710.3,706.8,703.4,701.0,699.9,700.1,702.4,702.9,703.7,704.2,704.2,703.7,703.0,702.5,370.0,31.0,826.5,0.000,0.101,-0.078
740,0,1656521731.697,0.98,1,-0.091861,0.078575,-0.992667,-0.242018,0.076611,-0.967243,-0.169,0.079,561.1,562.4,566.2,570.1,571.9,570.8,566.8,562.9,555.5,558.2,561.8,566.0,570.0,573.2,575.4,573.1,569.8,566.0,562.0,558.4,564.8,566.5,568.2,568.8,568.0,566.3,564.6,564.0,606.6,607.6,610.8,614.4,616.2,615.2,611.9,608.1,603.1,605.4,608.6,612.4,615.8,618.2,619.8,618.4,616.1,613.1,609.5,605.9,609.8,611.4,612.8,613.3,612.5,610.9,609.5,609.1,230.6,226.6,224.9,226.3,230.2,234.5,235.9,234.5,232.5,230.5,229.0,228.2,228.7,230.2,232.3,233.6,234.2,234.5,234.5,233.9,232.3,233.0,232.2,230.4,228.8,228.1,228.9,230.6,228.8,225.1,223.5,224.8,228.4,232.1,233.7,232.7,231.2,228.9,227.2,226.4,226.9,228.1,229.9,231.3,232.1,232.4,232.4,232.2,230.4,231.0,230.3,228.6,227.1,226.5,227.2,228.9,262.6,264.5,268.9,273.3,275.1,273.6,268.8,264.4,257.8,259.9,263.2,267.5,272.4,276.6,279.8,276.5,271.9,267.4,263.3,260.1,267.2,269.1,271.0,271.8,271.0,269.1,267.2,266.4,332.6,334.4,338.9,343.6,345.7,343.9,339.3,334.3,328.7,331.1,334.7,339.6,344.8,349.3,352.7,349.4,345.1,340.3,335.7,331.6,337.3,339.3,341.3,342.1,341.2,339.1,337.1,336.4,-2.8,-7.1,-9.1,-7.5,-3.3,1.4,3.0,1.4,-0.7,-3.0,-4.5,-5.4,-4.9,-3.3,-1.0,0.5,1.1,1.5,1.4,0.8,-0.9,-0.2,-1.1,-3.0,-4.8,-5.5,-4.7,-2.8,-5.0,-9.4,-11.4,-9.8,-5.6,-1.3,0.7,-0.5,-2.3,-4.9,-6.9,-7.9,-7.3,-6.0,-3.8,-2.1,-1.3,-0.8,-0.9,-1.1,-3.2,-2.5,-3.4,-5.3,-7.1,-7.8,-6.9,-5.0,660.5,661.3,662.1,662.3,661.9,661.4,660.3,660.1,663.8,661.6,659.9,659.3,660.4,662.2,664.2,662.1,660.0,659.1,659.6,661.5,661.5,661.6,662.0,662.3,662.5,662.4,662.1,661.7,703.0,704.3,705.9,707.0,706.9,705.7,704.0,703.1,703.4,702.7,702.6,703.5,706.1,709.4,712.6,709.2,705.8,703.4,702.3,702.6,704.9,705.3,706.1,706.6,706.6,706.2,705.4,704.9,369.9,30.9,826.4,0.002,0.100,-0.076
741,0,1656521731.731,0.98,1,-0.090959,0.079616,-0.992667,-0.242920,0.078363,-0.966876,-0.169,0.080,561.0,562.3,566.1,570.1,571.9,570.8,566.8,562.8,555.4,558.1,561.7,565.9,570.0,573.2,575.4,573.1,569.8,565.9,562.0,558.3,564.8,566.5,568.1,568.7,567.9,566.2,564.6,564.0,606.5,607.6,610.8,614.4,616.2,615.2,611.9,608.1,603.1,605.4,608.5,612.3,615.8,618.3,619.8,618.5,616.2,613.1,609.5,605.9,609.8,611.4,612.8,613.3,612.5,610.9,609.5,609.0,230.9,226.9,225.1,226.6,230.4,234.8,236.2,234.8,232.8,230.8,229.3,228.5,228.9,230.4,232.5,233.9,234.5,234.8,234.8,234.2,232.6,233.3,232.5,230.7,229.0,228.4,229.2,230.9,229.0,225.2,223.5,224.9,228.4,232.1,233.8,232.8,231.3,229.1,227.3,226.5,227.0,228.1,230.0,231.4,232.2,232.6,232.6,232.4,230.5,231.1,230.4,228.7,227.2,226.6,227.3,229.0,260.7,262.5,266.9,271.4,273.2,271.8,267.0,262.6,256.0,258.0,261.3,265.6,270.5,274.7,277.9,274.6,270.1,265.5,261.5,258.2,265.3,267.2,269.1,269.9,269.1,267.2,265.3,264.5,330.9,332.7,337.2,342.0,344.0,342.3,337.7,332.7,327.0,329.4,333.0,337.9,343.1,347.6,351.1,347.8,343.4,338.7,334.0,329.9,335.6,337.7,339.7,340.4,339.5,337.5,335.5,334.7,-2.4,-6.8,-8.8,-7.2,-3.0,1.7,3.4,1.8,-0.4,-2.6,-4.2,-5.1,-4.6,-3.0,-0.7,0.8,1.4,1.8,1.7,1.1,-0.6,0.1,-0.8,-2.7,-4.5,-5.2,-4.4,-2.4,-4.9,-9.2,-11.2,-9.7,-5.5,-1.2,0.8,-0.4,-2.1,-4.8,-6.8,-7.8,-7.2,-5.9,-3.7,-2.1,-1.1,-0.7,-0.7,-0.9,-3.1,-2.4,-3.3,-5.2,-7.0,-7.7,-6.8,-4.9,656.0,656.8,657.6,657.8,657.4,656.9,655.9,655.6,659.3,657.1,655.4,654.8,655.9,657.7,659.7,657.6,655.5,654.6,655.2,657.0,657.1,657.2,657.5,657.9,658.0,657.9,657.6,657.2,699.6,700.9,702.5,703.6,703.5,702.3,700.7,699.7,700.0,699.3,699.1,700.1,702.6,706.0,709.2,705.8,702.4,700.0,698.9,699.2,701.5,701.9,702.7,703.2,703.2,702.7,702.0,701.5,369.7,30.9,826.2,0.003,0.100,-0.077
742,0,1656521731.764,0.98,1,-0.091503,0.080080,-0.992580,-0.240414,0.078336,-0.967504,-0.168,0.081,561.1,562.4,566.2,570.1,571.9,570.8,566.8,562.9,555.5,558.2,561.8,566.0,570.0,573.2,575.4,573.1,569.8,566.0,562.0,558.4,564.8,566.6,568.2,568.8,568.0,566.3,564.6,564.0,606.5,607.6,610.8,614.4,616.1,615.1,611.9,608.0,603.1,605.4,608.5,612.3,615.7,618.2,619.7,618.4,616.1,613.1,609.5,605.9,609.8,611.3,612.8,613.2,612.4,610.9,609.5,609.0,230.8,226.8,225.0,226.5,230.3,234.6,236.1,234.6,232.6,230.6,229.2,228.3,228.8,230.3,232.4,233.8,234.3,234.7,234.6,234.0,232.5,233.1,232.3,230.6,228.9,228.3,229.0,230.8,229.0,225.3,223.6,224.9,228.5,232.2,233.9,232.8,231.3,229.1,227.4,226.6,227.0,228.2,230.1,231.5,232.2,232.6,232.5,232.3,230.5,231.1,230.4,228.8,227.2,226.6,227.4,229.0,262.7,264.5,268.9,273.3,275.1,273.7,268.9,264.5,257.9,260.0,263.2,267.5,272.4,276.6,279.9,276.5,272.0,267.4,263.4,260.1,267.2,269.1,271.0,271.8,271.0,269.1,267.2,266.4,332.5,334.3,338.8,343.5,345.6,343.8,339.2,334.2,328.6,331.0,334.6,339.5,344.7,349.2,352.6,349.3,345.0,340.3,335.6,331.5,337.2,339.2,341.2,342.0,341.1,339.0,337.0,336.3,-2.6,-7.0,-8.9,-7.4,-3.1,1.6,3.2,1.6,-0.6,-2.8,-4.4,-5.3,-4.8,-3.2,-0.8,0.7,1.3,1.7,1.6,1.0,-0.8,-0.1,-0.9,-2.8,-4.7,-5.4,-4.5,-2.6,-4.9,-9.2,-11.2,-9.7,-5.5,-1.1,0.8,-0.4,-2.2,-4.8,-6.8,-7.7,-7.2,-5.8,-3.7,-2.0,-1.1,-0.7,-0.7,-1.0,-3.1,-2.4,-3.3,-5.2,-7.0,-7.7,-6.8,-4.9,660.6,661.4,662.1,662.4,662.0,661.5,660.5,660.2,663.9,661.7,659.9,659.4,660.5,662.3,664.2,662.2,660.1,659.2,659.7,661.6,661.6,661.7,662.1,662.4,662.6,662.5,662.2,661.8,702.9,704.2,705.8,706.9,706.9,705.6,704.0,703.0,703.2,702.6,702.4,703.4,706.0,709.3,712.6,709.1,705.7,703.3,702.2,702.5,704.8,705.3,706.0,706.5,706.6,706.1,705.3,704.8,369.9,30.9,826.7,0.002,0.098,-0.075
743,0,1656521731.797,0.98,1,-0.094408,0.077569,-0.992507,-0.243082,0.075174,-0.967088,-0.171,0.078,561.0,562.3,566.1,570.0,571.8,570.7,566.7,562.8,555.4,558.1,561.7,565.9,570.0,573.1,575.3,573.1,569.7,565.9,561.9,558.3,564.7,566.5,568.1,568.7,567.9,566.2,564.5,563.9,606.5,607.5,610.8,614.3,616.2,615.1,611.9,608.0,603.0,605.3,608.5,612.3,615.7,618.2,619.8,618.4,616.1,613.1,609.5,605.8,609.8,611.3,612.8,613.2,612.4,610.8,609.4,609.0,230.8,226.8,225.0,226.5,230.3,234.6,236.1,234.7,232.7,230.6,229.1,228.3,228.8,230.3,232.4,233.8,234.4,234.7,234.6,234.1,232.5,233.1,232.4,230.6,228.9,228.3,229.0,230.8,229.0,225.2,223.5,224.9,228.5,232.2,233.9,232.9,231.3,229.1,227.3,226.5,227.0,228.2,230.0,231.5,232.2,232.6,232.6,232.4,230.5,231.1,230.4,228.8,227.2,226.6,227.3,229.0,261.1,262.9,267.3,271.7,273.5,272.0,267.3,262.9,256.3,258.4,261.6,265.9,270.8,275.0,278.2,274.9,270.4,265.8,261.8,258.5,265.6,267.5,269.4,270.2,269.4,267.5,265.6,264.8,329.8,331.5,336.1,340.8,342.9,341.1,336.5,331.6,325.9,328.3,331.8,336.8,342.0,346.5,349.9,346.6,342.3,337.6,332.9,328.8,334.5,336.5,338.5,339.3,338.4,336.3,334.3,333.5,-2.6,-7.0,-8.9,-7.3,-3.1,1.6,3.2,1.6,-0.5,-2.8,-4.4,-5.3,-4.7,-3.1,-0.8,0.7,1.3,1.7,1.6,1.0,-0.7,-0.0,-0.9,-2.8,-4.6,-5.4,-4.5,-2.6,-4.9,-9.2,-11.2,-9.6,-5.5,-1.1,0.8,-0.3,-2.1,-4.7,-6.7,-7.7,-7.2,-5.8,-3.7,-2.0,-1.1,-0.7,-0.7,-0.9,-3.0,-2.4,-3.2,-5.1,-7.0,-7.6,-6.8,-4.9,656.9,657.7,658.5,658.7,658.3,657.7,656.7,656.5,660.3,658.1,656.3,655.7,656.8,658.6,660.5,658.4,656.3,655.4,656.0,657.9,657.9,658.0,658.3,658.7,658.9,658.8,658.5,658.1,697.3,698.6,700.2,701.4,701.3,700.0,698.3,697.3,697.6,697.0,696.9,697.9,700.4,703.7,707.0,703.5,700.1,697.7,696.6,696.9,699.2,699.6,700.4,700.9,701.0,700.5,699.7,699.2,369.3,30.9,825.6,0.001,0.103,-0.077
744,0,1656521731.831,0.98,1,-0.091096,0.075256,-0.992994,-0.242404,0.073213,-0.967409,-0.169,0.076,560.9,562.3,566.1,570.0,571.8,570.7,566.7,562.8,555.4,558.1,561.7,565.9,570.0,573.1,575.3,573.1,569.7,565.9,561.9,558.2,564.7,566.4,568.1,568.7,567.9,566.2,564.5,563.9,606.5,607.5,610.7,614.3,616.1,615.1,611.8,608.0,603.0,605.3,608.4,612.3,615.7,618.2,619.7,618.4,616.1,613.0,609.4,605.8,609.7,611.3,612.7,613.2,612.4,610.8,609.4,608.9,230.7,226.7,224.9,226.4,230.2,234.5,236.0,234.5,232.6,230.5,229.0,228.2,228.7,230.2,232.4,233.7,234.3,234.6,234.5,233.9,232.4,233.0,232.3,230.5,228.8,228.2,228.9,230.7,228.9,225.2,223.5,224.8,228.4,232.1,233.8,232.8,231.3,229.0,227.3,226.5,226.9,228.1,230.0,231.4,232.2,232.5,232.5,232.3,230.5,231.1,230.3,228.7,227.2,226.6,227.3,228.9,260.7,262.6,267.0,271.4,273.2,271.7,266.9,262.5,256.0,258.0,261.3,265.7,270.5,274.7,277.9,274.6,270.1,265.5,261.4,258.2,265.3,267.2,269.1,269.9,269.1,267.2,265.3,264.5,330.1,331.9,336.5,341.2,343.2,341.4,336.9,331.9,326.2,328.6,332.2,337.1,342.3,346.8,350.3,347.0,342.6,337.9,333.2,329.1,334.8,336.9,338.9,339.6,338.7,336.7,334.7,333.9,-2.7,-7.1,-9.0,-7.4,-3.2,1.5,3.1,1.5,-0.7,-2.9,-4.5,-5.4,-4.8,-3.2,-0.9,0.6,1.2,1.6,1.5,0.8,-0.8,-0.1,-1.0,-2.9,-4.8,-5.5,-4.6,-2.7,-4.9,-9.2,-11.2,-9.7,-5.5,-1.2,0.8,-0.4,-2.2,-4.8,-6.8,-7.8,-7.2,-5.9,-3.7,-2.0,-1.1,-0.7,-0.7,-1.0,-3.1,-2.4,-3.3,-5.2,-7.0,-7.7,-6.8,-4.9,656.1,657.0,657.8,658.0,657.6,657.0,656.0,655.7,659.4,657.3,655.5,655.0,656.1,657.9,659.8,657.7,655.6,654.7,655.3,657.1,657.2,657.3,657.6,658.0,658.2,658.1,657.7,657.4,698.2,699.4,701.1,702.2,702.1,700.8,699.2,698.2,698.5,697.8,697.7,698.7,701.2,704.6,707.8,704.3,700.9,698.5,697.4,697.7,700.0,700.5,701.2,701.7,701.8,701.3,700.6,700.0,369.5,30.9,826.2,-0.000,0.100,-0.074
745,0,1656521731.864,0.98,1,-0.091478,0.078517,-0.992707,-0.242352,0.077549,-0.967084,-0.169,0.079,560.9,562.2,566.0,569.9,571.8,570.7,566.6,562.7,555.3,558.0,561.6,565.8,569.9,573.0,575.3,573.0,569.6,565.8,561.8,558.1,564.6,566.4,568.0,568.6,567.8,566.1,564.4,563.8,606.5,607.5,610.7,614.3,616.1,615.1,611.9,608.0,603.0,605.3,608.5,612.3,615.7,618.2,619.8,618.4,616.1,613.1,609.5,605.8,609.8,611.3,612.8,613.2,612.4,610.8,609.4,609.0,230.9,226.8,225.1,226.5,230.4,234.7,236.2,234.7,232.7,230.7,229.2,228.4,228.9,230.4,232.5,233.9,234.4,234.8,234.7,234.1,232.6,233.2,232.4,230.7,229.0,228.3,229.1,230.9,229.0,225.2,223.5,224.9,228.5,232.2,233.9,232.9,231.4,229.1,227.3,226.5,227.0,228.2,230.0,231.5,232.2,232.6,232.6,232.4,230.6,231.1,230.4,228.8,227.2,226.6,227.4,229.0,260.2,262.0,266.4,270.8,272.6,271.2,266.4,262.0,255.4,257.5,260.7,265.1,269.9,274.1,277.4,274.0,269.5,265.0,260.9,257.6,264.7,266.6,268.5,269.3,268.5,266.6,264.7,263.9,329.5,331.3,335.9,340.6,342.6,340.9,336.3,331.3,325.6,328.0,331.6,336.5,341.7,346.2,349.7,346.4,342.0,337.3,332.6,328.5,334.2,336.3,338.3,339.1,338.1,336.1,334.1,333.3,-2.5,-6.9,-8.8,-7.2,-3.0,1.7,3.3,1.7,-0.5,-2.7,-4.3,-5.2,-4.6,-3.0,-0.7,0.8,1.4,1.8,1.7,1.1,-0.6,0.1,-0.8,-2.7,-4.6,-5.3,-4.4,-2.5,-4.8,-9.2,-11.2,-9.6,-5.5,-1.1,0.9,-0.3,-2.1,-4.7,-6.7,-7.7,-7.2,-5.8,-3.7,-2.0,-1.1,-0.6,-0.6,-0.9,-3.0,-2.3,-3.2,-5.1,-6.9,-7.6,-6.7,-4.8,654.9,655.7,656.5,656.7,656.3,655.8,654.8,654.5,658.2,656.1,654.3,653.7,654.8,656.7,658.6,656.5,654.4,653.5,654.1,655.9,656.0,656.1,656.4,656.8,656.9,656.8,656.5,656.1,696.9,698.1,699.7,700.9,700.8,699.6,697.9,696.9,697.2,696.5,696.4,697.4,699.9,703.3,706.5,703.1,699.7,697.2,696.2,696.4,698.7,699.2,699.9,700.5,700.5,700.0,699.3,698.7,369.7,30.9,826.8,0.003,0.100,-0.074
746,0,1656521731.897,0.98,1,-0.093995,0.081188,-0.992257,-0.242253,0.079853,-0.966921,-0.170,0.082,560.9,562.2,566.0,570.0,571.8,570.7,566.6,562.7,555.3,558.0,561.6,565.8,569.9,573.1,575.3,573.0,569.7,565.8,561.9,558.2,564.7,566.4,568.0,568.6,567.8,566.1,564.5,563.9,606.6,607.6,610.9,614.5,616.3,615.3,612.0,608.1,603.1,605.4,608.6,612.4,615.9,618.3,619.9,618.5,616.2,613.2,609.6,605.9,609.9,611.5,612.9,613.3,612.5,611.0,609.5,609.1,230.7,226.7,224.9,226.4,230.2,234.6,236.1,234.6,232.6,230.5,229.1,228.3,228.7,230.2,232.3,233.7,234.3,234.7,234.6,234.0,232.4,233.1,232.3,230.5,228.8,228.2,229.0,230.7,228.9,225.1,223.4,224.8,228.4,232.1,233.8,232.8,231.2,228.9,227.2,226.4,226.9,228.1,229.9,231.4,232.1,232.5,232.5,232.3,230.4,231.0,230.3,228.7,227.1,226.5,227.2,228.9,260.4,262.2,266.6,271.0,272.8,271.3,266.6,262.2,255.6,257.7,260.9,265.2,270.1,274.3,277.5,274.2,269.7,265.1,261.1,257.8,264.9,266.8,268.7,269.5,268.7,266.8,264.9,264.1,329.4,331.2,335.8,340.5,342.5,340.8,336.2,331.2,325.5,327.9,331.5,336.4,341.6,346.1,349.6,346.3,341.9,337.2,332.5,328.4,334.1,336.2,338.2,339.0,338.1,336.0,334.0,333.2,-2.7,-7.0,-9.0,-7.4,-3.2,1.5,3.1,1.5,-0.6,-2.9,-4.4,-5.3,-4.8,-3.2,-0.9,0.6,1.2,1.6,1.5,0.9,-0.8,-0.1,-1.0,-2.9,-4.7,-5.4,-4.6,-2.7,-5.0,-9.3,-11.3,-9.7,-5.6,-1.2,0.7,-0.5,-2.2,-4.9,-6.8,-7.8,-7.3,-5.9,-3.8,-2.1,-1.2,-0.8,-0.8,-1.0,-3.1,-2.5,-3.3,-5.2,-7.1,-7.7,-6.9,-5.0,655.3,656.2,656.9,657.1,656.7,656.2,655.2,655.0,658.7,656.5,654.7,654.1,655.2,657.0,659.0,656.9,654.8,653.9,654.5,656.3,656.4,656.5,656.8,657.2,657.3,657.2,656.9,656.6,696.3,697.6,699.2,700.3,700.3,699.1,697.4,696.4,696.7,696.0,695.9,696.9,699.4,702.7,706.0,702.5,699.2,696.7,695.7,695.9,698.2,698.7,699.4,699.9,700.0,699.5,698.7,698.2,368.9,30.8,824.7,0.005,0.101,-0.074
747,0,1656521731.931,0.98,1,-0.089081,0.078372,-0.992936,-0.241303,0.077164,-0.967377,-0.167,0.079,560.9,562.3,566.0,570.0,571.8,570.7,566.7,562.7,555.3,558.0,561.7,565.8,569.9,573.0,575.3,573.0,569.7,565.8,561.9,558.2,564.7,566.4,568.0,568.6,567.8,566.1,564.5,563.9,606.5,607.5,610.7,614.3,616.1,615.1,611.8,608.0,603.0,605.3,608.4,612.2,615.6,618.1,619.7,618.3,616.0,613.0,609.4,605.8,609.7,611.3,612.7,613.1,612.4,610.8,609.4,608.9,230.8,226.8,225.0,226.5,230.4,234.7,236.2,234.7,232.7,230.7,229.2,228.4,228.9,230.3,232.5,233.8,234.4,234.7,234.7,234.1,232.5,233.2,232.4,230.6,228.9,228.3,229.1,230.8,228.9,225.2,223.5,224.8,228.4,232.1,233.8,232.8,231.3,229.0,227.3,226.4,226.9,228.1,229.9,231.3,232.1,232.5,232.5,232.3,230.5,231.0,230.3,228.7,227.1,226.5,227.3,228.9,261.5,263.3,267.7,272.1,274.0,272.5,267.7,263.3,256.7,258.8,262.0,266.4,271.3,275.5,278.7,275.3,270.8,266.3,262.2,258.9,266.0,267.9,269.9,270.7,269.9,268.0,266.0,265.2,331.8,333.6,338.1,342.8,344.9,343.1,338.6,333.6,327.9,330.3,333.9,338.8,344.0,348.5,352.0,348.7,344.3,339.6,334.9,330.8,336.5,338.6,340.6,341.3,340.4,338.4,336.4,335.6,-2.5,-6.9,-8.9,-7.3,-3.1,1.6,3.3,1.7,-0.5,-2.7,-4.3,-5.2,-4.7,-3.1,-0.8,0.7,1.3,1.7,1.6,1.0,-0.7,0.0,-0.8,-2.8,-4.6,-5.3,-4.5,-2.5,-5.0,-9.3,-11.3,-9.8,-5.6,-1.3,0.7,-0.4,-2.2,-4.8,-6.8,-7.8,-7.3,-6.0,-3.8,-2.1,-1.2,-0.8,-0.8,-1.0,-3.2,-2.5,-3.4,-5.3,-7.1,-7.7,-6.9,-5.0,658.1,658.9,659.7,660.0,659.6,659.0,658.0,657.7,661.4,659.2,657.5,656.9,658.0,659.9,661.8,659.7,657.6,656.7,657.2,659.0,659.2,659.3,659.6,660.0,660.2,660.0,659.7,659.3,701.7,703.0,704.6,705.7,705.6,704.4,702.7,701.7,702.0,701.4,701.2,702.2,704.8,708.1,711.3,707.9,704.5,702.1,701.0,701.3,703.5,704.0,704.8,705.3,705.3,704.8,704.1,703.6,369.8,30.9,826.8,0.002,0.097,-0.075
748,0,1656521731.964,0.98,1,-0.091271,0.078333,-0.992740,-0.243108,0.076721,-0.966960,-0.169,0.079,560.9,562.3,566.1,570.0,571.8,570.7,566.7,562.7,555.4,558.0,561.7,565.9,570.0,573.1,575.3,573.0,569.7,565.9,561.9,558.2,564.7,566.4,568.1,568.7,567.9,566.2,564.5,563.9,606.5,607.5,610.8,614.3,616.1,615.1,611.9,608.0,603.0,605.3,608.5,612.3,615.7,618.2,619.8,618.4,616.1,613.0,609.5,605.8,609.8,611.3,612.8,613.2,612.4,610.8,609.4,609.0,230.8,226.8,225.0,226.5,230.3,234.6,236.1,234.6,232.7,230.6,229.1,228.3,228.8,230.3,232.5,233.8,234.4,234.7,234.7,234.0,232.5,233.1,232.4,230.6,228.9,228.3,229.0,230.8,228.9,225.2,223.5,224.9,228.4,232.1,233.8,232.8,231.3,229.0,227.3,226.5,226.9,228.1,230.0,231.4,232.2,232.6,232.6,232.4,230.5,231.1,230.4,228.7,227.2,226.6,227.3,229.0,260.8,262.6,267.1,271.5,273.3,271.8,267.0,262.6,256.0,258.1,261.4,265.7,270.6,274.8,278.0,274.6,270.1,265.6,261.5,258.3,265.3,267.3,269.2,270.0,269.2,267.3,265.4,264.6,331.3,333.1,337.6,342.3,344.4,342.6,338.0,333.1,327.4,329.8,333.4,338.3,343.5,348.0,351.4,348.1,343.8,339.1,334.4,330.3,336.0,338.0,340.0,340.8,339.9,337.8,335.8,335.1,-2.6,-7.0,-8.9,-7.3,-3.1,1.6,3.2,1.6,-0.6,-2.8,-4.4,-5.3,-4.7,-3.1,-0.8,0.7,1.3,1.7,1.6,1.0,-0.7,-0.0,-0.9,-2.8,-4.6,-5.4,-4.5,-2.6,-4.9,-9.2,-11.2,-9.7,-5.5,-1.2,0.8,-0.4,-2.1,-4.8,-6.8,-7.8,-7.3,-5.9,-3.7,-2.0,-1.1,-0.7,-0.7,-0.9,-3.1,-2.4,-3.3,-5.2,-7.0,-7.7,-6.8,-4.9,656.4,657.2,657.9,658.2,657.8,657.2,656.2,656.0,659.7,657.5,655.7,655.2,656.3,658.1,660.0,657.9,655.8,654.9,655.5,657.3,657.4,657.5,657.8,658.2,658.4,658.3,657.9,657.6,700.5,701.7,703.4,704.5,704.4,703.2,701.5,700.6,700.8,700.2,700.0,701.0,703.5,706.9,710.1,706.7,703.3,700.9,699.8,700.1,702.3,702.8,703.5,704.1,704.1,703.6,702.9,702.4,370.1,30.8,827.4,0.004,0.099,-0.075
749,0,1656521731.997,0.98,1,-0.089043,0.078033,-0.992966,-0.240155,0.076231,-0.967737,-0.166,0.079,561.0,562.3,566.1,570.0,571.8,570.7,566.7,562.8,555.4,558.1,561.7,565.9,570.0,573.1,575.3,573.0,569.7,565.9,561.9,558.2,564.7,566.4,568.1,568.7,567.9,566.2,564.5,563.9,606.5,607.5,610.8,614.3,616.1,615.1,611.9,608.0,603.0,605.3,608.5,612.3,615.7,618.2,619.7,618.4,616.1,613.1,609.5,605.8,609.8,611.3,612.8,613.2,612.4,610.8,609.4,609.0,230.7,226.7,225.0,226.4,230.3,234.6,236.1,234.6,232.6,230.6,229.1,228.3,228.8,230.3,232.4,233.8,234.4,234.7,234.6,234.0,232.5,233.1,232.3,230.6,228.9,228.2,229.0,230.8,228.9,225.2,223.5,224.9,228.4,232.2,233.9,232.8,231.3,229.0,227.3,226.5,227.0,228.1,230.0,231.4,232.2,232.6,232.6,232.4,230.5,231.1,230.4,228.7,227.2,226.6,227.3,228.9,260.8,262.6,267.0,271.4,273.2,271.8,267.0,262.6,256.0,258.1,261.3,265.7,270.6,274.8,278.0,274.6,270.1,265.6,261.5,258.2,265.3,267.2,269.2,270.0,269.2,267.3,265.3,264.5,330.0,331.8,336.4,341.1,343.1,341.4,336.8,331.8,326.1,328.5,332.1,337.0,342.2,346.7,350.2,346.9,342.5,337.8,333.1,329.0,334.7,336.8,338.8,339.5,338.6,336.6,334.6,333.8,-2.6,-7.0,-8.9,-7.3,-3.1,1.6,3.2,1.6,-0.6,-2.8,-4.4,-5.3,-4.8,-3.2,-0.8,0.7,1.3,1.7,1.6,0.9,-0.8,-0.1,-0.9,-2.8,-4.7,-5.4,-4.5,-2.6,-4.9,-9.2,-11.2,-9.7,-5.5,-1.2,0.8,-0.4,-2.1,-4.8,-6.8,-7.8,-7.2,-5.9,-3.7,-2.0,-1.1,-0.7,-0.7,-0.9,-3.1,-2.4,-3.3,-5.2,-7.0,-7.7,-6.8,-4.9,656.2,657.0,657.8,658.1,657.7,657.1,656.1,655.8,659.5,657.4,655.6,655.1,656.2,658.0,659.9,657.8,655.7,654.8,655.4,657.2,657.3,657.4,657.7,658.1,658.3,658.1,657.8,657.5,697.8,699.1,700.8,701.9,701.8,700.6,698.9,697.9,698.1,697.5,697.4,698.4,701.0,704.3,707.6,704.1,700.7,698.3,697.2,697.4,699.7,700.2,700.9,701.5,701.5,701.0,700.3,699.7,369.7,30.9,826.6,0.002,0.098,-0.075
750,0,1656521732.031,0.98,1,-0.090908,0.078215,-0.992783,-0.241640,0.076918,-0.967313,-0.168,0.079,560.9,562.3,566.0,570.0,571.8,570.7,566.7,562.7,555.3,558.0,561.7,565.8,569.9,573.1,575.3,573.0,569.7,565.9,561.9,558.2,564.7,566.4,568.1,568.7,567.9,566.1,564.5,563.9,606.5,607.5,610.8,614.4,616.2,615.2,611.9,608.0,603.0,605.3,608.5,612.3,615.7,618.2,619.8,618.4,616.1,613.1,609.5,605.8,609.8,611.4,612.8,613.2,612.4,610.9,609.4,609.0,230.8,226.8,225.0,226.5,230.4,234.7,236.2,234.7,232.7,230.7,229.2,228.4,228.9,230.3,232.4,233.8,234.4,234.8,234.7,234.1,232.5,233.2,232.4,230.6,228.9,228.3,229.1,230.8,228.9,225.2,223.5,224.8,228.4,232.1,233.8,232.8,231.3,229.0,227.3,226.4,226.9,228.1,229.9,231.4,232.1,232.5,232.5,232.3,230.5,231.1,230.3,228.7,227.1,226.5,227.3,228.9,260.7,262.5,266.9,271.3,273.1,271.7,266.9,262.5,255.9,258.0,261.2,265.6,270.4,274.6,277.9,274.5,270.0,265.5,261.4,258.1,265.2,267.1,269.1,269.9,269.1,267.1,265.2,264.4,330.2,331.9,336.5,341.2,343.3,341.5,336.9,332.0,326.3,328.7,332.2,337.2,342.4,346.9,350.3,347.0,342.7,338.0,333.3,329.2,334.9,336.9,338.9,339.7,338.8,336.7,334.7,334.0,-2.5,-6.9,-8.9,-7.3,-3.1,1.7,3.3,1.7,-0.5,-2.7,-4.3,-5.2,-4.7,-3.1,-0.8,0.7,1.3,1.7,1.7,1.0,-0.7,0.0,-0.8,-2.8,-4.6,-5.3,-4.5,-2.5,-4.9,-9.3,-11.3,-9.7,-5.6,-1.2,0.8,-0.4,-2.2,-4.8,-6.8,-7.8,-7.3,-5.9,-3.8,-2.1,-1.2,-0.8,-0.8,-1.0,-3.1,-2.4,-3.3,-5.2,-7.0,-7.7,-6.8,-4.9,656.0,656.8,657.6,657.9,657.5,656.9,655.9,655.6,659.3,657.1,655.4,654.8,655.9,657.8,659.7,657.6,655.5,654.6,655.2,657.0,657.1,657.2,657.5,657.9,658.0,657.9,657.6,657.2,698.1,699.3,701.0,702.1,702.0,700.8,699.2,698.1,698.4,697.7,697.6,698.6,701.2,704.5,707.8,704.3,700.9,698.5,697.4,697.7,700.0,700.4,701.2,701.7,701.7,701.2,700.5,700.0,369.5,30.9,825.9,0.001,0.100,-0.076
751,0,1656521732.064,0.98,1,-0.088450,0.079677,-0.992889,-0.241452,0.078558,-0.967228,-0.167,0.081,560.9,562.3,566.1,570.0,571.8,570.7,566.7,562.7,555.3,558.0,561.7,565.9,569.9,573.1,575.3,573.0,569.7,565.8,561.9,558.2,564.7,566.4,568.1,568.7,567.9,566.1,564.5,563.9,606.5,607.6,610.8,614.4,616.2,615.1,611.9,608.0,603.0,605.4,608.5,612.3,615.7,618.2,619.8,618.4,616.1,613.0,609.5,605.8,609.8,611.3,612.8,613.2,612.4,610.9,609.5,609.0,230.6,226.6,224.8,226.3,230.2,234.5,235.9,234.5,232.5,230.4,229.0,228.1,228.6,230.1,232.3,233.6,234.2,234.5,234.4,233.8,232.3,232.9,232.2,230.4,228.7,228.1,228.9,230.6,228.8,225.1,223.4,224.8,228.4,232.1,233.7,232.7,231.2,228.9,227.2,226.4,226.9,228.1,229.9,231.4,232.1,232.5,232.4,232.2,230.4,231.0,230.3,228.6,227.1,226.5,227.2,228.8,261.1,262.9,267.3,271.7,273.5,272.1,267.3,262.9,256.2,258.3,261.6,266.0,270.8,275.0,278.3,274.9,270.4,265.8,261.8,258.5,265.6,267.5,269.4,270.2,269.5,267.5,265.6,264.8,331.7,333.5,338.1,342.8,344.8,343.0,338.4,333.5,327.8,330.2,333.8,338.7,343.9,348.4,351.9,348.6,344.2,339.5,334.8,330.7,336.4,338.4,340.5,341.2,340.3,338.3,336.3,335.5,-2.8,-7.2,-9.1,-7.5,-3.3,1.4,3.0,1.4,-0.8,-3.0,-4.6,-5.5,-4.9,-3.3,-1.0,0.5,1.1,1.5,1.4,0.7,-0.9,-0.2,-1.1,-3.0,-4.9,-5.6,-4.7,-2.8,-5.0,-9.4,-11.4,-9.8,-5.6,-1.3,0.7,-0.5,-2.3,-4.9,-6.9,-7.9,-7.3,-6.0,-3.8,-2.1,-1.2,-0.8,-0.8,-1.1,-3.2,-2.5,-3.4,-5.3,-7.1,-7.8,-6.9,-5.0,657.0,657.8,658.6,658.9,658.5,657.9,656.9,656.6,660.3,658.1,656.3,655.8,656.9,658.8,660.7,658.6,656.5,655.6,656.1,657.9,658.0,658.2,658.5,658.9,659.0,658.9,658.6,658.2,701.4,702.6,704.2,705.3,705.3,704.0,702.4,701.4,701.7,701.0,700.9,701.9,704.4,707.7,711.0,707.5,704.1,701.7,700.7,700.9,703.2,703.7,704.4,704.9,705.0,704.5,703.8,703.2,369.6,30.7,826.6,0.004,0.097,-0.071
752,0,1656521732.097,0.98,1,-0.091548,0.082336,-0.992391,-0.242444,0.080676,-0.966805,-0.169,0.083,560.9,562.3,566.0,570.0,571.8,570.7,566.7,562.7,555.4,558.0,561.7,565.8,569.9,573.1,575.3,573.0,569.7,565.8,561.9,558.2,564.7,566.4,568.1,568.7,567.9,566.1,564.5,563.9,606.5,607.5,610.8,614.3,616.1,615.1,611.9,608.0,603.0,605.3,608.5,612.3,615.7,618.2,619.8,618.4,616.1,613.0,609.5,605.8,609.8,611.3,612.8,613.2,612.4,610.9,609.4,609.0,230.6,226.6,224.8,226.3,230.2,234.5,236.0,234.5,232.5,230.5,229.0,228.2,228.7,230.1,232.3,233.6,234.2,234.6,234.5,233.9,232.3,233.0,232.2,230.4,228.7,228.1,228.9,230.6,228.8,225.1,223.4,224.7,228.3,232.0,233.7,232.7,231.1,228.9,227.2,226.3,226.8,228.0,229.8,231.3,232.0,232.4,232.4,232.2,230.3,230.9,230.2,228.6,227.0,226.4,227.2,228.8,261.1,262.9,267.3,271.7,273.5,272.1,267.3,262.9,256.3,258.4,261.6,266.0,270.8,275.0,278.3,274.9,270.4,265.9,261.8,258.5,265.6,267.5,269.5,270.3,269.5,267.5,265.6,264.8,331.2,333.0,337.6,342.3,344.3,342.6,338.0,333.0,327.3,329.7,333.3,338.2,343.4,347.9,351.4,348.1,343.7,339.0,334.3,330.2,335.9,338.0,340.0,340.8,339.8,337.8,335.8,335.0,-2.8,-7.1,-9.1,-7.5,-3.3,1.4,3.1,1.5,-0.7,-3.0,-4.5,-5.4,-4.9,-3.3,-1.0,0.5,1.1,1.5,1.4,0.8,-0.9,-0.2,-1.1,-3.0,-4.8,-5.5,-4.7,-2.8,-5.1,-9.4,-11.4,-9.9,-5.7,-1.4,0.6,-0.6,-2.3,-5.0,-7.0,-7.9,-7.4,-6.1,-3.9,-2.2,-1.3,-0.9,-0.9,-1.1,-3.3,-2.6,-3.5,-5.4,-7.2,-7.9,-7.0,-5.1,657.1,657.9,658.6,658.9,658.5,658.0,656.9,656.7,660.4,658.2,656.4,655.9,657.0,658.8,660.7,658.7,656.6,655.7,656.2,658.1,658.1,658.2,658.6,658.9,659.1,659.0,658.6,658.3,700.4,701.6,703.2,704.4,704.3,703.1,701.4,700.5,700.7,700.0,699.9,700.9,703.4,706.8,710.0,706.6,703.2,700.8,699.7,700.0,702.2,702.7,703.4,704.0,704.0,703.5,702.8,702.3,370.3,30.7,827.7,0.006,0.100,-0.076
753,0,1656521732.131,0.98,1,-0.090186,0.077684,-0.992891,-0.239940,0.075889,-0.967817,-0.167,0.078,561.0,562.3,566.1,570.0,571.8,570.7,566.7,562.8,555.4,558.1,561.7,565.9,570.0,573.1,575.3,573.1,569.7,565.9,561.9,558.3,564.7,566.4,568.1,568.7,567.9,566.2,564.5,563.9,606.5,607.5,610.7,614.3,616.1,615.1,611.9,608.0,603.0,605.3,608.5,612.3,615.7,618.2,619.7,618.4,616.1,613.1,609.5,605.8,609.8,611.3,612.8,613.2,612.4,610.8,609.4,609.0,230.7,226.7,224.9,226.4,230.2,234.5,236.0,234.6,232.6,230.5,229.0,228.2,228.7,230.2,232.4,233.7,234.3,234.6,234.5,234.0,232.4,233.0,232.3,230.5,228.8,228.2,229.0,230.7,228.8,225.1,223.4,224.7,228.3,232.0,233.7,232.7,231.2,228.9,227.2,226.4,226.8,228.0,229.9,231.3,232.1,232.4,232.4,232.2,230.4,231.0,230.2,228.6,227.0,226.5,227.2,228.8,261.0,262.8,267.2,271.6,273.4,272.0,267.2,262.8,256.2,258.3,261.5,265.9,270.7,274.9,278.2,274.8,270.3,265.7,261.7,258.4,265.5,267.4,269.3,270.1,269.4,267.4,265.5,264.7,330.3,332.0,336.6,341.3,343.4,341.6,337.0,332.1,326.4,328.7,332.3,337.3,342.5,347.0,350.4,347.1,342.8,338.1,333.4,329.3,335.0,337.0,339.0,339.8,338.9,336.8,334.8,334.0,-2.7,-7.1,-9.0,-7.4,-3.2,1.5,3.1,1.5,-0.6,-2.9,-4.5,-5.4,-4.8,-3.2,-0.9,0.6,1.2,1.6,1.5,0.9,-0.8,-0.1,-1.0,-2.9,-4.8,-5.5,-4.6,-2.7,-5.0,-9.4,-11.4,-9.8,-5.7,-1.3,0.7,-0.5,-2.3,-4.9,-6.9,-7.9,-7.4,-6.0,-3.8,-2.2,-1.3,-0.8,-0.9,-1.1,-3.2,-2.5,-3.4,-5.3,-7.1,-7.8,-6.9,-5.0,656.7,657.5,658.3,658.5,658.1,657.5,656.5,656.2,660.0,657.8,656.0,655.5,656.6,658.4,660.3,658.2,656.1,655.2,655.8,657.6,657.7,657.8,658.1,658.5,658.7,658.6,658.2,657.9,698.4,699.6,701.3,702.4,702.3,701.1,699.4,698.4,698.6,698.0,697.9,698.9,701.5,704.8,708.1,704.6,701.2,698.7,697.7,697.9,700.2,700.7,701.4,702.0,702.0,701.5,700.8,700.2,369.2,30.7,825.4,0.003,0.098,-0.075
754,0,1656521732.164,0.98,1,-0.090990,0.080374,-0.992603,-0.241355,0.079445,-0.967180,-0.168,0.081,560.9,562.3,566.0,569.9,571.8,570.6,566.7,562.7,555.3,558.0,561.6,565.8,569.9,573.0,575.2,573.0,569.7,565.8,561.9,558.2,564.7,566.4,568.0,568.6,567.8,566.1,564.5,563.9,606.5,607.5,610.8,614.4,616.1,615.1,611.9,608.0,603.0,605.4,608.5,612.3,615.7,618.2,619.7,618.4,616.1,613.0,609.5,605.8,609.8,611.3,612.8,613.2,612.4,610.9,609.5,609.0,230.6,226.7,224.9,226.3,230.2,234.5,236.0,234.5,232.5,230.5,229.0,228.2,228.7,230.2,232.3,233.6,234.2,234.5,234.5,233.9,232.3,233.0,232.2,230.5,228.8,228.1,228.9,230.7,228.8,225.1,223.4,224.7,228.3,232.0,233.7,232.7,231.1,228.9,227.2,226.4,226.9,228.0,229.9,231.3,232.0,232.4,232.4,232.2,230.4,230.9,230.2,228.6,227.0,226.4,227.2,228.8,262.0,263.8,268.2,272.6,274.5,273.0,268.2,263.8,257.2,259.3,262.5,266.9,271.8,276.0,279.2,275.8,271.3,266.8,262.7,259.4,266.5,268.4,270.4,271.2,270.4,268.4,266.5,265.7,332.2,334.0,338.6,343.3,345.3,343.5,339.0,334.0,328.3,330.7,334.3,339.2,344.4,349.0,352.4,349.1,344.7,340.0,335.3,331.2,336.9,339.0,341.0,341.8,340.9,338.8,336.8,336.0,-2.8,-7.1,-9.1,-7.5,-3.3,1.4,3.1,1.5,-0.7,-2.9,-4.5,-5.4,-4.9,-3.3,-1.0,0.5,1.1,1.5,1.4,0.8,-0.9,-0.2,-1.1,-3.0,-4.8,-5.5,-4.7,-2.7,-5.1,-9.4,-11.4,-9.9,-5.7,-1.3,0.6,-0.6,-2.4,-5.0,-6.9,-7.9,-7.4,-6.0,-3.9,-2.2,-1.3,-0.9,-0.9,-1.2,-3.3,-2.6,-3.5,-5.4,-7.2,-7.9,-7.0,-5.1,659.4,660.2,661.0,661.2,660.8,660.3,659.2,659.0,662.7,660.5,658.7,658.2,659.3,661.1,663.1,661.0,658.9,657.9,658.5,660.3,660.4,660.5,660.9,661.2,661.4,661.3,661.0,660.6,702.4,703.7,705.3,706.4,706.3,705.1,703.5,702.5,702.8,702.1,702.0,702.9,705.5,708.8,712.0,708.6,705.2,702.8,701.7,702.0,704.3,704.8,705.5,706.0,706.0,705.6,704.8,704.3,369.2,30.7,825.4,0.003,0.099,-0.074
755,0,1656521732.197,0.98,1,-0.092920,0.079735,-0.992476,-0.243624,0.077642,-0.966757,-0.170,0.080,561.0,562.4,566.2,570.1,571.9,570.8,566.8,562.9,555.5,558.2,561.8,566.0,570.0,573.2,575.4,573.1,569.8,566.0,562.0,558.3,564.8,566.5,568.2,568.8,568.0,566.3,564.6,564.0,606.5,607.5,610.8,614.4,616.2,615.1,611.9,608.0,603.0,605.4,608.5,612.3,615.7,618.2,619.8,618.4,616.1,613.1,609.5,605.9,609.8,611.4,612.8,613.2,612.4,610.9,609.5,609.0,230.8,226.8,225.0,226.4,230.3,234.6,236.1,234.6,232.6,230.6,229.1,228.3,228.8,230.3,232.4,233.8,234.3,234.7,234.6,234.0,232.5,233.1,232.3,230.6,228.9,228.2,229.0,230.8,228.9,225.2,223.5,224.8,228.4,232.1,233.8,232.8,231.2,229.0,227.3,226.4,226.9,228.1,229.9,231.3,232.1,232.5,232.5,232.3,230.4,231.0,230.3,228.7,227.1,226.5,227.3,228.9,261.9,263.7,268.1,272.5,274.3,272.9,268.1,263.7,257.1,259.2,262.4,266.8,271.6,275.8,279.1,275.7,271.2,266.7,262.6,259.3,266.4,268.3,270.3,271.1,270.3,268.3,266.4,265.6,331.5,333.3,337.9,342.6,344.6,342.9,338.3,333.3,327.6,330.0,333.6,338.5,343.7,348.2,351.7,348.4,344.0,339.3,334.6,330.5,336.2,338.3,340.3,341.0,340.1,338.1,336.1,335.3,-2.6,-7.0,-9.0,-7.4,-3.1,1.6,3.2,1.6,-0.6,-2.8,-4.4,-5.3,-4.8,-3.2,-0.8,0.6,1.3,1.7,1.6,0.9,-0.8,-0.1,-0.9,-2.8,-4.7,-5.4,-4.5,-2.6,-5.0,-9.3,-11.3,-9.8,-5.6,-1.3,0.7,-0.5,-2.2,-4.9,-6.8,-7.8,-7.3,-6.0,-3.8,-2.1,-1.2,-0.8,-0.8,-1.0,-3.2,-2.5,-3.4,-5.3,-7.1,-7.8,-6.9,-5.0,658.7,659.5,660.3,660.5,660.1,659.6,658.6,658.3,662.1,659.9,658.1,657.5,658.6,660.4,662.4,660.3,658.2,657.3,657.9,659.7,659.8,659.9,660.2,660.6,660.7,660.6,660.3,659.9,700.9,702.1,703.8,704.9,704.8,703.6,702.0,701.0,701.2,700.6,700.4,701.4,704.0,707.3,710.5,707.1,703.7,701.3,700.2,700.5,702.8,703.2,704.0,704.5,704.5,704.0,703.3,702.8,370.5,30.9,828.0,0.003,0.103,-0.077
756,0,1656521732.231,0.98,1,-0.088723,0.078727,-0.992940,-0.240449,0.076974,-0.967605,-0.166,0.079,561.0,562.4,566.1,570.1,571.9,570.8,566.8,562.8,555.4,558.1,561.8,565.9,570.0,573.2,575.4,573.1,569.8,565.9,562.0,558.3,564.8,566.5,568.1,568.7,567.9,566.2,564.6,564.0,606.5,607.6,610.8,614.4,616.2,615.2,611.9,608.0,603.0,605.4,608.5,612.3,615.8,618.2,619.8,618.4,616.1,613.1,609.5,605.8,609.8,611.4,612.8,613.2,612.5,610.9,609.5,609.0,230.8,226.8,225.0,226.5,230.4,234.7,236.2,234.7,232.7,230.7,229.2,228.4,228.9,230.3,232.4,233.8,234.4,234.7,234.7,234.1,232.5,233.2,232.4,230.6,228.9,228.3,229.1,230.8,229.0,225.2,223.5,224.9,228.5,232.2,233.9,232.8,231.3,229.1,227.4,226.5,227.0,228.2,230.0,231.4,232.2,232.6,232.5,232.3,230.5,231.1,230.4,228.7,227.2,226.6,227.3,229.0,261.2,263.1,267.5,271.9,273.7,272.3,267.5,263.1,256.4,258.5,261.8,266.1,271.0,275.2,278.5,275.1,270.6,266.0,262.0,258.7,265.8,267.7,269.6,270.4,269.6,267.7,265.8,265.0,330.8,332.6,337.1,341.8,343.9,342.1,337.5,332.6,326.9,329.3,332.9,337.8,343.0,347.5,350.9,347.6,343.3,338.6,333.9,329.8,335.5,337.5,339.5,340.3,339.4,337.4,335.4,334.6,-2.6,-6.9,-8.9,-7.3,-3.1,1.7,3.3,1.7,-0.5,-2.7,-4.3,-5.2,-4.7,-3.1,-0.8,0.7,1.3,1.7,1.6,1.0,-0.7,0.0,-0.9,-2.8,-4.6,-5.3,-4.5,-2.5,-4.9,-9.2,-11.2,-9.7,-5.5,-1.1,0.8,-0.4,-2.1,-4.8,-6.7,-7.7,-7.2,-5.8,-3.7,-2.0,-1.1,-0.7,-0.7,-0.9,-3.1,-2.4,-3.2,-5.1,-7.0,-7.7,-6.8,-4.9,657.2,658.0,658.8,659.1,658.7,658.1,657.1,656.8,660.5,658.3,656.5,656.0,657.2,659.0,661.0,658.9,656.7,655.8,656.3,658.1,658.3,658.4,658.7,659.1,659.3,659.1,658.8,658.4,699.4,700.6,702.3,703.4,703.3,702.1,700.4,699.4,699.7,699.0,698.9,699.9,702.4,705.8,709.0,705.6,702.2,699.8,698.7,698.9,701.2,701.7,702.4,703.0,703.0,702.5,701.8,701.3,369.3,30.9,825.4,-0.001,0.100,-0.076
757,0,1656521732.264,0.98,1,-0.094859,0.082223,-0.992089,-0.241938,0.079807,-0.967004,-0.170,0.083,561.0,562.4,566.1,570.1,571.9,570.7,566.7,562.8,555.5,558.1,561.7,565.9,570.0,573.1,575.3,573.1,569.7,565.9,562.0,558.3,564.8,566.5,568.1,568.7,567.9,566.2,564.6,564.0,606.6,607.6,610.8,614.4,616.2,615.2,611.9,608.1,603.1,605.4,608.6,612.4,615.8,618.2,619.8,618.4,616.1,613.1,609.5,605.9,609.8,611.4,612.8,613.3,612.5,610.9,609.5,609.0,230.8,226.8,225.0,226.4,230.3,234.6,236.1,234.6,232.6,230.6,229.2,228.3,228.8,230.3,232.4,233.7,234.3,234.7,234.6,234.0,232.4,233.1,232.3,230.6,228.9,228.2,229.0,230.8,229.0,225.3,223.6,224.9,228.5,232.2,233.9,232.8,231.3,229.1,227.4,226.6,227.1,228.2,230.1,231.5,232.2,232.6,232.5,232.3,230.5,231.1,230.4,228.8,227.2,226.6,227.4,229.0,262.4,264.2,268.6,273.0,274.9,273.4,268.6,264.2,257.7,259.7,263.0,267.3,272.2,276.4,279.6,276.2,271.7,267.2,263.1,259.9,267.0,268.9,270.8,271.6,270.8,268.9,267.0,266.2,332.1,333.9,338.4,343.1,345.2,343.4,338.8,333.8,328.2,330.6,334.2,339.1,344.3,348.8,352.2,348.9,344.6,339.8,335.2,331.1,336.8,338.8,340.8,341.6,340.7,338.6,336.6,335.9,-2.6,-7.0,-9.0,-7.4,-3.1,1.6,3.2,1.6,-0.6,-2.8,-4.4,-5.3,-4.8,-3.2,-0.9,0.6,1.2,1.6,1.6,0.9,-0.8,-0.1,-0.9,-2.9,-4.7,-5.4,-4.6,-2.6,-4.9,-9.2,-11.2,-9.7,-5.5,-1.1,0.8,-0.4,-2.2,-4.8,-6.7,-7.7,-7.1,-5.8,-3.7,-2.0,-1.1,-0.7,-0.7,-1.0,-3.1,-2.4,-3.2,-5.1,-7.0,-7.7,-6.8,-4.9,660.2,661.0,661.7,661.9,661.5,661.0,660.0,659.8,663.6,661.3,659.5,659.0,660.0,661.8,663.7,661.7,659.6,658.7,659.3,661.2,661.2,661.3,661.6,662.0,662.1,662.0,661.7,661.4,702.0,703.2,704.9,706.0,705.9,704.7,703.0,702.0,702.3,701.6,701.5,702.5,705.1,708.4,711.7,708.2,704.8,702.4,701.3,701.6,703.8,704.3,705.1,705.6,705.6,705.1,704.4,703.9,369.9,31.0,826.6,0.003,0.102,-0.076
758,0,1656521732.297,0.98,1,-0.090675,0.078534,-0.992779,-0.242893,0.076313,-0.967047,-0.169,0.079,561.1,562.5,566.3,570.2,572.0,570.9,566.9,562.9,555.6,558.2,561.9,566.1,570.1,573.3,575.5,573.2,569.9,566.1,562.1,558.4,564.9,566.6,568.3,568.9,568.1,566.4,564.7,564.1,606.6,607.7,610.9,614.5,616.3,615.3,612.0,608.2,603.2,605.5,608.6,612.4,615.9,618.3,619.9,618.5,616.2,613.2,609.6,606.0,609.9,611.5,612.9,613.4,612.6,611.0,609.6,609.1,230.7,226.7,224.9,226.4,230.3,234.6,236.0,234.6,232.6,230.5,229.1,228.2,228.7,230.2,232.4,233.7,234.3,234.6,234.5,233.9,232.4,233.0,232.3,230.5,228.8,228.2,229.0,230.7,228.9,225.2,223.5,224.8,228.4,232.1,233.8,232.8,231.3,229.0,227.3,226.4,226.9,228.1,229.9,231.4,232.1,232.5,232.5,232.3,230.4,231.0,230.3,228.7,227.1,226.5,227.3,228.9,261.4,263.2,267.6,272.0,273.8,272.4,267.6,263.2,256.6,258.7,261.9,266.3,271.2,275.4,278.6,275.2,270.7,266.2,262.1,258.8,265.9,267.8,269.8,270.6,269.8,267.9,265.9,265.1,331.0,332.8,337.4,342.1,344.2,342.4,337.8,332.8,327.1,329.5,333.1,338.0,343.2,347.8,351.2,347.9,343.5,338.8,334.1,330.0,335.7,337.8,339.8,340.6,339.7,337.6,335.6,334.8,-2.7,-7.1,-9.0,-7.4,-3.2,1.5,3.1,1.5,-0.7,-2.9,-4.5,-5.4,-4.8,-3.2,-0.9,0.6,1.2,1.6,1.5,0.8,-0.8,-0.1,-1.0,-2.9,-4.7,-5.4,-4.6,-2.7,-5.0,-9.3,-11.3,-9.8,-5.6,-1.3,0.7,-0.5,-2.2,-4.9,-6.8,-7.8,-7.3,-6.0,-3.8,-2.1,-1.2,-0.8,-0.8,-1.0,-3.2,-2.5,-3.4,-5.3,-7.1,-7.8,-6.9,-5.0,657.2,658.1,658.8,659.1,658.7,658.1,657.1,656.8,660.5,658.3,656.6,656.1,657.2,659.0,660.9,658.8,656.7,655.8,656.3,658.2,658.3,658.4,658.7,659.1,659.3,659.2,658.8,658.5,699.6,700.9,702.5,703.6,703.6,702.3,700.7,699.7,699.9,699.3,699.2,700.2,702.7,706.0,709.3,705.8,702.4,700.0,698.9,699.2,701.5,702.0,702.7,703.2,703.3,702.8,702.0,701.5,370.0,30.9,826.6,0.003,0.101,-0.075
759,0,1656521732.331,0.98,1,-0.089458,0.079946,-0.992777,-0.241114,0.077840,-0.967370,-0.167,0.080,561.1,562.5,566.2,570.1,572.0,570.8,566.8,562.9,555.5,558.2,561.8,566.0,570.1,573.2,575.4,573.2,569.8,566.0,562.1,558.4,564.9,566.6,568.2,568.8,568.0,566.3,564.7,564.1,606.7,607.7,611.0,614.5,616.3,615.3,612.1,608.2,603.3,605.6,608.7,612.5,615.9,618.4,620.0,618.6,616.3,613.3,609.7,606.1,610.0,611.6,613.0,613.4,612.6,611.1,609.7,609.2,230.9,226.9,225.1,226.5,230.4,234.7,236.2,234.7,232.7,230.7,229.3,228.4,228.9,230.4,232.5,233.9,234.4,234.8,234.7,234.1,232.6,233.2,232.4,230.7,229.0,228.3,229.1,230.9,229.0,225.3,223.6,224.9,228.5,232.2,233.9,232.9,231.3,229.1,227.4,226.6,227.0,228.2,230.1,231.5,232.2,232.6,232.6,232.4,230.6,231.1,230.4,228.8,227.2,226.6,227.4,229.0,261.6,263.4,267.8,272.2,274.0,272.6,267.8,263.4,256.8,258.9,262.1,266.5,271.3,275.5,278.8,275.4,270.9,266.4,262.3,259.0,266.1,268.0,270.0,270.8,270.0,268.0,266.1,265.3,332.3,334.1,338.7,343.4,345.4,343.6,339.1,334.1,328.4,330.8,334.4,339.3,344.5,349.1,352.5,349.2,344.8,340.1,335.4,331.3,337.0,339.1,341.1,341.9,340.9,338.9,336.9,336.1,-2.5,-6.9,-8.8,-7.2,-3.0,1.7,3.3,1.7,-0.5,-2.7,-4.3,-5.1,-4.6,-3.1,-0.7,0.8,1.4,1.8,1.7,1.0,-0.7,0.1,-0.8,-2.7,-4.6,-5.3,-4.4,-2.5,-4.9,-9.2,-11.2,-9.6,-5.5,-1.1,0.8,-0.3,-2.1,-4.7,-6.7,-7.7,-7.2,-5.8,-3.7,-2.0,-1.1,-0.7,-0.7,-0.9,-3.0,-2.4,-3.2,-5.1,-7.0,-7.6,-6.8,-4.9,657.9,658.7,659.4,659.7,659.3,658.8,657.7,657.5,661.2,659.0,657.2,656.7,657.8,659.6,661.5,659.5,657.4,656.4,657.0,658.8,658.9,659.0,659.4,659.7,659.9,659.8,659.4,659.1,702.1,703.4,705.0,706.1,706.0,704.8,703.2,702.2,702.4,701.8,701.7,702.6,705.2,708.5,711.7,708.3,704.9,702.5,701.4,701.7,704.0,704.5,705.2,705.7,705.7,705.3,704.5,704.0,370.4,31.0,827.3,0.002,0.097,-0.076
760,0,1656521732.364,0.98,1,-0.088593,0.080025,-0.992848,-0.241506,0.078831,-0.967192,-0.167,0.081,561.2,562.6,566.3,570.2,572.1,571.0,567.0,563.0,555.6,558.3,562.0,566.1,570.2,573.3,575.5,573.3,570.0,566.1,562.2,558.5,565.0,566.7,568.3,568.9,568.1,566.4,564.8,564.2,606.7,607.7,610.9,614.5,616.3,615.3,612.1,608.2,603.2,605.5,608.7,612.5,615.9,618.4,619.9,618.6,616.3,613.2,609.6,606.0,610.0,611.5,612.9,613.4,612.6,611.0,609.6,609.2,230.9,226.9,225.1,226.6,230.4,234.7,236.2,234.7,232.7,230.7,229.2,228.4,228.9,230.4,232.5,233.9,234.4,234.8,234.7,234.1,232.6,233.2,232.4,230.7,229.0,228.3,229.1,230.9,228.9,225.2,223.5,224.9,228.4,232.1,233.8,232.8,231.3,229.0,227.3,226.5,227.0,228.1,230.0,231.4,232.2,232.5,232.5,232.3,230.5,231.1,230.3,228.7,227.2,226.6,227.3,228.9,262.1,263.9,268.3,272.8,274.6,273.2,268.4,264.0,257.3,259.4,262.7,267.0,271.9,276.1,279.3,276.0,271.5,266.9,262.8,259.5,266.7,268.6,270.5,271.3,270.5,268.6,266.7,265.9,332.3,334.1,338.7,343.4,345.4,343.7,339.1,334.1,328.4,330.8,334.4,339.3,344.5,349.1,352.5,349.2,344.8,340.1,335.4,331.4,337.0,339.1,341.1,341.9,341.0,338.9,336.9,336.1,-2.5,-6.9,-8.9,-7.3,-3.0,1.7,3.3,1.7,-0.5,-2.7,-4.3,-5.2,-4.7,-3.1,-0.7,0.8,1.4,1.8,1.7,1.0,-0.7,0.0,-0.8,-2.7,-4.6,-5.3,-4.4,-2.5,-4.9,-9.3,-11.3,-9.7,-5.6,-1.2,0.8,-0.4,-2.2,-4.8,-6.8,-7.8,-7.2,-5.9,-3.8,-2.1,-1.2,-0.7,-0.7,-1.0,-3.1,-2.4,-3.3,-5.2,-7.0,-7.7,-6.8,-4.9,658.9,659.7,660.5,660.8,660.4,659.8,658.8,658.5,662.1,660.0,658.2,657.7,658.8,660.7,662.6,660.5,658.4,657.5,658.0,659.8,659.9,660.1,660.4,660.8,660.9,660.8,660.5,660.1,702.3,703.5,705.1,706.2,706.2,704.9,703.3,702.3,702.6,701.9,701.8,702.7,705.3,708.6,711.9,708.4,705.1,702.6,701.6,701.8,704.1,704.6,705.3,705.8,705.9,705.4,704.7,704.1,370.8,30.9,828.1,0.004,0.099,-0.078
761,0,1656521732.398,0.98,1,-0.089681,0.082857,-0.992518,-0.241324,0.080601,-0.967092,-0.167,0.083,561.2,562.6,566.3,570.2,572.0,570.9,566.9,563.0,555.6,558.3,561.9,566.1,570.1,573.2,575.4,573.2,569.9,566.1,562.2,558.5,564.9,566.6,568.3,568.9,568.1,566.4,564.7,564.1,606.7,607.7,610.9,614.5,616.3,615.2,612.0,608.2,603.2,605.5,608.6,612.4,615.8,618.3,619.8,618.5,616.2,613.2,609.6,606.0,609.9,611.5,612.9,613.3,612.5,611.0,609.6,609.1,230.7,226.8,225.0,226.5,230.3,234.6,236.0,234.6,232.6,230.6,229.1,228.3,228.8,230.3,232.4,233.7,234.3,234.6,234.5,234.0,232.4,233.1,232.3,230.6,228.9,228.2,229.0,230.7,228.9,225.2,223.5,224.8,228.4,232.1,233.7,232.7,231.2,229.0,227.3,226.5,226.9,228.1,229.9,231.3,232.1,232.4,232.4,232.2,230.4,231.0,230.3,228.6,227.1,226.5,227.2,228.9,263.5,265.4,269.8,274.2,276.0,274.5,269.7,265.3,258.7,260.8,264.1,268.4,273.3,277.5,280.7,277.4,272.9,268.3,264.2,260.9,268.1,270.0,271.9,272.7,271.9,270.0,268.1,267.3,333.5,335.3,339.9,344.6,346.7,344.9,340.3,335.3,329.6,332.0,335.6,340.5,345.7,350.3,353.7,350.4,346.0,341.3,336.6,332.5,338.2,340.3,342.3,343.1,342.2,340.1,338.1,337.3,-2.7,-7.0,-9.0,-7.4,-3.2,1.5,3.2,1.5,-0.6,-2.8,-4.4,-5.3,-4.8,-3.2,-0.9,0.6,1.2,1.6,1.5,0.9,-0.8,-0.1,-1.0,-2.9,-4.7,-5.4,-4.6,-2.7,-5.0,-9.4,-11.4,-9.8,-5.6,-1.3,0.7,-0.5,-2.3,-4.9,-6.9,-7.8,-7.3,-6.0,-3.9,-2.2,-1.3,-0.9,-0.9,-1.1,-3.2,-2.5,-3.4,-5.3,-7.1,-7.8,-6.9,-5.0,662.5,663.3,664.1,664.4,664.0,663.4,662.3,662.1,665.7,663.6,661.8,661.3,662.4,664.3,666.2,664.1,662.0,661.0,661.6,663.4,663.5,663.6,664.0,664.4,664.5,664.4,664.1,663.7,704.9,706.1,707.7,708.8,708.8,707.5,705.9,704.9,705.2,704.5,704.4,705.3,707.9,711.2,714.5,711.0,707.7,705.2,704.2,704.4,706.7,707.2,707.9,708.4,708.5,708.0,707.3,706.7,370.2,30.8,827.2,0.007,0.101,-0.079
762,0,1656521732.431,0.98,1,-0.093763,0.080102,-0.992367,-0.242607,0.077656,-0.967012,-0.170,0.080,561.1,562.5,566.2,570.2,572.0,570.9,566.9,562.9,555.6,558.2,561.8,566.0,570.1,573.2,575.5,573.2,569.9,566.0,562.1,558.4,564.9,566.6,568.2,568.8,568.0,566.3,564.7,564.1,606.6,607.6,610.8,614.4,616.2,615.2,612.0,608.1,603.1,605.4,608.6,612.4,615.8,618.3,619.8,618.5,616.2,613.1,609.5,605.9,609.9,611.4,612.8,613.3,612.5,610.9,609.5,609.1,230.8,226.8,225.0,226.5,230.3,234.6,236.1,234.7,232.7,230.6,229.2,228.4,228.8,230.3,232.4,233.8,234.3,234.7,234.6,234.0,232.5,233.1,232.3,230.6,228.9,228.3,229.1,230.8,228.9,225.2,223.5,224.9,228.4,232.1,233.8,232.8,231.3,229.0,227.3,226.5,227.0,228.1,230.0,231.4,232.2,232.5,232.5,232.3,230.5,231.1,230.3,228.7,227.2,226.6,227.3,228.9,262.2,264.0,268.4,272.8,274.6,273.2,268.4,264.0,257.4,259.5,262.7,267.0,271.9,276.1,279.3,276.0,271.5,266.9,262.9,259.6,266.7,268.6,270.5,271.3,270.5,268.6,266.7,265.9,331.4,333.2,337.8,342.5,344.5,342.8,338.2,333.2,327.5,329.9,333.5,338.4,343.6,348.2,351.6,348.3,343.9,339.2,334.5,330.4,336.1,338.2,340.2,341.0,340.0,338.0,336.0,335.2,-2.6,-7.0,-8.9,-7.3,-3.1,1.6,3.2,1.6,-0.5,-2.8,-4.3,-5.2,-4.7,-3.1,-0.8,0.7,1.3,1.7,1.6,1.0,-0.7,-0.0,-0.9,-2.8,-4.7,-5.4,-4.5,-2.6,-4.9,-9.3,-11.3,-9.7,-5.5,-1.2,0.8,-0.4,-2.2,-4.8,-6.8,-7.8,-7.2,-5.9,-3.7,-2.1,-1.2,-0.7,-0.8,-1.0,-3.1,-2.4,-3.3,-5.2,-7.0,-7.7,-6.8,-4.9,659.2,660.0,660.8,661.0,660.6,660.1,659.1,658.8,662.6,660.4,658.6,658.0,659.1,660.9,662.8,660.7,658.7,657.8,658.4,660.2,660.2,660.4,660.7,661.0,661.2,661.1,660.8,660.4,700.6,701.8,703.5,704.6,704.5,703.3,701.7,700.7,700.9,700.3,700.1,701.1,703.7,707.0,710.3,706.8,703.4,701.0,699.9,700.2,702.5,702.9,703.7,704.2,704.2,703.8,703.0,702.5,370.3,31.0,827.1,0.002,0.103,-0.079
763,0,1656521732.465,0.98,1,-0.094208,0.080729,-0.992274,-0.242564,0.078367,-0.966965,-0.170,0.081,561.1,562.4,566.2,570.1,571.9,570.8,566.8,562.9,555.6,558.2,561.8,566.0,570.0,573.2,575.4,573.1,569.8,566.0,562.1,558.4,564.8,566.6,568.2,568.8,568.0,566.3,564.6,564.1,606.5,607.5,610.8,614.4,616.2,615.1,611.9,608.1,603.1,605.4,608.5,612.3,615.7,618.2,619.8,618.4,616.1,613.1,609.5,605.9,609.8,611.4,612.8,613.2,612.4,610.9,609.5,609.0,230.9,226.9,225.1,226.6,230.4,234.7,236.2,234.8,232.8,230.8,229.3,228.5,229.0,230.4,232.5,233.9,234.5,234.8,234.8,234.2,232.6,233.2,232.5,230.7,229.0,228.4,229.2,230.9,229.0,225.3,223.6,224.9,228.5,232.2,233.9,232.9,231.3,229.1,227.4,226.6,227.0,228.2,230.0,231.4,232.2,232.6,232.6,232.4,230.5,231.1,230.4,228.8,227.2,226.6,227.4,229.0,262.6,264.4,268.8,273.2,275.0,273.6,268.8,264.4,257.9,259.9,263.1,267.4,272.3,276.5,279.8,276.4,271.9,267.4,263.3,260.1,267.1,269.1,271.0,271.8,271.0,269.0,267.1,266.3,331.6,333.3,337.9,342.6,344.7,342.9,338.3,333.3,327.7,330.0,333.6,338.5,343.7,348.3,351.7,348.4,344.1,339.4,334.7,330.6,336.2,338.3,340.3,341.1,340.2,338.1,336.1,335.3,-2.4,-6.8,-8.8,-7.2,-3.0,1.7,3.4,1.8,-0.4,-2.6,-4.2,-5.1,-4.6,-3.0,-0.7,0.8,1.4,1.8,1.8,1.1,-0.6,0.1,-0.8,-2.7,-4.5,-5.2,-4.4,-2.5,-4.9,-9.2,-11.2,-9.7,-5.5,-1.1,0.8,-0.4,-2.1,-4.7,-6.7,-7.7,-7.2,-5.8,-3.7,-2.0,-1.1,-0.7,-0.7,-0.9,-3.1,-2.4,-3.2,-5.2,-7.0,-7.7,-6.8,-4.9,660.4,661.2,661.9,662.2,661.8,661.3,660.3,660.1,663.8,661.6,659.8,659.2,660.3,662.1,664.0,661.9,659.9,659.0,659.6,661.4,661.5,661.6,661.9,662.2,662.4,662.3,662.0,661.6,701.0,702.2,703.9,705.0,704.9,703.7,702.0,701.0,701.3,700.6,700.5,701.5,704.0,707.4,710.6,707.2,703.8,701.4,700.3,700.6,702.8,703.3,704.0,704.6,704.6,704.1,703.4,702.9,371.0,31.0,828.9,0.002,0.104,-0.081
764,0,1656521732.498,0.98,1,-0.090305,0.078664,-0.992803,-0.241760,0.076629,-0.967306,-0.168,0.079,561.0,562.4,566.1,570.0,571.9,570.7,566.7,562.8,555.4,558.1,561.7,565.9,570.0,573.1,575.3,573.1,569.7,565.9,562.0,558.3,564.8,566.5,568.1,568.7,567.9,566.2,564.6,564.0,606.6,607.6,610.8,614.4,616.2,615.2,612.0,608.1,603.1,605.4,608.6,612.4,615.8,618.3,619.8,618.5,616.2,613.1,609.5,605.9,609.9,611.4,612.8,613.3,612.5,610.9,609.5,609.1,230.8,226.8,225.0,226.5,230.4,234.7,236.1,234.7,232.7,230.7,229.2,228.4,228.9,230.3,232.4,233.8,234.4,234.7,234.6,234.1,232.5,233.1,232.4,230.6,228.9,228.3,229.1,230.8,228.9,225.2,223.5,224.9,228.4,232.2,233.8,232.8,231.3,229.0,227.3,226.5,227.0,228.2,230.0,231.4,232.2,232.5,232.5,232.3,230.5,231.1,230.4,228.7,227.2,226.6,227.3,228.9,261.4,263.2,267.6,272.0,273.8,272.4,267.6,263.2,256.6,258.7,261.9,266.3,271.2,275.3,278.6,275.2,270.7,266.2,262.1,258.8,265.9,267.8,269.8,270.6,269.8,267.8,265.9,265.1,331.3,333.0,337.6,342.3,344.4,342.6,338.0,333.0,327.3,329.7,333.3,338.2,343.4,348.0,351.4,348.1,343.8,339.0,334.4,330.3,335.9,338.0,340.0,340.8,339.9,337.8,335.8,335.0,-2.6,-6.9,-8.9,-7.3,-3.1,1.6,3.3,1.6,-0.5,-2.7,-4.3,-5.2,-4.7,-3.1,-0.8,0.7,1.3,1.7,1.6,1.0,-0.7,-0.0,-0.9,-2.8,-4.6,-5.3,-4.5,-2.6,-4.9,-9.2,-11.2,-9.7,-5.5,-1.2,0.8,-0.4,-2.2,-4.8,-6.8,-7.7,-7.2,-5.9,-3.7,-2.0,-1.2,-0.7,-0.7,-1.0,-3.1,-2.4,-3.3,-5.2,-7.0,-7.7,-6.8,-4.9,657.6,658.5,659.2,659.5,659.1,658.5,657.5,657.2,660.9,658.8,657.0,656.5,657.6,659.4,661.3,659.2,657.1,656.2,656.8,658.6,658.7,658.8,659.1,659.5,659.7,659.5,659.2,658.9,700.2,701.5,703.1,704.2,704.2,702.9,701.3,700.3,700.5,699.9,699.8,700.8,703.3,706.6,709.9,706.4,703.0,700.6,699.5,699.8,702.1,702.6,703.3,703.8,703.9,703.4,702.6,702.1,369.6,30.9,826.1,0.001,0.101,-0.078
765,0,1656521732.531,0.98,1,-0.089190,0.076085,-0.993104,-0.241678,0.073980,-0.967532,-0.167,0.076,561.0,562.4,566.1,570.1,571.9,570.8,566.8,562.8,555.4,558.1,561.7,565.9,570.0,573.2,575.4,573.1,569.8,565.9,562.0,558.3,564.8,566.5,568.1,568.7,567.9,566.2,564.6,564.0,606.7,607.7,610.9,614.5,616.3,615.3,612.1,608.2,603.2,605.5,608.6,612.5,615.9,618.4,619.9,618.6,616.3,613.2,609.6,606.0,609.9,611.5,612.9,613.4,612.6,611.0,609.6,609.2,230.9,226.9,225.1,226.6,230.4,234.7,236.2,234.7,232.8,230.7,229.2,228.4,228.9,230.4,232.5,233.9,234.4,234.8,234.7,234.1,232.6,233.2,232.4,230.7,229.0,228.4,229.1,230.9,229.0,225.2,223.5,224.9,228.4,232.1,233.8,232.8,231.3,229.1,227.3,226.5,227.0,228.1,230.0,231.4,232.2,232.5,232.5,232.4,230.5,231.1,230.4,228.7,227.2,226.6,227.3,229.0,260.7,262.5,266.9,271.3,273.1,271.7,266.9,262.5,255.9,258.0,261.2,265.6,270.5,274.6,277.9,274.5,270.0,265.5,261.4,258.1,265.2,267.1,269.1,269.9,269.1,267.1,265.2,264.4,330.7,332.5,337.0,341.7,343.8,342.0,337.5,332.5,326.8,329.2,332.8,337.7,342.9,347.4,350.9,347.6,343.2,338.5,333.8,329.7,335.4,337.5,339.5,340.2,339.3,337.3,335.3,334.5,-2.5,-6.9,-8.8,-7.2,-3.0,1.7,3.3,1.7,-0.4,-2.7,-4.3,-5.2,-4.6,-3.0,-0.7,0.8,1.4,1.8,1.7,1.1,-0.6,0.1,-0.8,-2.7,-4.5,-5.3,-4.4,-2.5,-4.9,-9.2,-11.2,-9.7,-5.5,-1.2,0.8,-0.4,-2.1,-4.8,-6.8,-7.8,-7.2,-5.9,-3.7,-2.0,-1.1,-0.7,-0.7,-0.9,-3.1,-2.4,-3.3,-5.2,-7.0,-7.7,-6.8,-4.9,655.9,656.7,657.5,657.7,657.3,656.7,655.7,655.4,659.2,657.0,655.2,654.7,655.8,657.6,659.5,657.4,655.3,654.4,655.0,656.8,656.9,657.0,657.3,657.7,657.9,657.8,657.4,657.1,698.9,700.1,701.8,702.9,702.8,701.6,699.9,698.9,699.2,698.5,698.4,699.4,702.0,705.3,708.5,705.1,701.7,699.2,698.2,698.4,700.7,701.2,701.9,702.5,702.5,702.0,701.3,700.8,370.2,31.0,827.1,-0.001,0.098,-0.077
766,0,1656521732.565,0.98,1,-0.092293,0.078517,-0.992631,-0.240627,0.076001,-0.967638,-0.168,0.079,561.1,562.5,566.2,570.1,571.9,570.8,566.8,562.9,555.6,558.3,561.9,566.0,570.1,573.2,575.4,573.1,569.8,566.0,562.1,558.4,564.9,566.6,568.2,568.8,568.0,566.3,564.7,564.1,606.6,607.6,610.8,614.4,616.2,615.2,611.9,608.1,603.1,605.4,608.6,612.4,615.8,618.2,619.8,618.4,616.1,613.1,609.5,605.9,609.8,611.4,612.8,613.3,612.5,610.9,609.5,609.1,230.6,226.6,224.9,226.3,230.2,234.5,235.9,234.5,232.5,230.5,229.0,228.2,228.7,230.1,232.3,233.6,234.2,234.5,234.5,233.9,232.3,232.9,232.2,230.4,228.8,228.1,228.9,230.6,228.8,225.2,223.5,224.8,228.4,232.1,233.7,232.7,231.2,228.9,227.3,226.4,226.9,228.1,230.0,231.4,232.1,232.5,232.4,232.2,230.4,231.0,230.3,228.7,227.1,226.5,227.2,228.9,263.0,264.8,269.2,273.6,275.5,274.0,269.2,264.8,258.2,260.3,263.6,267.9,272.8,277.0,280.2,276.8,272.3,267.8,263.7,260.4,267.5,269.5,271.4,272.2,271.4,269.5,267.5,266.7,332.8,334.6,339.2,343.9,345.9,344.1,339.5,334.6,328.9,331.3,334.9,339.8,345.0,349.5,353.0,349.6,345.3,340.6,335.9,331.8,337.5,339.5,341.5,342.3,341.4,339.4,337.4,336.6,-2.8,-7.2,-9.1,-7.5,-3.3,1.4,3.0,1.4,-0.7,-3.0,-4.6,-5.4,-4.9,-3.3,-1.0,0.5,1.1,1.5,1.4,0.8,-0.9,-0.2,-1.1,-3.0,-4.9,-5.6,-4.7,-2.8,-5.0,-9.4,-11.3,-9.8,-5.6,-1.3,0.7,-0.5,-2.3,-4.9,-6.9,-7.9,-7.3,-5.9,-3.8,-2.1,-1.2,-0.8,-0.8,-1.1,-3.2,-2.5,-3.4,-5.3,-7.1,-7.8,-6.9,-5.0,661.4,662.2,662.9,663.2,662.8,662.2,661.2,661.0,664.7,662.5,660.7,660.2,661.3,663.1,665.0,662.9,660.8,659.9,660.5,662.3,662.4,662.5,662.8,663.2,663.4,663.3,662.9,662.6,703.5,704.7,706.4,707.5,707.4,706.2,704.5,703.5,703.8,703.1,703.0,704.0,706.6,709.9,713.1,709.7,706.3,703.9,702.8,703.0,705.3,705.8,706.6,707.1,707.1,706.6,705.9,705.4,369.6,30.9,825.7,0.000,0.101,-0.077
767,0,1656521732.598,0.98,1,-0.092575,0.077934,-0.992651,-0.241753,0.076119,-0.967348,-0.169,0.078,560.9,562.3,566.0,570.0,571.8,570.7,566.7,562.8,555.4,558.1,561.7,565.8,569.9,573.1,575.3,573.0,569.7,565.9,561.9,558.3,564.7,566.4,568.1,568.7,567.9,566.2,564.5,563.9,606.5,607.6,610.8,614.4,616.2,615.2,611.9,608.1,603.1,605.4,608.5,612.3,615.7,618.2,619.8,618.4,616.1,613.1,609.5,605.9,609.8,611.4,612.8,613.2,612.4,610.9,609.5,609.0,230.9,226.9,225.1,226.6,230.4,234.7,236.2,234.7,232.8,230.8,229.3,228.5,228.9,230.4,232.5,233.8,234.4,234.8,234.7,234.1,232.6,233.2,232.4,230.7,229.0,228.4,229.1,230.9,228.9,225.2,223.5,224.9,228.4,232.1,233.8,232.8,231.3,229.0,227.3,226.5,227.0,228.1,230.0,231.4,232.1,232.5,232.5,232.3,230.5,231.1,230.3,228.7,227.2,226.6,227.3,228.9,261.9,263.7,268.1,272.5,274.4,272.9,268.2,263.8,257.2,259.2,262.5,266.8,271.7,275.9,279.1,275.8,271.3,266.7,262.7,259.4,266.5,268.4,270.3,271.1,270.3,268.4,266.5,265.7,332.1,333.9,338.4,343.1,345.2,343.4,338.9,333.9,328.2,330.6,334.2,339.1,344.3,348.8,352.3,349.0,344.6,339.9,335.2,331.1,336.8,338.8,340.8,341.6,340.7,338.7,336.7,335.9,-2.5,-6.9,-8.8,-7.3,-3.0,1.7,3.3,1.7,-0.4,-2.6,-4.2,-5.1,-4.6,-3.1,-0.8,0.7,1.4,1.8,1.7,1.1,-0.6,0.1,-0.8,-2.7,-4.6,-5.3,-4.4,-2.5,-4.9,-9.3,-11.3,-9.7,-5.6,-1.2,0.8,-0.4,-2.2,-4.8,-6.8,-7.8,-7.2,-5.9,-3.8,-2.1,-1.2,-0.8,-0.8,-1.0,-3.1,-2.4,-3.3,-5.2,-7.0,-7.7,-6.8,-4.9,659.1,659.9,660.7,660.9,660.5,660.0,659.0,658.7,662.5,660.3,658.5,657.9,659.0,660.8,662.7,660.6,658.6,657.7,658.3,660.1,660.1,660.2,660.6,660.9,661.1,661.0,660.7,660.3,702.1,703.3,705.0,706.1,706.0,704.8,703.1,702.1,702.4,701.7,701.6,702.6,705.2,708.5,711.7,708.3,704.9,702.5,701.4,701.6,703.9,704.4,705.2,705.7,705.7,705.3,704.5,704.0,369.7,31.1,826.0,-0.001,0.102,-0.079
768,0,1656521732.632,0.98,1,-0.093036,0.078727,-0.992545,-0.244735,0.076175,-0.966593,-0.171,0.079,561.1,562.4,566.2,570.1,571.9,570.8,566.8,562.9,555.5,558.2,561.8,566.0,570.0,573.2,575.4,573.1,569.8,566.0,562.0,558.4,564.8,566.5,568.2,568.8,568.0,566.3,564.6,564.0,606.5,607.6,610.8,614.4,616.2,615.2,611.9,608.1,603.1,605.4,608.5,612.3,615.7,618.2,619.8,618.4,616.1,613.1,609.5,605.9,609.8,611.4,612.8,613.2,612.5,610.9,609.5,609.0,230.8,226.8,225.0,226.5,230.3,234.6,236.1,234.6,232.7,230.6,229.2,228.3,228.8,230.3,232.4,233.7,234.3,234.7,234.6,234.0,232.5,233.1,232.3,230.6,228.9,228.3,229.0,230.8,228.9,225.1,223.5,224.8,228.4,232.1,233.7,232.7,231.2,229.0,227.3,226.4,226.9,228.1,229.9,231.3,232.1,232.4,232.4,232.2,230.4,231.0,230.3,228.6,227.1,226.5,227.2,228.9,262.1,263.9,268.3,272.7,274.5,273.1,268.3,263.9,257.3,259.4,262.6,266.9,271.8,276.0,279.3,275.9,271.4,266.8,262.8,259.5,266.6,268.5,270.4,271.2,270.4,268.5,266.6,265.8,331.8,333.5,338.1,342.8,344.9,343.1,338.5,333.6,327.9,330.3,333.8,338.7,343.9,348.5,351.9,348.6,344.3,339.5,334.9,330.8,336.5,338.5,340.5,341.3,340.4,338.3,336.3,335.6,-2.6,-7.0,-9.0,-7.4,-3.1,1.6,3.2,1.6,-0.6,-2.8,-4.4,-5.3,-4.8,-3.2,-0.9,0.6,1.2,1.7,1.6,0.9,-0.8,-0.1,-0.9,-2.8,-4.7,-5.4,-4.5,-2.6,-5.0,-9.3,-11.3,-9.8,-5.6,-1.3,0.7,-0.5,-2.3,-4.9,-6.9,-7.8,-7.3,-6.0,-3.8,-2.2,-1.3,-0.8,-0.8,-1.1,-3.2,-2.5,-3.4,-5.3,-7.1,-7.8,-6.9,-5.0,659.1,659.9,660.7,661.0,660.5,660.0,659.0,658.7,662.4,660.3,658.5,657.9,659.0,660.8,662.8,660.7,658.6,657.7,658.3,660.1,660.2,660.3,660.6,661.0,661.1,661.0,660.7,660.3,701.4,702.7,704.3,705.4,705.3,704.1,702.4,701.5,701.8,701.1,701.0,701.9,704.4,707.7,711.0,707.5,704.2,701.8,700.7,701.0,703.3,703.7,704.4,705.0,705.0,704.6,703.8,703.3,370.4,31.0,827.6,0.002,0.105,-0.080
769,0,1656521732.664,0.98,1,-0.091691,0.077838,-0.992741,-0.242484,0.075831,-0.967187,-0.169,0.078,561.1,562.5,566.2,570.2,572.0,570.9,566.9,562.9,555.6,558.2,561.8,566.0,570.1,573.2,575.5,573.2,569.9,566.0,562.1,558.4,564.9,566.6,568.2,568.8,568.0,566.3,564.7,564.1,606.6,607.7,610.9,614.5,616.3,615.3,612.0,608.2,603.2,605.5,608.6,612.4,615.9,618.3,619.9,618.5,616.2,613.2,609.6,606.0,609.9,611.5,612.9,613.4,612.6,611.0,609.6,609.1,230.8,226.8,225.0,226.5,230.3,234.6,236.1,234.7,232.7,230.6,229.2,228.4,228.8,230.3,232.4,233.8,234.3,234.7,234.6,234.1,232.5,233.1,232.4,230.6,228.9,228.3,229.1,230.8,228.9,225.2,223.5,224.9,228.4,232.2,233.8,232.8,231.3,229.0,227.3,226.5,227.0,228.2,230.0,231.4,232.2,232.5,232.5,232.3,230.5,231.1,230.4,228.7,227.2,226.6,227.3,229.0,261.9,263.7,268.1,272.5,274.3,272.9,268.1,263.7,257.1,259.2,262.4,266.7,271.6,275.8,279.1,275.7,271.2,266.6,262.6,259.3,266.4,268.3,270.2,271.1,270.3,268.3,266.4,265.6,331.2,333.0,337.5,342.2,344.3,342.5,337.9,333.0,327.3,329.7,333.3,338.2,343.4,347.9,351.4,348.0,343.7,339.0,334.3,330.2,335.9,337.9,339.9,340.7,339.8,337.8,335.8,335.0,-2.6,-7.0,-8.9,-7.3,-3.1,1.6,3.2,1.6,-0.5,-2.8,-4.4,-5.2,-4.7,-3.1,-0.8,0.7,1.3,1.7,1.6,1.0,-0.7,-0.0,-0.9,-2.8,-4.7,-5.4,-4.5,-2.6,-4.9,-9.2,-11.2,-9.7,-5.5,-1.2,0.8,-0.4,-2.2,-4.8,-6.8,-7.7,-7.2,-5.8,-3.7,-2.0,-1.1,-0.7,-0.7,-1.0,-3.1,-2.4,-3.3,-5.2,-7.0,-7.7,-6.8,-4.9,658.5,659.3,660.1,660.3,659.9,659.4,658.3,658.1,661.8,659.6,657.8,657.3,658.4,660.2,662.2,660.1,658.0,657.0,657.6,659.4,659.5,659.6,660.0,660.3,660.5,660.4,660.1,659.7,700.0,701.2,702.9,704.0,703.9,702.6,701.0,700.0,700.3,699.6,699.5,700.5,703.0,706.3,709.6,706.1,702.7,700.3,699.2,699.5,701.8,702.3,703.0,703.5,703.6,703.1,702.4,701.8,369.9,31.0,826.5,0.001,0.100,-0.075
770,0,1656521732.698,0.98,1,-0.095735,0.077259,-0.992404,-0.244423,0.074372,-0.966812,-0.172,0.077,561.1,562.5,566.3,570.2,572.0,570.9,566.9,562.9,555.6,558.2,561.9,566.0,570.1,573.3,575.5,573.2,569.9,566.0,562.1,558.4,564.9,566.6,568.3,568.9,568.1,566.4,564.7,564.1,606.7,607.7,611.0,614.6,616.4,615.4,612.1,608.2,603.2,605.5,608.7,612.5,616.0,618.4,620.0,618.6,616.3,613.3,609.7,606.0,610.0,611.6,613.0,613.4,612.6,611.1,609.6,609.2,230.8,226.8,225.0,226.5,230.4,234.7,236.2,234.7,232.7,230.7,229.2,228.4,228.9,230.3,232.5,233.8,234.4,234.8,234.7,234.1,232.5,233.2,232.4,230.6,228.9,228.3,229.1,230.8,229.0,225.3,223.6,224.9,228.5,232.2,233.9,232.9,231.4,229.1,227.4,226.6,227.0,228.2,230.1,231.5,232.3,232.6,232.6,232.4,230.6,231.2,230.4,228.8,227.2,226.6,227.4,229.0,261.2,263.0,267.4,271.8,273.6,272.2,267.4,263.0,256.5,258.5,261.7,266.1,270.9,275.1,278.4,275.0,270.5,266.0,261.9,258.7,265.7,267.6,269.6,270.4,269.6,267.7,265.7,264.9,329.9,331.7,336.3,341.0,343.1,341.3,336.7,331.7,326.0,328.4,332.0,336.9,342.1,346.7,350.1,346.8,342.4,337.7,333.0,328.9,334.6,336.7,338.7,339.5,338.6,336.5,334.5,333.7,-2.5,-6.9,-8.9,-7.3,-3.0,1.7,3.3,1.7,-0.5,-2.7,-4.3,-5.2,-4.7,-3.1,-0.8,0.7,1.3,1.7,1.7,1.0,-0.7,0.0,-0.8,-2.8,-4.6,-5.3,-4.5,-2.5,-4.8,-9.2,-11.1,-9.6,-5.4,-1.1,0.9,-0.3,-2.1,-4.7,-6.7,-7.7,-7.1,-5.8,-3.6,-1.9,-1.0,-0.6,-0.6,-0.9,-3.0,-2.3,-3.2,-5.1,-6.9,-7.6,-6.7,-4.8,656.8,657.6,658.3,658.5,658.1,657.6,656.6,656.4,660.2,657.9,656.1,655.6,656.6,658.4,660.3,658.3,656.2,655.3,655.9,657.8,657.8,657.9,658.2,658.6,658.7,658.6,658.3,658.0,697.2,698.4,700.1,701.2,701.1,699.9,698.2,697.2,697.5,696.8,696.7,697.7,700.2,703.6,706.8,703.3,700.0,697.5,696.5,696.7,699.0,699.5,700.2,700.8,700.8,700.3,699.6,699.0,370.6,31.2,827.6,-0.000,0.105,-0.077
771,0,1656521732.731,0.98,1,-0.089892,0.078824,-0.992827,-0.241401,0.076859,-0.967377,-0.167,0.079,561.2,562.6,566.3,570.2,572.0,570.9,566.9,563.0,555.6,558.3,561.9,566.1,570.2,573.3,575.5,573.3,569.9,566.1,562.2,558.5,565.0,566.7,568.3,568.9,568.1,566.4,564.8,564.2,606.8,607.8,611.1,614.6,616.4,615.4,612.1,608.3,603.3,605.6,608.8,612.6,616.0,618.5,620.0,618.7,616.4,613.3,609.7,606.1,610.1,611.6,613.0,613.5,612.7,611.2,609.7,609.3,230.8,226.8,225.0,226.5,230.4,234.6,236.1,234.7,232.7,230.6,229.2,228.4,228.9,230.3,232.4,233.8,234.3,234.7,234.6,234.0,232.5,233.1,232.4,230.6,228.9,228.3,229.1,230.8,229.0,225.3,223.6,224.9,228.5,232.2,233.9,232.9,231.3,229.1,227.4,226.6,227.1,228.2,230.1,231.5,232.2,232.6,232.6,232.4,230.6,231.1,230.4,228.8,227.2,226.6,227.4,229.0,262.2,264.0,268.4,272.8,274.6,273.2,268.4,264.0,257.4,259.5,262.7,267.1,272.0,276.1,279.4,276.0,271.5,267.0,262.9,259.6,266.7,268.6,270.6,271.4,270.6,268.6,266.7,265.9,332.6,334.4,339.0,343.7,345.7,343.9,339.3,334.4,328.7,331.1,334.7,339.6,344.8,349.3,352.8,349.5,345.1,340.4,335.7,331.6,337.3,339.3,341.4,342.1,341.2,339.2,337.2,336.4,-2.6,-7.0,-8.9,-7.3,-3.1,1.6,3.2,1.6,-0.6,-2.8,-4.3,-5.2,-4.7,-3.1,-0.8,0.7,1.3,1.7,1.6,1.0,-0.7,-0.0,-0.9,-2.8,-4.6,-5.4,-4.5,-2.6,-4.9,-9.2,-11.2,-9.6,-5.5,-1.1,0.8,-0.4,-2.1,-4.8,-6.7,-7.7,-7.1,-5.8,-3.7,-2.0,-1.1,-0.7,-0.7,-0.9,-3.1,-2.4,-3.2,-5.1,-7.0,-7.6,-6.8,-4.9,659.0,659.9,660.6,660.9,660.5,660.0,658.9,658.6,662.3,660.2,658.4,657.9,659.0,660.8,662.8,660.7,658.6,657.6,658.2,660.0,660.1,660.2,660.6,660.9,661.1,661.0,660.6,660.3,702.6,703.8,705.4,706.5,706.5,705.2,703.6,702.6,702.9,702.2,702.1,703.1,705.6,708.9,712.2,708.7,705.4,702.9,701.9,702.1,704.4,704.9,705.6,706.1,706.2,705.7,705.0,704.4,370.7,31.1,827.8,0.001,0.101,-0.077
772,0,1656521732.765,0.98,1,-0.091804,0.077637,-0.992746,-0.240664,0.075328,-0.967681,-0.168,0.078,561.2,562.5,566.3,570.2,572.0,570.9,566.9,563.0,555.6,558.3,561.9,566.1,570.1,573.3,575.5,573.2,569.9,566.1,562.1,558.5,564.9,566.7,568.3,568.9,568.1,566.4,564.7,564.1,606.7,607.8,611.0,614.5,616.3,615.3,612.1,608.2,603.3,605.6,608.7,612.5,615.9,618.4,619.9,618.6,616.3,613.2,609.7,606.0,610.0,611.5,613.0,613.4,612.6,611.1,609.7,609.2,230.9,226.9,225.1,226.6,230.4,234.7,236.2,234.7,232.7,230.7,229.2,228.4,228.9,230.4,232.5,233.8,234.4,234.8,234.7,234.1,232.5,233.2,232.4,230.7,229.0,228.3,229.1,230.9,229.0,225.3,223.7,225.0,228.6,232.3,233.9,232.9,231.4,229.1,227.5,226.6,227.1,228.3,230.2,231.5,232.3,232.6,232.6,232.4,230.6,231.2,230.5,228.9,227.3,226.7,227.4,229.1,262.8,264.7,269.1,273.5,275.3,273.8,269.0,264.7,258.1,260.1,263.4,267.7,272.6,276.8,280.0,276.7,272.2,267.6,263.6,260.3,267.4,269.3,271.2,272.0,271.2,269.3,267.4,266.6,332.9,334.6,339.2,343.9,346.0,344.2,339.6,334.6,328.9,331.3,334.9,339.9,345.1,349.6,353.0,349.7,345.4,340.6,335.9,331.8,337.5,339.6,341.6,342.4,341.5,339.4,337.4,336.6,-2.5,-6.9,-8.9,-7.3,-3.0,1.7,3.3,1.7,-0.5,-2.7,-4.3,-5.2,-4.7,-3.1,-0.8,0.7,1.3,1.8,1.7,1.0,-0.7,0.0,-0.8,-2.7,-4.6,-5.3,-4.4,-2.5,-4.8,-9.1,-11.1,-9.6,-5.4,-1.0,0.9,-0.3,-2.1,-4.7,-6.7,-7.6,-7.1,-5.7,-3.6,-1.9,-1.0,-0.6,-0.6,-0.9,-3.0,-2.3,-3.2,-5.1,-6.9,-7.6,-6.7,-4.8,660.8,661.6,662.3,662.6,662.2,661.6,660.6,660.4,664.1,661.9,660.1,659.6,660.7,662.5,664.4,662.3,660.2,659.3,659.9,661.7,661.8,661.9,662.2,662.6,662.8,662.7,662.3,662.0,703.3,704.5,706.2,707.3,707.2,705.9,704.3,703.3,703.6,702.9,702.8,703.8,706.3,709.6,712.9,709.4,706.0,703.6,702.5,702.8,705.1,705.6,706.3,706.8,706.9,706.4,705.7,705.1,370.1,31.1,826.6,-0.001,0.100,-0.077
773,0,1656521732.798,0.98,1,-0.094601,0.077444,-0.992498,-0.242496,0.074240,-0.967308,-0.170,0.077,561.3,562.7,566.5,570.4,572.2,571.1,567.1,563.2,555.8,558.5,562.1,566.2,570.3,573.5,575.7,573.4,570.1,566.3,562.3,558.7,565.1,566.8,568.5,569.1,568.3,566.6,564.9,564.3,606.8,607.9,611.1,614.7,616.5,615.5,612.2,608.3,603.3,605.7,608.8,612.6,616.1,618.6,620.1,618.7,616.4,613.4,609.8,606.2,610.1,611.7,613.1,613.6,612.8,611.2,609.8,609.3,230.9,226.9,225.1,226.5,230.4,234.7,236.2,234.7,232.7,230.7,229.2,228.4,228.9,230.3,232.5,233.8,234.4,234.8,234.7,234.1,232.6,233.2,232.4,230.7,229.0,228.3,229.1,230.9,229.0,225.3,223.6,224.9,228.5,232.2,233.9,232.9,231.4,229.1,227.4,226.6,227.1,228.2,230.1,231.5,232.3,232.6,232.6,232.4,230.6,231.2,230.4,228.8,227.2,226.6,227.4,229.0,262.1,263.9,268.3,272.7,274.5,273.1,268.3,263.9,257.3,259.4,262.6,266.9,271.8,276.0,279.2,275.9,271.4,266.8,262.8,259.5,266.6,268.5,270.4,271.2,270.4,268.5,266.6,265.8,330.6,332.4,337.0,341.7,343.8,342.0,337.4,332.4,326.7,329.1,332.7,337.6,342.8,347.4,350.8,347.5,343.1,338.4,333.7,329.6,335.3,337.4,339.4,340.2,339.3,337.2,335.2,334.4,-2.5,-6.9,-8.9,-7.3,-3.0,1.7,3.3,1.7,-0.5,-2.7,-4.3,-5.2,-4.7,-3.1,-0.8,0.8,1.4,1.8,1.7,1.1,-0.7,0.0,-0.8,-2.7,-4.6,-5.3,-4.4,-2.5,-4.8,-9.2,-11.1,-9.6,-5.4,-1.1,0.9,-0.3,-2.1,-4.7,-6.7,-7.7,-7.1,-5.8,-3.6,-1.9,-1.0,-0.6,-0.6,-0.9,-3.0,-2.3,-3.2,-5.1,-6.9,-7.6,-6.7,-4.8,658.4,659.1,659.9,660.1,659.7,659.2,658.2,658.0,661.7,659.5,657.7,657.1,658.2,660.0,661.9,659.8,657.8,656.9,657.5,659.4,659.4,659.5,659.8,660.1,660.3,660.2,659.9,659.5,698.3,699.6,701.2,702.3,702.2,701.0,699.3,698.3,698.6,698.0,697.8,698.8,701.4,704.7,708.0,704.5,701.1,698.7,697.6,697.9,700.1,700.6,701.4,701.9,701.9,701.5,700.7,700.2,370.9,31.2,827.7,-0.001,0.104,-0.080
774,0,1656521732.832,0.98,1,-0.094108,0.079315,-0.992397,-0.242266,0.077227,-0.967131,-0.170,0.080,561.3,562.6,566.4,570.3,572.1,571.0,567.0,563.1,555.7,558.4,562.0,566.1,570.2,573.3,575.6,573.3,570.0,566.2,562.2,558.6,565.0,566.7,568.4,569.0,568.2,566.5,564.8,564.2,606.8,607.8,611.0,614.6,616.4,615.4,612.1,608.3,603.3,605.6,608.8,612.6,616.0,618.5,620.0,618.7,616.3,613.3,609.7,606.1,610.0,611.6,613.0,613.5,612.7,611.1,609.7,609.3,230.9,226.9,225.1,226.5,230.4,234.7,236.1,234.7,232.7,230.7,229.3,228.4,228.9,230.4,232.5,233.8,234.4,234.7,234.7,234.1,232.5,233.2,232.4,230.7,229.0,228.3,229.1,230.9,229.0,225.3,223.6,224.9,228.5,232.2,233.9,232.8,231.3,229.1,227.4,226.6,227.1,228.2,230.1,231.4,232.2,232.5,232.5,232.3,230.5,231.1,230.4,228.8,227.2,226.6,227.4,229.0,263.2,265.0,269.4,273.8,275.6,274.2,269.4,265.0,258.4,260.5,263.7,268.0,272.9,277.1,280.4,277.0,272.5,267.9,263.9,260.6,267.7,269.6,271.5,272.3,271.5,269.6,267.7,266.9,332.2,334.0,338.6,343.3,345.4,343.6,339.0,334.0,328.3,330.7,334.3,339.2,344.4,349.0,352.4,349.1,344.7,340.0,335.3,331.2,336.9,339.0,341.0,341.8,340.9,338.8,336.8,336.0,-2.5,-6.9,-8.9,-7.3,-3.1,1.7,3.3,1.7,-0.5,-2.7,-4.3,-5.2,-4.7,-3.1,-0.8,0.7,1.3,1.7,1.6,1.0,-0.7,0.0,-0.8,-2.8,-4.6,-5.3,-4.5,-2.5,-4.9,-9.2,-11.2,-9.7,-5.5,-1.1,0.8,-0.4,-2.2,-4.8,-6.7,-7.7,-7.1,-5.8,-3.7,-2.0,-1.1,-0.7,-0.7,-1.0,-3.1,-2.4,-3.2,-5.1,-7.0,-7.6,-6.8,-4.9,661.3,662.1,662.9,663.1,662.7,662.2,661.2,660.9,664.7,662.5,660.7,660.1,661.2,663.0,664.9,662.9,660.8,659.9,660.5,662.3,662.4,662.5,662.8,663.1,663.3,663.2,662.9,662.5,701.8,703.1,704.7,705.8,705.7,704.5,702.8,701.9,702.1,701.5,701.3,702.3,704.9,708.2,711.4,708.0,704.6,702.2,701.1,701.4,703.7,704.1,704.9,705.4,705.4,705.0,704.2,703.7,370.1,31.1,826.4,0.001,0.103,-0.079
775,0,1656521732.865,0.98,1,-0.093019,0.083123,-0.992189,-0.242515,0.080590,-0.966795,-0.170,0.083,561.4,562.7,566.5,570.4,572.2,571.1,567.1,563.2,555.8,558.5,562.1,566.3,570.3,573.4,575.6,573.4,570.1,566.3,562.3,558.7,565.1,566.8,568.5,569.1,568.3,566.6,564.9,564.3,606.7,607.7,610.9,614.5,616.3,615.3,612.0,608.2,603.2,605.5,608.7,612.5,615.9,618.3,619.9,618.5,616.2,613.2,609.6,606.0,610.0,611.5,612.9,613.4,612.6,611.0,609.6,609.2,230.9,226.9,225.2,226.6,230.5,234.7,236.2,234.8,232.8,230.8,229.3,228.5,229.0,230.4,232.5,233.9,234.5,234.8,234.7,234.1,232.6,233.2,232.5,230.7,229.0,228.4,229.2,230.9,229.1,225.4,223.7,225.0,228.6,232.3,234.0,232.9,231.4,229.2,227.5,226.7,227.1,228.3,230.1,231.5,232.3,232.7,232.6,232.4,230.6,231.2,230.5,228.9,227.3,226.7,227.5,229.1,263.5,265.3,269.7,274.1,275.9,274.5,269.7,265.3,258.7,260.8,264.0,268.3,273.2,277.4,280.7,277.3,272.8,268.3,264.2,260.9,268.0,269.9,271.9,272.7,271.9,269.9,268.0,267.2,332.9,334.7,339.2,343.9,346.0,344.2,339.6,334.7,329.0,331.4,335.0,339.9,345.1,349.6,353.1,349.7,345.4,340.7,336.0,331.9,337.6,339.6,341.6,342.4,341.5,339.5,337.4,336.7,-2.5,-6.8,-8.8,-7.2,-3.0,1.7,3.4,1.8,-0.4,-2.6,-4.2,-5.1,-4.6,-3.0,-0.7,0.8,1.4,1.8,1.7,1.1,-0.6,0.1,-0.8,-2.7,-4.5,-5.2,-4.4,-2.5,-4.8,-9.1,-11.1,-9.6,-5.4,-1.0,0.9,-0.3,-2.0,-4.6,-6.6,-7.6,-7.1,-5.7,-3.6,-1.9,-1.0,-0.6,-0.6,-0.8,-3.0,-2.3,-3.1,-5.0,-6.9,-7.5,-6.7,-4.8,661.8,662.6,663.4,663.6,663.2,662.7,661.7,661.5,665.2,663.0,661.2,660.6,661.7,663.5,665.5,663.4,661.3,660.4,661.0,662.8,662.9,663.0,663.3,663.7,663.8,663.7,663.4,663.0,703.4,704.6,706.3,707.4,707.3,706.1,704.4,703.4,703.7,703.0,702.9,703.9,706.4,709.8,713.0,709.6,706.2,703.8,702.7,703.0,705.2,705.7,706.4,707.0,707.0,706.5,705.8,705.3,370.7,31.1,827.8,0.005,0.102,-0.079
776,0,1656521732.898,0.98,1,-0.092288,0.078888,-0.992602,-0.241378,0.077028,-0.967369,-0.169,0.079,561.3,562.7,566.4,570.3,572.2,571.0,567.0,563.1,555.7,558.4,562.0,566.2,570.3,573.4,575.6,573.4,570.0,566.2,562.3,558.6,565.1,566.8,568.4,569.0,568.2,566.5,564.9,564.3,606.9,607.9,611.2,614.8,616.5,615.5,612.3,608.4,603.4,605.8,608.9,612.7,616.1,618.6,620.1,618.8,616.5,613.4,609.9,606.2,610.2,611.7,613.2,613.6,612.8,611.3,609.8,609.4,230.9,226.9,225.1,226.6,230.4,234.7,236.2,234.7,232.8,230.7,229.3,228.5,228.9,230.4,232.5,233.9,234.4,234.8,234.7,234.1,232.6,233.2,232.4,230.7,229.0,228.4,229.1,230.9,229.0,225.3,223.7,225.0,228.6,232.3,234.0,232.9,231.4,229.1,227.5,226.6,227.1,228.3,230.1,231.6,232.3,232.7,232.6,232.4,230.6,231.2,230.5,228.8,227.3,226.7,227.4,229.1,262.2,264.0,268.4,272.8,274.6,273.2,268.4,264.0,257.4,259.5,262.7,267.1,271.9,276.1,279.4,276.0,271.5,267.0,262.9,259.6,266.7,268.6,270.6,271.4,270.6,268.6,266.7,265.9,332.0,333.7,338.3,343.0,345.1,343.3,338.7,333.7,328.1,330.5,334.1,339.0,344.2,348.7,352.1,348.8,344.5,339.7,335.1,331.0,336.6,338.7,340.7,341.5,340.6,338.5,336.5,335.8,-2.5,-6.9,-8.8,-7.2,-3.0,1.7,3.3,1.7,-0.4,-2.7,-4.3,-5.1,-4.6,-3.1,-0.7,0.8,1.4,1.8,1.7,1.1,-0.6,0.1,-0.8,-2.7,-4.6,-5.3,-4.4,-2.5,-4.8,-9.1,-11.1,-9.6,-5.4,-1.0,0.9,-0.3,-2.1,-4.7,-6.6,-7.6,-7.1,-5.7,-3.6,-1.9,-1.0,-0.6,-0.6,-0.8,-3.0,-2.3,-3.1,-5.0,-6.9,-7.6,-6.7,-4.8,658.8,659.6,660.3,660.6,660.2,659.7,658.7,658.4,662.1,659.9,658.1,657.6,658.7,660.5,662.4,660.4,658.3,657.4,658.0,659.8,659.8,660.0,660.3,660.6,660.8,660.7,660.4,660.0,700.9,702.2,703.8,704.9,704.9,703.6,702.0,701.0,701.2,700.6,700.4,701.4,704.0,707.3,710.6,707.1,703.7,701.3,700.2,700.5,702.8,703.3,704.0,704.5,704.5,704.1,703.3,702.8,370.4,31.1,826.8,-0.000,0.100,-0.076
777,0,1656521732.931,0.98,1,-0.090998,0.077539,-0.992828,-0.241378,0.076051,-0.967447,-0.168,0.078,561.2,562.6,566.4,570.3,572.1,571.0,567.0,563.0,555.6,558.3,562.0,566.2,570.2,573.4,575.6,573.3,570.0,566.2,562.2,558.5,565.0,566.7,568.4,569.0,568.2,566.5,564.8,564.2,607.0,608.0,611.2,614.8,616.6,615.6,612.4,608.5,603.5,605.8,609.0,612.8,616.2,618.7,620.2,618.9,616.6,613.6,610.0,606.3,610.3,611.8,613.2,613.7,612.9,611.3,609.9,609.5,231.0,227.0,225.2,226.7,230.5,234.8,236.3,234.9,232.9,230.8,229.3,228.5,229.0,230.5,232.6,234.0,234.6,234.9,234.8,234.2,232.7,233.3,232.5,230.8,229.1,228.5,229.2,231.0,229.1,225.4,223.7,225.0,228.6,232.3,234.0,233.0,231.5,229.2,227.5,226.6,227.1,228.3,230.2,231.6,232.4,232.7,232.7,232.5,230.7,231.3,230.5,228.9,227.3,226.7,227.5,229.1,260.8,262.6,267.0,271.4,273.3,271.8,267.0,262.6,256.0,258.1,261.4,265.7,270.6,274.8,278.0,274.6,270.1,265.6,261.5,258.2,265.3,267.3,269.2,270.0,269.2,267.3,265.3,264.5,330.5,332.2,336.8,341.5,343.6,341.8,337.2,332.3,326.6,328.9,332.5,337.4,342.7,347.2,350.6,347.3,343.0,338.3,333.6,329.5,335.1,337.2,339.2,340.0,339.1,337.0,335.0,334.2,-2.4,-6.7,-8.7,-7.1,-2.9,1.8,3.5,1.8,-0.3,-2.6,-4.1,-5.0,-4.5,-2.9,-0.6,0.9,1.5,1.9,1.8,1.2,-0.5,0.2,-0.7,-2.6,-4.4,-5.1,-4.3,-2.4,-4.7,-9.0,-11.0,-9.5,-5.3,-1.0,1.0,-0.2,-1.9,-4.6,-6.6,-7.5,-7.0,-5.7,-3.5,-1.8,-0.9,-0.5,-0.5,-0.7,-2.9,-2.2,-3.1,-5.0,-6.8,-7.5,-6.6,-4.7,655.6,656.4,657.1,657.4,657.0,656.4,655.4,655.1,658.9,656.7,654.9,654.4,655.5,657.3,659.2,657.1,655.0,654.1,654.7,656.5,656.6,656.7,657.0,657.4,657.6,657.5,657.1,656.8,697.6,698.8,700.5,701.6,701.6,700.3,698.6,697.6,697.9,697.2,697.1,698.1,700.7,704.0,707.3,703.8,700.4,698.0,696.9,697.1,699.4,699.9,700.7,701.2,701.2,700.8,700.0,699.5,369.8,31.1,825.5,0.001,0.099,-0.075
778,0,1656521732.965,0.98,1,-0.091438,0.078424,-0.992718,-0.243300,0.076448,-0.966934,-0.169,0.079,561.2,562.6,566.4,570.4,572.2,571.1,567.0,563.1,555.6,558.3,562.0,566.2,570.3,573.5,575.7,573.4,570.1,566.2,562.2,558.5,565.0,566.8,568.4,569.0,568.2,566.5,564.8,564.2,606.9,607.9,611.2,614.8,616.6,615.6,612.3,608.4,603.4,605.7,608.9,612.7,616.1,618.6,620.2,618.9,616.6,613.5,609.9,606.2,610.2,611.8,613.2,613.6,612.8,611.3,609.8,609.4,231.2,227.1,225.3,226.8,230.7,235.0,236.5,235.0,233.0,231.0,229.5,228.7,229.2,230.6,232.8,234.2,234.7,235.1,235.0,234.4,232.9,233.5,232.7,231.0,229.3,228.6,229.4,231.2,229.2,225.5,223.7,225.1,228.7,232.4,234.1,233.1,231.6,229.3,227.6,226.7,227.2,228.3,230.2,231.6,232.4,232.8,232.8,232.6,230.8,231.3,230.6,229.0,227.4,226.8,227.6,229.2,259.7,261.5,265.9,270.3,272.2,270.7,265.9,261.5,254.9,257.0,260.2,264.6,269.5,273.7,276.9,273.5,269.0,264.5,260.4,257.1,264.2,266.2,268.1,268.9,268.1,266.2,264.2,263.4,329.3,331.0,335.6,340.3,342.4,340.6,336.1,331.1,325.4,327.8,331.4,336.3,341.5,346.0,349.4,346.1,341.8,337.1,332.4,328.3,334.0,336.0,338.0,338.8,337.9,335.8,333.8,333.1,-2.2,-6.5,-8.5,-6.9,-2.7,2.0,3.6,2.0,-0.1,-2.4,-4.0,-4.8,-4.3,-2.7,-0.4,1.1,1.7,2.1,2.0,1.4,-0.3,0.4,-0.5,-2.4,-4.2,-4.9,-4.1,-2.2,-4.6,-8.9,-10.9,-9.4,-5.2,-0.9,1.1,-0.1,-1.8,-4.5,-6.5,-7.5,-7.0,-5.6,-3.5,-1.8,-0.8,-0.4,-0.4,-0.6,-2.8,-2.1,-3.0,-4.9,-6.7,-7.4,-6.5,-4.6,652.7,653.6,654.3,654.6,654.2,653.6,652.6,652.3,656.1,653.9,652.1,651.6,652.6,654.5,656.4,654.3,652.2,651.3,651.9,653.7,653.8,653.9,654.2,654.6,654.7,654.6,654.3,654.0,695.3,696.6,698.2,699.3,699.3,698.0,696.4,695.4,695.6,695.0,694.8,695.9,698.4,701.7,705.0,701.5,698.1,695.7,694.6,694.9,697.2,697.7,698.4,698.9,699.0,698.5,697.7,697.2,370.3,31.2,826.8,0.003,0.100,-0.076
779,0,1656521732.998,0.98,1,-0.089356,0.077888,-0.992950,-0.241444,0.075522,-0.967471,-0.167,0.078,561.4,562.7,566.5,570.4,572.2,571.1,567.1,563.2,555.8,558.5,562.1,566.3,570.4,573.5,575.7,573.5,570.1,566.3,562.3,558.7,565.1,566.9,568.5,569.1,568.3,566.6,564.9,564.3,607.0,608.0,611.2,614.8,616.6,615.6,612.3,608.5,603.5,605.8,608.9,612.7,616.2,618.6,620.2,618.9,616.5,613.5,609.9,606.3,610.2,611.8,613.2,613.7,612.9,611.3,609.9,609.4,230.9,226.9,225.1,226.6,230.4,234.7,236.2,234.7,232.7,230.7,229.2,228.4,228.9,230.4,232.5,233.9,234.4,234.8,234.7,234.1,232.6,233.2,232.4,230.7,229.0,228.4,229.1,230.9,229.0,225.3,223.6,224.9,228.5,232.2,233.9,232.9,231.4,229.1,227.4,226.6,227.1,228.2,230.1,231.5,232.2,232.6,232.6,232.4,230.6,231.2,230.4,228.8,227.2,226.7,227.4,229.0,262.0,263.8,268.2,272.6,274.5,273.0,268.2,263.8,257.2,259.3,262.5,266.9,271.8,276.0,279.2,275.8,271.3,266.8,262.7,259.4,266.5,268.4,270.4,271.2,270.4,268.5,266.5,265.7,331.8,333.6,338.2,342.9,345.0,343.2,338.6,333.6,327.9,330.3,333.9,338.8,344.0,348.6,352.0,348.7,344.3,339.6,334.9,330.8,336.5,338.6,340.6,341.4,340.5,338.4,336.4,335.6,-2.5,-6.9,-8.8,-7.2,-3.0,1.7,3.3,1.7,-0.5,-2.7,-4.3,-5.2,-4.6,-3.0,-0.7,0.8,1.4,1.8,1.7,1.0,-0.6,0.1,-0.8,-2.7,-4.6,-5.3,-4.4,-2.5,-4.8,-9.2,-11.2,-9.6,-5.4,-1.1,0.9,-0.3,-2.1,-4.7,-6.7,-7.7,-7.1,-5.8,-3.6,-2.0,-1.1,-0.7,-0.7,-0.9,-3.0,-2.3,-3.2,-5.1,-6.9,-7.6,-6.7,-4.8,658.1,658.9,659.7,660.0,659.6,659.0,657.9,657.7,661.4,659.2,657.4,656.9,658.0,659.9,661.8,659.7,657.6,656.6,657.2,659.0,659.1,659.2,659.6,660.0,660.1,660.0,659.7,659.3,700.5,701.8,703.5,704.6,704.5,703.2,701.6,700.6,700.8,700.2,700.1,701.1,703.6,706.9,710.2,706.7,703.3,700.9,699.8,700.1,702.4,702.9,703.6,704.1,704.2,703.7,703.0,702.4,370.2,31.1,826.5,0.001,0.098,-0.074
780,0,1656521733.032,0.98,1,-0.090235,0.080723,-0.992644,-0.241570,0.079170,-0.967149,-0.168,0.081,561.3,562.7,566.4,570.4,572.2,571.1,567.1,563.1,555.7,558.4,562.0,566.2,570.3,573.4,575.7,573.4,570.1,566.2,562.3,558.6,565.1,566.8,568.4,569.0,568.2,566.5,564.9,564.3,606.9,607.9,611.2,614.7,616.5,615.5,612.3,608.5,603.5,605.8,608.9,612.7,616.1,618.6,620.2,618.8,616.5,613.5,609.9,606.3,610.2,611.8,613.2,613.6,612.8,611.3,609.8,609.4,231.0,227.0,225.2,226.7,230.5,234.8,236.3,234.9,232.9,230.9,229.4,228.6,229.1,230.5,232.6,234.0,234.5,234.9,234.8,234.2,232.7,233.3,232.6,230.8,229.1,228.5,229.3,231.0,229.1,225.4,223.7,225.0,228.5,232.2,233.9,232.9,231.4,229.2,227.5,226.6,227.1,228.2,230.1,231.5,232.3,232.6,232.6,232.5,230.6,231.2,230.5,228.8,227.3,226.7,227.4,229.1,261.9,263.7,268.1,272.5,274.4,272.9,268.1,263.7,257.1,259.2,262.5,266.8,271.7,275.9,279.1,275.8,271.3,266.7,262.6,259.3,266.4,268.4,270.3,271.1,270.3,268.4,266.4,265.6,332.1,333.8,338.4,343.1,345.2,343.4,338.9,333.9,328.2,330.6,334.2,339.1,344.3,348.8,352.2,349.0,344.6,339.9,335.2,331.1,336.8,338.8,340.8,341.6,340.7,338.6,336.6,335.9,-2.4,-6.7,-8.7,-7.1,-2.9,1.8,3.5,1.9,-0.3,-2.5,-4.1,-5.0,-4.5,-2.9,-0.6,0.9,1.5,1.9,1.8,1.2,-0.5,0.2,-0.7,-2.6,-4.4,-5.1,-4.3,-2.4,-4.8,-9.1,-11.1,-9.6,-5.4,-1.1,0.9,-0.3,-2.0,-4.6,-6.6,-7.6,-7.1,-5.8,-3.6,-2.0,-1.0,-0.6,-0.6,-0.8,-3.0,-2.3,-3.2,-5.1,-6.9,-7.6,-6.7,-4.8,658.1,658.9,659.7,659.9,659.5,659.0,658.0,657.7,661.4,659.2,657.4,656.9,658.0,659.8,661.8,659.7,657.6,656.7,657.2,659.0,659.1,659.2,659.6,659.9,660.1,660.0,659.7,659.3,701.1,702.4,704.0,705.1,705.1,703.8,702.2,701.2,701.4,700.8,700.7,701.7,704.2,707.5,710.8,707.3,704.0,701.5,700.4,700.7,703.0,703.5,704.2,704.7,704.8,704.3,703.5,703.0,370.3,31.1,826.6,0.003,0.099,-0.077
781,0,1656521733.065,0.98,1,-0.089485,0.074787,-0.993176,-0.241302,0.073338,-0.967675,-0.167,0.075,561.4,562.7,566.5,570.5,572.3,571.2,567.1,563.2,555.8,558.5,562.1,566.3,570.4,573.5,575.8,573.5,570.2,566.3,562.4,558.7,565.2,566.9,568.5,569.1,568.3,566.6,565.0,564.4,607.0,608.0,611.3,614.8,616.7,615.6,612.4,608.5,603.5,605.8,609.0,612.8,616.2,618.7,620.3,618.9,616.6,613.6,610.0,606.3,610.3,611.8,613.3,613.7,612.9,611.4,609.9,609.5,231.0,227.0,225.2,226.7,230.6,234.9,236.4,234.9,232.9,230.9,229.4,228.6,229.0,230.5,232.7,234.0,234.6,235.0,234.9,234.3,232.7,233.4,232.6,230.8,229.1,228.5,229.3,231.0,229.2,225.5,223.8,225.1,228.7,232.4,234.1,233.1,231.6,229.3,227.6,226.7,227.2,228.4,230.3,231.7,232.5,232.8,232.8,232.6,230.8,231.4,230.6,229.0,227.4,226.8,227.6,229.2,261.0,262.8,267.3,271.7,273.5,272.0,267.2,262.8,256.2,258.3,261.6,265.9,270.8,275.0,278.2,274.9,270.4,265.8,261.7,258.5,265.6,267.5,269.4,270.2,269.4,267.5,265.6,264.8,331.1,332.9,337.4,342.1,344.2,342.4,337.8,332.9,327.2,329.6,333.2,338.1,343.3,347.8,351.2,347.9,343.6,338.9,334.2,330.1,335.8,337.8,339.8,340.6,339.7,337.6,335.6,334.9,-2.3,-6.7,-8.7,-7.1,-2.8,1.9,3.5,1.9,-0.3,-2.5,-4.1,-5.0,-4.5,-2.9,-0.5,1.0,1.6,2.0,1.9,1.2,-0.5,0.2,-0.6,-2.5,-4.4,-5.1,-4.2,-2.3,-4.6,-8.9,-10.9,-9.4,-5.2,-0.9,1.1,-0.1,-1.8,-4.5,-6.5,-7.5,-6.9,-5.6,-3.4,-1.7,-0.8,-0.4,-0.4,-0.6,-2.8,-2.1,-3.0,-4.9,-6.7,-7.4,-6.5,-4.6,655.7,656.5,657.3,657.5,657.1,656.6,655.5,655.3,659.0,656.8,655.0,654.5,655.6,657.4,659.4,657.3,655.2,654.2,654.8,656.6,656.7,656.8,657.2,657.5,657.7,657.6,657.3,656.9,698.9,700.1,701.8,702.9,702.8,701.5,699.9,698.9,699.1,698.5,698.4,699.4,701.9,705.2,708.5,705.0,701.6,699.2,698.1,698.4,700.7,701.2,701.9,702.4,702.5,702.0,701.3,700.7,370.7,31.3,827.3,-0.002,0.097,-0.074
782,0,1656521733.098,0.98,1,-0.093063,0.078444,-0.992565,-0.244512,0.077059,-0.966580,-0.171,0.079,561.3,562.7,566.5,570.4,572.2,571.1,567.1,563.1,555.7,558.4,562.1,566.2,570.3,573.5,575.7,573.4,570.1,566.3,562.3,558.6,565.1,566.8,568.5,569.1,568.3,566.6,564.9,564.3,607.0,608.0,611.3,614.9,616.7,615.7,612.4,608.5,603.5,605.9,609.0,612.8,616.3,618.8,620.3,619.0,616.6,613.6,610.0,606.4,610.3,611.9,613.3,613.8,613.0,611.4,610.0,609.5,231.1,227.1,225.3,226.8,230.6,235.0,236.4,235.0,233.0,230.9,229.5,228.7,229.1,230.6,232.7,234.1,234.7,235.0,235.0,234.4,232.8,233.5,232.7,230.9,229.2,228.6,229.4,231.1,229.2,225.5,223.8,225.1,228.7,232.4,234.1,233.1,231.6,229.3,227.6,226.8,227.2,228.4,230.3,231.7,232.5,232.8,232.8,232.6,230.8,231.4,230.6,229.0,227.4,226.8,227.6,229.2,261.1,262.9,267.3,271.7,273.5,272.1,267.3,262.9,256.3,258.4,261.6,266.0,270.8,275.0,278.3,274.9,270.4,265.9,261.8,258.5,265.6,267.5,269.5,270.3,269.5,267.5,265.6,264.8,331.0,332.8,337.4,342.1,344.2,342.4,337.8,332.8,327.2,329.5,333.1,338.0,343.2,347.8,351.2,347.9,343.5,338.8,334.1,330.1,335.7,337.8,339.8,340.6,339.7,337.6,335.6,334.8,-2.2,-6.6,-8.6,-7.0,-2.7,2.0,3.6,2.0,-0.2,-2.4,-4.0,-4.9,-4.4,-2.8,-0.5,1.0,1.6,2.1,2.0,1.3,-0.4,0.3,-0.5,-2.5,-4.3,-5.0,-4.1,-2.2,-4.6,-8.9,-10.9,-9.4,-5.2,-0.9,1.1,-0.1,-1.8,-4.5,-6.5,-7.4,-6.9,-5.6,-3.4,-1.7,-0.8,-0.4,-0.4,-0.6,-2.8,-2.1,-3.0,-4.9,-6.7,-7.4,-6.5,-4.6,656.0,656.8,657.5,657.8,657.4,656.8,655.8,655.6,659.3,657.1,655.3,654.8,655.9,657.7,659.6,657.5,655.4,654.5,655.1,656.9,657.0,657.1,657.4,657.8,658.0,657.9,657.5,657.2,698.7,699.9,701.6,702.7,702.6,701.4,699.7,698.7,699.0,698.4,698.2,699.2,701.7,705.0,708.3,704.8,701.5,699.0,698.0,698.3,700.5,701.0,701.7,702.3,702.3,701.8,701.1,700.6,370.7,31.4,827.4,0.003,0.101,-0.075
783,0,1656521733.132,0.98,1,-0.089111,0.079373,-0.992854,-0.241437,0.077670,-0.967303,-0.167,0.080,561.4,562.8,566.6,570.5,572.3,571.2,567.2,563.3,555.8,558.5,562.2,566.4,570.4,573.6,575.8,573.5,570.2,566.4,562.4,558.7,565.2,566.9,568.6,569.2,568.4,566.6,565.0,564.4,607.1,608.2,611.4,615.0,616.8,615.7,612.5,608.6,603.6,606.0,609.1,612.9,616.4,618.8,620.4,619.0,616.7,613.7,610.1,606.4,610.4,612.0,613.4,613.8,613.1,611.5,610.1,609.6,231.0,227.0,225.2,226.6,230.5,234.8,236.3,234.8,232.8,230.8,229.3,228.5,229.0,230.5,232.6,234.0,234.5,234.9,234.8,234.2,232.7,233.3,232.5,230.8,229.1,228.4,229.2,231.0,229.2,225.5,223.8,225.1,228.7,232.4,234.1,233.1,231.5,229.3,227.6,226.8,227.3,228.4,230.3,231.7,232.4,232.8,232.8,232.6,230.7,231.3,230.6,229.0,227.4,226.8,227.6,229.2,261.8,263.6,268.0,272.4,274.3,272.8,268.0,263.6,256.9,259.1,262.3,266.7,271.6,275.8,279.0,275.6,271.1,266.6,262.5,259.2,266.3,268.2,270.2,271.0,270.2,268.2,266.3,265.5,331.9,333.7,338.3,343.0,345.0,343.2,338.6,333.7,328.0,330.4,334.0,338.9,344.1,348.6,352.1,348.8,344.4,339.7,335.0,330.9,336.6,338.6,340.7,341.4,340.5,338.5,336.5,335.7,-2.4,-6.8,-8.7,-7.1,-2.9,1.8,3.4,1.8,-0.4,-2.6,-4.2,-5.0,-4.5,-2.9,-0.6,0.9,1.5,1.9,1.8,1.1,-0.6,0.2,-0.7,-2.6,-4.5,-5.2,-4.3,-2.4,-4.6,-9.0,-11.0,-9.4,-5.2,-0.9,1.1,-0.1,-1.9,-4.5,-6.5,-7.4,-6.9,-5.5,-3.4,-1.7,-0.8,-0.4,-0.5,-0.7,-2.8,-2.1,-3.0,-4.9,-6.7,-7.4,-6.5,-4.6,657.4,658.2,659.0,659.3,658.9,658.3,657.3,657.0,660.7,658.5,656.7,656.2,657.3,659.2,661.1,659.0,656.9,656.0,656.5,658.3,658.4,658.6,658.9,659.3,659.4,659.3,659.0,658.6,700.3,701.5,703.1,704.3,704.2,703.0,701.3,700.3,700.6,699.9,699.8,700.8,703.3,706.6,709.9,706.4,703.1,700.6,699.6,699.8,702.1,702.6,703.3,703.8,703.9,703.4,702.7,702.1,369.9,31.2,825.5,0.002,0.098,-0.072
784,0,1656521733.165,0.98,1,-0.086421,0.078962,-0.993125,-0.239497,0.077259,-0.967818,-0.165,0.079,561.5,562.9,566.6,570.6,572.4,571.3,567.3,563.3,555.9,558.6,562.2,566.4,570.5,573.7,575.9,573.6,570.3,566.4,562.5,558.8,565.3,567.0,568.6,569.2,568.4,566.7,565.1,564.5,607.1,608.1,611.4,615.0,616.8,615.8,612.5,608.7,603.7,606.0,609.1,612.9,616.4,618.8,620.4,619.0,616.7,613.7,610.1,606.5,610.4,612.0,613.4,613.8,613.0,611.5,610.1,609.6,231.1,227.1,225.3,226.7,230.6,234.9,236.4,235.0,232.9,230.9,229.4,228.6,229.1,230.6,232.7,234.1,234.6,235.0,234.9,234.3,232.8,233.4,232.6,230.9,229.2,228.5,229.3,231.1,229.2,225.5,223.8,225.1,228.7,232.4,234.1,233.1,231.6,229.3,227.6,226.7,227.2,228.4,230.2,231.7,232.4,232.8,232.8,232.6,230.8,231.3,230.6,229.0,227.4,226.8,227.6,229.2,260.8,262.6,267.0,271.4,273.2,271.8,267.0,262.6,255.9,258.1,261.3,265.7,270.6,274.7,278.0,274.6,270.1,265.6,261.5,258.2,265.3,267.2,269.2,270.0,269.2,267.2,265.3,264.5,331.5,333.2,337.8,342.5,344.6,342.8,338.2,333.3,327.6,329.9,333.5,338.4,343.7,348.2,351.6,348.3,344.0,339.3,334.6,330.5,336.1,338.2,340.2,341.0,340.1,338.0,336.0,335.2,-2.3,-6.6,-8.6,-7.0,-2.8,1.9,3.6,1.9,-0.2,-2.5,-4.0,-4.9,-4.4,-2.8,-0.5,1.0,1.6,2.0,1.9,1.3,-0.4,0.3,-0.6,-2.5,-4.3,-5.0,-4.2,-2.3,-4.6,-8.9,-10.9,-9.4,-5.2,-0.9,1.1,-0.1,-1.8,-4.5,-6.5,-7.5,-6.9,-5.6,-3.4,-1.8,-0.8,-0.4,-0.4,-0.6,-2.8,-2.1,-3.0,-4.9,-6.7,-7.4,-6.5,-4.6,654.7,655.6,656.3,656.6,656.2,655.7,654.6,654.3,658.0,655.8,654.1,653.6,654.7,656.5,658.5,656.4,654.3,653.3,653.9,655.7,655.8,655.9,656.3,656.6,656.8,656.7,656.3,656.0,699.3,700.5,702.2,703.3,703.2,702.0,700.3,699.3,699.6,698.9,698.8,699.8,702.4,705.7,709.0,705.5,702.1,699.7,698.6,698.8,701.1,701.6,702.4,702.9,702.9,702.4,701.7,701.2,369.9,31.4,825.2,0.001,0.094,-0.073
785,0,1656521733.199,0.98,1,-0.088651,0.076283,-0.993137,-0.240526,0.074894,-0.967749,-0.166,0.077,561.5,562.9,566.7,570.6,572.5,571.3,567.3,563.3,555.9,558.6,562.3,566.5,570.6,573.7,576.0,573.7,570.3,566.5,562.5,558.8,565.3,567.0,568.7,569.3,568.5,566.8,565.1,564.5,607.2,608.2,611.5,615.1,616.9,615.9,612.6,608.7,603.7,606.0,609.2,613.0,616.4,618.9,620.5,619.1,616.8,613.8,610.2,606.5,610.5,612.1,613.5,613.9,613.1,611.6,610.1,609.7,231.2,227.2,225.4,226.9,230.7,235.1,236.6,235.1,233.1,231.0,229.6,228.7,229.2,230.7,232.8,234.2,234.8,235.1,235.1,234.5,232.9,233.6,232.8,231.0,229.3,228.7,229.4,231.2,229.4,225.6,223.9,225.3,228.9,232.6,234.3,233.3,231.7,229.5,227.7,226.9,227.4,228.6,230.5,231.9,232.6,233.0,233.0,232.8,231.0,231.5,230.8,229.2,227.6,227.0,227.8,229.4,260.4,262.2,266.6,271.0,272.8,271.4,266.6,262.2,255.6,257.7,260.9,265.3,270.2,274.3,277.6,274.2,269.7,265.2,261.1,257.8,264.9,266.8,268.8,269.6,268.8,266.8,264.9,264.1,330.3,332.1,336.7,341.4,343.4,341.6,337.0,332.1,326.4,328.8,332.4,337.3,342.5,347.0,350.5,347.2,342.8,338.1,333.4,329.3,335.0,337.0,339.1,339.8,338.9,336.9,334.9,334.1,-2.1,-6.5,-8.5,-6.9,-2.6,2.1,3.7,2.1,-0.1,-2.3,-3.9,-4.8,-4.3,-2.7,-0.3,1.1,1.7,2.1,2.1,1.4,-0.3,0.4,-0.4,-2.3,-4.2,-4.9,-4.0,-2.1,-4.4,-8.7,-10.7,-9.2,-5.0,-0.6,1.3,0.1,-1.6,-4.3,-6.3,-7.2,-6.7,-5.3,-3.2,-1.5,-0.6,-0.2,-0.2,-0.4,-2.6,-1.9,-2.7,-4.6,-6.5,-7.1,-6.3,-4.4,653.7,654.5,655.3,655.5,655.1,654.5,653.5,653.2,656.9,654.8,653.0,652.5,653.6,655.4,657.4,655.3,653.1,652.2,652.8,654.6,654.7,654.8,655.1,655.5,655.7,655.6,655.2,654.9,696.7,698.0,699.7,700.8,700.7,699.4,697.8,696.8,697.0,696.4,696.3,697.3,699.8,703.1,706.4,702.9,699.5,697.1,696.0,696.3,698.6,699.1,699.8,700.3,700.4,699.9,699.2,698.6,369.6,31.4,824.5,-0.001,0.094,-0.071
786,0,1656521733.232,0.98,1,-0.086667,0.075886,-0.993343,-0.240401,0.074840,-0.967784,-0.165,0.077,561.6,562.9,566.7,570.7,572.5,571.4,567.3,563.4,555.9,558.7,562.3,566.5,570.6,573.7,576.0,573.7,570.4,566.5,562.5,558.8,565.3,567.1,568.7,569.3,568.5,566.8,565.1,564.5,607.2,608.2,611.5,615.1,616.9,615.8,612.6,608.7,603.7,606.1,609.2,613.0,616.4,618.9,620.5,619.1,616.8,613.8,610.2,606.6,610.5,612.1,613.5,613.9,613.1,611.6,610.2,609.7,231.1,227.1,225.3,226.8,230.7,235.0,236.5,235.0,233.0,231.0,229.5,228.7,229.2,230.7,232.8,234.2,234.7,235.1,235.0,234.4,232.9,233.5,232.7,231.0,229.3,228.6,229.4,231.2,229.3,225.6,223.9,225.3,228.8,232.5,234.2,233.2,231.7,229.4,227.7,226.9,227.4,228.5,230.4,231.8,232.6,232.9,232.9,232.7,230.9,231.5,230.7,229.1,227.6,227.0,227.7,229.3,260.7,262.5,266.9,271.3,273.1,271.7,266.9,262.5,255.8,258.0,261.2,265.6,270.5,274.7,277.9,274.5,270.0,265.5,261.4,258.1,265.2,267.1,269.1,269.9,269.1,267.1,265.2,264.4,331.9,333.7,338.3,343.0,345.0,343.2,338.7,333.7,328.0,330.4,334.0,338.9,344.1,348.6,352.1,348.8,344.4,339.7,335.0,330.9,336.6,338.7,340.7,341.4,340.5,338.5,336.5,335.7,-2.2,-6.6,-8.5,-6.9,-2.7,2.0,3.6,2.0,-0.1,-2.4,-4.0,-4.8,-4.3,-2.7,-0.4,1.1,1.7,2.1,2.0,1.4,-0.3,0.4,-0.5,-2.4,-4.2,-5.0,-4.1,-2.2,-4.5,-8.8,-10.8,-9.2,-5.1,-0.7,1.2,0.1,-1.7,-4.4,-6.3,-7.3,-6.8,-5.4,-3.2,-1.6,-0.7,-0.3,-0.3,-0.5,-2.6,-2.0,-2.8,-4.7,-6.5,-7.2,-6.4,-4.5,654.3,655.1,655.9,656.2,655.8,655.2,654.1,653.9,657.5,655.4,653.6,653.1,654.3,656.1,658.0,655.9,653.8,652.9,653.4,655.2,655.3,655.5,655.8,656.2,656.4,656.2,655.9,655.5,700.1,701.3,703.0,704.1,704.0,702.8,701.1,700.1,700.4,699.7,699.6,700.6,703.1,706.5,709.7,706.2,702.9,700.4,699.4,699.6,701.9,702.4,703.1,703.7,703.7,703.2,702.5,701.9,370.0,31.5,825.1,-0.002,0.093,-0.071
787,0,1656521733.265,0.98,1,-0.086126,0.076760,-0.993323,-0.239843,0.075555,-0.967867,-0.165,0.078,561.7,563.0,566.8,570.7,572.6,571.5,567.4,563.5,556.1,558.8,562.4,566.6,570.7,573.8,576.0,573.8,570.5,566.6,562.6,558.9,565.4,567.2,568.8,569.4,568.6,566.9,565.2,564.6,607.2,608.2,611.5,615.1,616.9,615.9,612.6,608.8,603.8,606.1,609.2,613.0,616.4,618.9,620.5,619.1,616.8,613.8,610.2,606.6,610.5,612.1,613.5,613.9,613.1,611.6,610.2,609.7,231.2,227.2,225.4,226.9,230.8,235.1,236.6,235.1,233.1,231.1,229.6,228.8,229.3,230.7,232.9,234.2,234.8,235.2,235.1,234.5,232.9,233.6,232.8,231.1,229.4,228.7,229.5,231.2,229.4,225.7,224.0,225.3,228.9,232.6,234.3,233.2,231.7,229.5,227.7,226.9,227.4,228.6,230.4,231.8,232.6,233.0,233.0,232.8,230.9,231.5,230.8,229.2,227.6,227.0,227.8,229.4,261.2,263.0,267.4,271.8,273.7,272.2,267.4,263.0,256.4,258.5,261.7,266.1,271.0,275.2,278.4,275.0,270.5,266.0,261.9,258.6,265.7,267.6,269.6,270.4,269.6,267.6,265.7,264.9,332.0,333.8,338.4,343.1,345.1,343.4,338.8,333.8,328.1,330.5,334.1,339.0,344.2,348.8,352.2,348.9,344.5,339.8,335.1,331.0,336.7,338.8,340.8,341.6,340.6,338.6,336.6,335.8,-2.1,-6.5,-8.4,-6.8,-2.6,2.1,3.7,2.1,-0.0,-2.3,-3.9,-4.8,-4.2,-2.6,-0.3,1.2,1.8,2.2,2.1,1.5,-0.2,0.5,-0.4,-2.3,-4.2,-4.9,-4.0,-2.1,-4.4,-8.7,-10.7,-9.2,-5.0,-0.7,1.3,0.1,-1.6,-4.3,-6.3,-7.3,-6.7,-5.4,-3.2,-1.5,-0.6,-0.2,-0.2,-0.4,-2.6,-1.9,-2.8,-4.7,-6.5,-7.2,-6.3,-4.4,655.3,656.1,656.9,657.2,656.8,656.2,655.1,654.9,658.5,656.4,654.6,654.1,655.3,657.1,659.0,656.9,654.8,653.8,654.4,656.2,656.3,656.4,656.8,657.2,657.3,657.2,656.9,656.5,700.3,701.5,703.2,704.3,704.2,703.0,701.3,700.3,700.6,699.9,699.8,700.8,703.3,706.7,709.9,706.4,703.1,700.6,699.6,699.8,702.1,702.6,703.3,703.9,703.9,703.4,702.7,702.1,370.7,31.5,826.6,0.000,0.092,-0.072
788,0,1656521733.298,0.98,1,-0.087528,0.079391,-0.992993,-0.238932,0.078130,-0.967888,-0.165,0.080,561.7,563.1,566.8,570.8,572.6,571.5,567.5,563.5,556.1,558.8,562.4,566.6,570.7,573.8,576.0,573.8,570.5,566.6,562.7,559.0,565.5,567.2,568.8,569.4,568.6,566.9,565.3,564.7,607.4,608.4,611.6,615.2,617.0,616.0,612.8,608.9,603.9,606.2,609.4,613.2,616.6,619.1,620.6,619.3,617.0,613.9,610.3,606.7,610.7,612.2,613.6,614.1,613.3,611.7,610.3,609.9,231.2,227.2,225.4,226.8,230.7,235.0,236.5,235.0,233.0,231.0,229.5,228.7,229.2,230.7,232.8,234.2,234.7,235.1,235.0,234.4,232.9,233.5,232.7,231.0,229.3,228.6,229.4,231.2,229.3,225.6,223.9,225.3,228.8,232.6,234.2,233.2,231.7,229.4,227.7,226.9,227.4,228.6,230.4,231.8,232.6,232.9,232.9,232.7,230.9,231.5,230.8,229.1,227.6,227.0,227.7,229.3,261.8,263.7,268.1,272.5,274.3,272.8,268.0,263.6,257.0,259.1,262.4,266.7,271.6,275.8,279.0,275.7,271.2,266.6,262.5,259.2,266.4,268.3,270.2,271.0,270.2,268.3,266.4,265.6,332.2,333.9,338.5,343.2,345.3,343.5,338.9,333.9,328.3,330.7,334.3,339.2,344.4,348.9,352.3,349.0,344.7,340.0,335.3,331.2,336.9,338.9,340.9,341.7,340.8,338.7,336.7,336.0,-2.2,-6.6,-8.5,-6.9,-2.7,2.0,3.6,2.0,-0.1,-2.4,-3.9,-4.8,-4.3,-2.7,-0.4,1.1,1.7,2.1,2.0,1.4,-0.3,0.4,-0.5,-2.4,-4.2,-4.9,-4.1,-2.2,-4.4,-8.8,-10.8,-9.2,-5.1,-0.7,1.3,0.1,-1.7,-4.3,-6.3,-7.3,-6.7,-5.4,-3.2,-1.6,-0.7,-0.3,-0.3,-0.5,-2.6,-1.9,-2.8,-4.7,-6.5,-7.2,-6.3,-4.4,656.8,657.7,658.4,658.7,658.3,657.7,656.7,656.4,660.1,657.9,656.2,655.7,656.8,658.6,660.6,658.5,656.3,655.4,655.9,657.7,657.9,658.0,658.3,658.7,658.9,658.8,658.4,658.0,700.2,701.4,703.1,704.2,704.1,702.9,701.2,700.2,700.5,699.8,699.7,700.7,703.3,706.6,709.9,706.4,703.0,700.6,699.5,699.7,702.0,702.5,703.3,703.8,703.8,703.3,702.6,702.1,370.0,31.4,824.9,0.002,0.093,-0.071
789,0,1656521733.332,0.98,1,-0.085527,0.081796,-0.992973,-0.237299,0.080359,-0.968107,-0.163,0.082,561.8,563.2,567.0,570.9,572.7,571.6,567.6,563.6,556.2,558.9,562.6,566.8,570.8,574.0,576.2,573.9,570.6,566.8,562.8,559.1,565.6,567.3,569.0,569.6,568.8,567.1,565.4,564.8,607.4,608.4,611.7,615.2,617.0,616.0,612.8,608.9,603.9,606.3,609.4,613.2,616.6,619.1,620.6,619.3,617.0,614.0,610.4,606.7,610.7,612.2,613.7,614.1,613.3,611.7,610.3,609.9,231.2,227.2,225.4,226.9,230.8,235.1,236.5,235.1,233.0,231.0,229.6,228.8,229.3,230.7,232.9,234.2,234.8,235.1,235.0,234.4,232.9,233.6,232.8,231.0,229.3,228.7,229.5,231.2,229.4,225.7,224.0,225.4,228.9,232.6,234.3,233.3,231.8,229.5,227.8,227.0,227.5,228.6,230.5,231.9,232.7,233.0,233.0,232.8,231.0,231.6,230.8,229.2,227.7,227.1,227.8,229.4,262.0,263.8,268.3,272.7,274.5,273.0,268.2,263.8,257.2,259.3,262.6,266.9,271.8,276.0,279.2,275.9,271.4,266.8,262.7,259.4,266.5,268.5,270.4,271.2,270.4,268.5,266.6,265.7,332.4,334.2,338.8,343.5,345.6,343.8,339.2,334.2,328.5,330.9,334.5,339.4,344.6,349.2,352.6,349.3,345.0,340.2,335.5,331.4,337.1,339.2,341.2,342.0,341.0,339.0,337.0,336.2,-2.1,-6.5,-8.5,-6.9,-2.6,2.1,3.7,2.1,-0.1,-2.3,-3.9,-4.8,-4.2,-2.6,-0.3,1.2,1.7,2.1,2.0,1.4,-0.3,0.4,-0.4,-2.3,-4.2,-4.9,-4.0,-2.1,-4.3,-8.7,-10.7,-9.1,-5.0,-0.6,1.4,0.2,-1.6,-4.2,-6.2,-7.2,-6.6,-5.3,-3.2,-1.5,-0.6,-0.2,-0.2,-0.4,-2.5,-1.8,-2.7,-4.6,-6.4,-7.1,-6.2,-4.3,656.9,657.7,658.5,658.8,658.4,657.9,656.8,656.5,660.2,658.0,656.2,655.7,656.9,658.7,660.7,658.6,656.4,655.5,656.0,657.8,658.0,658.1,658.4,658.8,659.0,658.8,658.5,658.1,700.7,701.9,703.6,704.7,704.6,703.4,701.7,700.7,701.0,700.3,700.2,701.2,703.8,707.1,710.4,706.9,703.5,701.1,700.0,700.2,702.5,703.0,703.8,704.3,704.3,703.8,703.1,702.6,370.1,31.4,824.8,0.003,0.091,-0.071
790,0,1656521733.365,0.98,1,-0.088258,0.078774,-0.992978,-0.238636,0.076633,-0.968081,-0.165,0.079,561.7,563.1,566.8,570.8,572.6,571.5,567.5,563.5,556.1,558.8,562.5,566.6,570.7,573.9,576.1,573.8,570.5,566.6,562.7,559.0,565.5,567.2,568.8,569.4,568.7,566.9,565.3,564.7,607.4,608.4,611.7,615.3,617.0,616.0,612.8,608.9,603.9,606.3,609.4,613.2,616.6,619.1,620.6,619.3,617.0,614.0,610.4,606.7,610.7,612.2,613.7,614.1,613.3,611.8,610.4,609.9,231.1,227.1,225.4,226.8,230.7,235.0,236.5,235.0,233.0,231.0,229.5,228.7,229.2,230.7,232.8,234.1,234.7,235.1,235.0,234.4,232.8,233.5,232.7,231.0,229.3,228.6,229.4,231.2,229.4,225.7,224.0,225.4,228.9,232.6,234.3,233.3,231.7,229.5,227.8,227.0,227.5,228.7,230.5,231.9,232.7,233.0,233.0,232.8,231.0,231.6,230.8,229.2,227.6,227.1,227.8,229.4,262.1,263.9,268.3,272.7,274.5,273.1,268.3,263.9,257.3,259.4,262.6,267.0,271.8,276.0,279.3,275.9,271.4,266.9,262.8,259.5,266.6,268.5,270.5,271.3,270.5,268.5,266.6,265.8,332.8,334.6,339.2,343.9,345.9,344.1,339.5,334.5,328.9,331.3,334.9,339.8,345.0,349.5,353.0,349.6,345.3,340.6,335.9,331.8,337.5,339.5,341.5,342.3,341.4,339.4,337.4,336.6,-2.2,-6.6,-8.5,-6.9,-2.7,2.0,3.6,2.0,-0.2,-2.4,-4.0,-4.8,-4.3,-2.7,-0.4,1.1,1.7,2.1,2.0,1.3,-0.3,0.4,-0.5,-2.4,-4.3,-5.0,-4.1,-2.2,-4.4,-8.7,-10.7,-9.1,-5.0,-0.6,1.3,0.1,-1.7,-4.3,-6.2,-7.2,-6.6,-5.3,-3.1,-1.5,-0.6,-0.2,-0.2,-0.5,-2.6,-1.9,-2.7,-4.6,-6.5,-7.1,-6.3,-4.4,657.4,658.2,659.0,659.2,658.8,658.3,657.3,657.0,660.7,658.5,656.7,656.2,657.3,659.1,661.1,659.0,656.9,656.0,656.5,658.4,658.4,658.6,658.9,659.3,659.4,659.3,659.0,658.6,701.4,702.6,704.3,705.4,705.3,704.1,702.4,701.4,701.7,701.0,700.9,701.9,704.5,707.8,711.1,707.6,704.2,701.8,700.7,700.9,703.2,703.7,704.5,705.0,705.0,704.6,703.8,703.3,370.2,31.6,825.2,-0.002,0.093,-0.071
791,0,1656521733.398,0.98,1,-0.086732,0.078777,-0.993112,-0.240242,0.076505,-0.967694,-0.165,0.079,561.7,563.1,566.9,570.8,572.6,571.5,567.5,563.5,556.1,558.8,562.5,566.7,570.7,573.9,576.1,573.8,570.5,566.7,562.7,559.0,565.5,567.2,568.9,569.5,568.7,566.9,565.3,564.7,607.3,608.3,611.6,615.2,616.9,615.9,612.7,608.8,603.8,606.2,609.3,613.1,616.5,619.0,620.6,619.2,616.9,613.9,610.3,606.6,610.6,612.1,613.6,614.0,613.2,611.7,610.3,609.8,231.2,227.2,225.4,226.9,230.7,235.0,236.5,235.0,233.0,231.0,229.6,228.8,229.2,230.7,232.8,234.2,234.7,235.1,235.0,234.4,232.9,233.5,232.7,231.0,229.3,228.6,229.4,231.2,229.4,225.7,224.0,225.4,228.9,232.6,234.3,233.3,231.7,229.5,227.8,227.0,227.5,228.7,230.5,231.9,232.7,233.0,233.0,232.8,231.0,231.6,230.8,229.2,227.6,227.1,227.8,229.4,261.7,263.5,267.9,272.3,274.2,272.7,267.9,263.5,256.8,258.9,262.2,266.6,271.5,275.7,278.9,275.5,271.0,266.5,262.4,259.1,266.2,268.1,270.1,270.9,270.1,268.1,266.2,265.4,332.7,334.5,339.1,343.8,345.8,344.0,339.4,334.5,328.8,331.2,334.8,339.7,344.9,349.4,352.9,349.6,345.2,340.5,335.8,331.7,337.4,339.4,341.4,342.2,341.3,339.3,337.3,336.5,-2.2,-6.5,-8.5,-6.9,-2.7,2.1,3.7,2.1,-0.1,-2.3,-3.9,-4.8,-4.3,-2.7,-0.4,1.1,1.7,2.1,2.0,1.4,-0.3,0.4,-0.5,-2.4,-4.2,-4.9,-4.1,-2.2,-4.4,-8.7,-10.7,-9.1,-5.0,-0.6,1.3,0.1,-1.6,-4.3,-6.2,-7.2,-6.6,-5.3,-3.1,-1.5,-0.6,-0.2,-0.2,-0.4,-2.5,-1.9,-2.7,-4.6,-6.5,-7.1,-6.3,-4.4,656.3,657.2,658.0,658.2,657.8,657.3,656.2,656.0,659.6,657.4,655.7,655.2,656.3,658.2,660.1,658.0,655.9,654.9,655.5,657.3,657.4,657.5,657.9,658.2,658.4,658.3,657.9,657.6,701.5,702.7,704.4,705.5,705.4,704.2,702.5,701.5,701.8,701.1,701.0,702.0,704.5,707.8,711.1,707.6,704.3,701.8,700.8,701.0,703.3,703.8,704.5,705.1,705.1,704.6,703.9,703.3,370.3,31.6,825.5,-0.002,0.095,-0.072
792,0,1656521733.432,0.98,1,-0.088242,0.078117,-0.993031,-0.240506,0.076379,-0.967638,-0.166,0.079,561.6,562.9,566.7,570.7,572.5,571.4,567.3,563.4,556.0,558.7,562.3,566.5,570.6,573.8,576.0,573.7,570.4,566.5,562.5,558.9,565.3,567.1,568.7,569.3,568.5,566.8,565.2,564.6,607.2,608.2,611.5,615.0,616.9,615.8,612.6,608.7,603.7,606.0,609.2,613.0,616.4,618.9,620.5,619.1,616.8,613.8,610.2,606.5,610.5,612.1,613.5,613.9,613.1,611.6,610.1,609.7,231.3,227.3,225.5,227.0,230.8,235.2,236.7,235.2,233.2,231.1,229.7,228.8,229.3,230.8,232.9,234.3,234.9,235.2,235.2,234.6,233.0,233.6,232.9,231.1,229.4,228.8,229.5,231.3,229.4,225.7,224.0,225.3,228.9,232.6,234.3,233.3,231.8,229.5,227.8,227.0,227.4,228.6,230.5,231.9,232.7,233.1,233.0,232.9,231.0,231.6,230.8,229.2,227.7,227.1,227.8,229.4,260.8,262.7,267.1,271.5,273.3,271.8,267.0,262.7,256.0,258.1,261.4,265.7,270.6,274.8,278.0,274.7,270.2,265.6,261.6,258.3,265.4,267.3,269.2,270.0,269.2,267.3,265.4,264.6,331.3,333.0,337.6,342.3,344.4,342.6,338.0,333.1,327.4,329.8,333.4,338.3,343.5,348.0,351.4,348.2,343.8,339.1,334.4,330.3,336.0,338.0,340.0,340.8,339.9,337.8,335.8,335.1,-2.0,-6.4,-8.4,-6.8,-2.5,2.2,3.8,2.2,0.0,-2.2,-3.8,-4.7,-4.2,-2.6,-0.2,1.3,1.9,2.3,2.2,1.5,-0.2,0.5,-0.3,-2.2,-4.1,-4.8,-3.9,-2.0,-4.3,-8.7,-10.6,-9.1,-4.9,-0.6,1.4,0.2,-1.6,-4.2,-6.2,-7.2,-6.7,-5.3,-3.1,-1.5,-0.5,-0.1,-0.1,-0.4,-2.5,-1.8,-2.7,-4.6,-6.4,-7.1,-6.2,-4.3,654.7,655.5,656.3,656.5,656.1,655.6,654.5,654.3,658.0,655.8,654.0,653.5,654.6,656.4,658.4,656.3,654.2,653.2,653.8,655.6,655.7,655.8,656.2,656.5,656.7,656.6,656.3,655.9,698.8,700.0,701.7,702.8,702.7,701.5,699.8,698.8,699.1,698.4,698.3,699.3,701.8,705.2,708.4,705.0,701.6,699.2,698.1,698.3,700.6,701.1,701.8,702.4,702.4,701.9,701.2,700.6,370.3,31.6,825.8,0.000,0.095,-0.073
793,0,1656521733.465,0.98,1,-0.089302,0.078877,-0.992876,-0.242432,0.076850,-0.967120,-0.168,0.079,561.5,562.9,566.6,570.6,572.4,571.3,567.3,563.3,555.9,558.6,562.2,566.4,570.5,573.7,575.9,573.6,570.3,566.4,562.5,558.8,565.3,567.0,568.7,569.3,568.5,566.7,565.1,564.5,607.2,608.2,611.5,615.1,616.9,615.9,612.6,608.7,603.7,606.0,609.2,613.0,616.5,618.9,620.5,619.2,616.8,613.8,610.2,606.5,610.5,612.1,613.5,613.9,613.1,611.6,610.1,609.7,231.4,227.4,225.6,227.0,230.9,235.2,236.7,235.3,233.2,231.2,229.7,228.9,229.4,230.9,233.0,234.4,235.0,235.3,235.2,234.6,233.1,233.7,232.9,231.2,229.5,228.8,229.6,231.4,229.5,225.8,224.1,225.4,229.0,232.7,234.4,233.4,231.9,229.6,227.9,227.0,227.5,228.7,230.6,232.0,232.8,233.2,233.1,232.9,231.1,231.7,230.9,229.3,227.7,227.2,227.9,229.5,260.3,262.1,266.5,270.9,272.8,271.3,266.5,262.1,255.5,257.6,260.8,265.2,270.1,274.3,277.5,274.1,269.6,265.1,261.0,257.7,264.8,266.8,268.7,269.5,268.7,266.8,264.8,264.0,330.1,331.9,336.4,341.1,343.2,341.4,336.9,331.9,326.2,328.6,332.2,337.1,342.3,346.8,350.3,347.0,342.6,337.9,333.2,329.1,334.8,336.9,338.9,339.6,338.7,336.7,334.7,333.9,-1.9,-6.3,-8.3,-6.7,-2.4,2.3,3.9,2.3,0.1,-2.1,-3.7,-4.6,-4.1,-2.5,-0.1,1.4,2.0,2.4,2.3,1.6,-0.1,0.6,-0.2,-2.1,-4.0,-4.7,-3.8,-1.9,-4.2,-8.5,-10.5,-9.0,-4.8,-0.5,1.5,0.3,-1.4,-4.1,-6.1,-7.1,-6.5,-5.2,-3.0,-1.3,-0.4,-0.0,-0.0,-0.2,-2.4,-1.7,-2.6,-4.5,-6.3,-7.0,-6.1,-4.2,653.6,654.4,655.1,655.4,655.0,654.5,653.4,653.2,656.9,654.7,652.9,652.4,653.5,655.3,657.3,655.2,653.1,652.1,652.7,654.5,654.6,654.7,655.1,655.4,655.6,655.5,655.1,654.8,696.3,697.6,699.2,700.3,700.2,699.0,697.3,696.4,696.6,696.0,695.9,696.8,699.4,702.7,705.9,702.5,699.1,696.7,695.6,695.9,698.2,698.6,699.4,699.9,699.9,699.5,698.7,698.2,370.4,31.7,826.1,0.003,0.096,-0.073
794,0,1656521733.498,0.98,1,-0.086235,0.075294,-0.993425,-0.240567,0.074403,-0.967777,-0.165,0.076,561.4,562.7,566.5,570.5,572.3,571.2,567.2,563.2,555.7,558.5,562.1,566.3,570.4,573.6,575.8,573.5,570.2,566.3,562.3,558.6,565.2,566.9,568.5,569.1,568.3,566.6,565.0,564.4,607.2,608.2,611.5,615.1,616.9,615.8,612.6,608.7,603.7,606.0,609.2,613.0,616.4,618.9,620.5,619.1,616.8,613.8,610.2,606.5,610.5,612.0,613.5,613.9,613.1,611.6,610.1,609.7,231.2,227.2,225.4,226.9,230.8,235.1,236.6,235.1,233.1,231.1,229.6,228.8,229.3,230.8,232.9,234.2,234.8,235.2,235.1,234.5,233.0,233.6,232.8,231.1,229.4,228.7,229.5,231.3,229.5,225.7,224.1,225.4,229.0,232.7,234.4,233.4,231.8,229.6,227.9,227.0,227.5,228.7,230.6,232.0,232.7,233.1,233.0,232.8,231.0,231.6,230.9,229.3,227.7,227.1,227.8,229.5,260.2,262.0,266.4,270.8,272.7,271.2,266.4,262.0,255.4,257.5,260.7,265.1,270.0,274.2,277.4,274.1,269.6,265.0,260.9,257.6,264.7,266.7,268.6,269.4,268.6,266.7,264.7,263.9,331.7,333.5,338.0,342.7,344.8,343.0,338.4,333.4,327.8,330.2,333.8,338.7,343.9,348.4,351.8,348.5,344.2,339.4,334.8,330.7,336.4,338.4,340.4,341.2,340.3,338.2,336.2,335.5,-2.1,-6.5,-8.4,-6.8,-2.6,2.1,3.8,2.1,-0.0,-2.2,-3.8,-4.7,-4.2,-2.6,-0.3,1.2,1.8,2.2,2.1,1.5,-0.2,0.5,-0.4,-2.3,-4.1,-4.8,-4.0,-2.1,-4.3,-8.6,-10.6,-9.1,-4.9,-0.5,1.4,0.2,-1.6,-4.2,-6.2,-7.1,-6.6,-5.2,-3.1,-1.4,-0.5,-0.1,-0.1,-0.4,-2.5,-1.8,-2.6,-4.5,-6.4,-7.1,-6.2,-4.3,653.6,654.4,655.2,655.5,655.1,654.5,653.5,653.2,656.9,654.7,653.0,652.5,653.6,655.4,657.4,655.3,653.1,652.2,652.7,654.5,654.7,654.8,655.1,655.5,655.7,655.5,655.2,654.8,699.6,700.8,702.5,703.6,703.5,702.3,700.6,699.6,699.9,699.2,699.1,700.1,702.6,705.9,709.2,705.7,702.4,699.9,698.9,699.1,701.4,701.9,702.6,703.2,703.2,702.7,702.0,701.5,369.8,31.7,825.1,-0.006,0.093,-0.070
795,0,1656521733.532,0.98,1,-0.089210,0.078313,-0.992929,-0.241167,0.075702,-0.967527,-0.167,0.078,561.4,562.8,566.6,570.5,572.3,571.2,567.2,563.2,555.8,558.5,562.1,566.3,570.4,573.6,575.8,573.6,570.2,566.3,562.4,558.7,565.2,566.9,568.6,569.2,568.4,566.6,565.0,564.4,607.1,608.2,611.4,615.0,616.9,615.8,612.6,608.7,603.6,606.0,609.2,613.0,616.4,618.9,620.5,619.1,616.8,613.7,610.1,606.5,610.4,612.0,613.4,613.9,613.1,611.5,610.1,609.7,231.1,227.1,225.3,226.8,230.7,235.0,236.5,235.0,233.0,230.9,229.5,228.7,229.2,230.6,232.8,234.1,234.7,235.0,234.9,234.3,232.8,233.5,232.7,230.9,229.2,228.6,229.4,231.1,229.3,225.6,223.9,225.2,228.8,232.6,234.3,233.2,231.7,229.4,227.7,226.9,227.4,228.5,230.4,231.8,232.6,232.9,232.9,232.7,230.9,231.5,230.7,229.1,227.5,227.0,227.7,229.3,260.3,262.1,266.5,270.9,272.7,271.3,266.5,262.1,255.5,257.6,260.8,265.1,270.0,274.2,277.5,274.1,269.6,265.0,261.0,257.7,264.8,266.7,268.6,269.5,268.7,266.7,264.8,264.0,330.0,331.7,336.3,341.0,343.1,341.3,336.7,331.8,326.1,328.5,332.1,337.0,342.2,346.7,350.1,346.8,342.5,337.8,333.1,329.0,334.7,336.7,338.7,339.5,338.6,336.5,334.5,333.8,-2.2,-6.6,-8.6,-7.0,-2.7,2.0,3.6,2.0,-0.2,-2.4,-4.0,-4.9,-4.3,-2.7,-0.4,1.0,1.6,2.0,1.9,1.3,-0.4,0.3,-0.5,-2.4,-4.3,-5.0,-4.1,-2.2,-4.4,-8.8,-10.8,-9.2,-5.0,-0.7,1.3,0.1,-1.7,-4.3,-6.3,-7.3,-6.7,-5.4,-3.2,-1.6,-0.7,-0.3,-0.3,-0.5,-2.6,-1.9,-2.8,-4.7,-6.5,-7.2,-6.3,-4.4,653.7,654.5,655.3,655.5,655.1,654.6,653.5,653.3,657.0,654.8,653.0,652.5,653.6,655.4,657.4,655.3,653.2,652.2,652.8,654.6,654.7,654.8,655.2,655.5,655.7,655.6,655.3,654.9,696.1,697.4,699.0,700.2,700.1,698.8,697.2,696.2,696.4,695.8,695.7,696.7,699.2,702.5,705.8,702.3,698.9,696.5,695.4,695.7,698.0,698.5,699.2,699.7,699.8,699.3,698.6,698.0,369.6,31.5,824.6,-0.001,0.097,-0.074
796,0,1656521733.565,0.98,1,-0.087787,0.074916,-0.993318,-0.241431,0.073997,-0.967592,-0.166,0.076,561.2,562.6,566.4,570.4,572.2,571.1,567.0,563.1,555.6,558.3,562.0,566.2,570.3,573.5,575.7,573.4,570.1,566.2,562.2,558.5,565.0,566.8,568.4,569.0,568.2,566.5,564.8,564.2,607.0,608.1,611.3,614.9,616.7,615.7,612.5,608.6,603.6,605.9,609.0,612.9,616.3,618.8,620.4,619.0,616.7,613.6,610.0,606.4,610.3,611.9,613.3,613.8,613.0,611.4,610.0,609.5,231.3,227.3,225.4,226.9,230.8,235.1,236.6,235.2,233.2,231.1,229.7,228.8,229.3,230.8,232.9,234.3,234.8,235.2,235.1,234.6,233.0,233.6,232.8,231.1,229.4,228.7,229.5,231.3,229.3,225.6,223.9,225.2,228.8,232.5,234.2,233.2,231.7,229.4,227.7,226.9,227.3,228.5,230.4,231.8,232.6,232.9,232.9,232.7,230.9,231.5,230.7,229.1,227.5,227.0,227.7,229.3,259.6,261.5,265.9,270.3,272.1,270.7,265.9,261.5,254.9,256.9,260.2,264.5,269.4,273.6,276.9,273.5,269.0,264.4,260.4,257.1,264.2,266.1,268.0,268.8,268.0,266.1,264.2,263.4,330.3,332.1,336.7,341.4,343.5,341.7,337.1,332.1,326.5,328.8,332.4,337.3,342.5,347.1,350.5,347.2,342.9,338.1,333.5,329.4,335.0,337.1,339.1,339.9,339.0,336.9,334.9,334.1,-2.0,-6.4,-8.4,-6.8,-2.6,2.2,3.8,2.2,0.0,-2.2,-3.8,-4.7,-4.2,-2.6,-0.3,1.2,1.8,2.2,2.1,1.5,-0.2,0.5,-0.3,-2.3,-4.1,-4.8,-3.9,-2.0,-4.4,-8.8,-10.8,-9.2,-5.1,-0.7,1.3,0.1,-1.7,-4.3,-6.3,-7.3,-6.8,-5.4,-3.3,-1.6,-0.7,-0.3,-0.3,-0.5,-2.6,-1.9,-2.8,-4.7,-6.5,-7.2,-6.3,-4.4,652.6,653.4,654.2,654.5,654.1,653.5,652.5,652.2,655.9,653.7,652.0,651.4,652.5,654.4,656.3,654.2,652.1,651.2,651.7,653.6,653.7,653.8,654.1,654.5,654.6,654.5,654.2,653.8,697.2,698.4,700.1,701.2,701.1,699.8,698.2,697.2,697.5,696.8,696.7,697.7,700.2,703.5,706.8,703.3,699.9,697.5,696.4,696.7,699.0,699.5,700.2,700.7,700.8,700.3,699.6,699.0,370.1,31.6,825.9,-0.004,0.095,-0.073
797,0,1656521733.599,0.98,1,-0.087074,0.074350,-0.993423,-0.241284,0.073873,-0.967639,-0.166,0.075,561.3,562.7,566.5,570.4,572.3,571.1,567.1,563.2,555.7,558.4,562.1,566.3,570.4,573.5,575.7,573.5,570.2,566.3,562.3,558.6,565.1,566.9,568.5,569.1,568.3,566.6,564.9,564.3,607.0,608.0,611.2,614.8,616.6,615.6,612.4,608.5,603.5,605.8,608.9,612.8,616.2,618.7,620.2,618.9,616.6,613.5,609.9,606.3,610.2,611.8,613.2,613.7,612.9,611.3,609.9,609.5,231.2,227.2,225.4,226.9,230.7,235.1,236.5,235.1,233.1,231.0,229.6,228.7,229.2,230.7,232.8,234.2,234.8,235.1,235.0,234.5,232.9,233.5,232.8,231.0,229.3,228.7,229.5,231.2,229.4,225.6,223.9,225.3,228.8,232.5,234.2,233.2,231.7,229.4,227.7,226.9,227.4,228.5,230.4,231.8,232.6,233.0,232.9,232.8,230.9,231.5,230.8,229.1,227.6,227.0,227.7,229.4,260.7,262.5,266.9,271.3,273.1,271.7,266.9,262.5,255.9,258.0,261.2,265.6,270.5,274.7,277.9,274.5,270.0,265.5,261.4,258.1,265.2,267.1,269.1,269.9,269.1,267.1,265.2,264.4,331.5,333.2,337.8,342.5,344.6,342.8,338.2,333.3,327.6,330.0,333.5,338.4,343.7,348.2,351.6,348.3,344.0,339.3,334.6,330.5,336.2,338.2,340.2,341.0,340.1,338.0,336.0,335.3,-2.1,-6.5,-8.5,-6.9,-2.6,2.1,3.7,2.1,-0.1,-2.3,-3.9,-4.8,-4.3,-2.7,-0.3,1.1,1.7,2.1,2.0,1.4,-0.3,0.4,-0.4,-2.3,-4.2,-4.9,-4.0,-2.1,-4.4,-8.8,-10.7,-9.2,-5.1,-0.7,1.3,0.1,-1.7,-4.3,-6.3,-7.3,-6.8,-5.4,-3.2,-1.6,-0.7,-0.2,-0.3,-0.5,-2.6,-1.9,-2.8,-4.7,-6.5,-7.2,-6.3,-4.4,654.9,655.7,656.5,656.8,656.4,655.8,654.7,654.4,658.1,656.0,654.2,653.7,654.8,656.7,658.6,656.5,654.4,653.4,654.0,655.8,655.9,656.0,656.4,656.8,656.9,656.8,656.5,656.1,699.8,701.0,702.7,703.8,703.6,702.4,700.7,699.8,700.1,699.4,699.3,700.3,702.8,706.1,709.3,705.9,702.5,700.1,699.0,699.3,701.6,702.0,702.8,703.3,703.4,702.9,702.2,701.6,369.8,31.5,825.4,-0.003,0.092,-0.070
798,0,1656521733.632,0.98,1,-0.085688,0.078808,-0.993200,-0.240045,0.077579,-0.967657,-0.165,0.080,561.4,562.7,566.5,570.4,572.3,571.1,567.1,563.2,555.8,558.5,562.1,566.3,570.4,573.5,575.7,573.5,570.1,566.3,562.3,558.7,565.1,566.9,568.5,569.1,568.3,566.6,564.9,564.3,607.0,608.0,611.2,614.8,616.6,615.6,612.3,608.5,603.5,605.8,608.9,612.7,616.2,618.6,620.2,618.8,616.5,613.5,609.9,606.3,610.2,611.8,613.2,613.7,612.9,611.3,609.9,609.4,231.3,227.3,225.5,226.9,230.8,235.1,236.6,235.1,233.1,231.1,229.7,228.9,229.3,230.8,232.9,234.2,234.8,235.2,235.1,234.5,233.0,233.6,232.8,231.1,229.4,228.7,229.5,231.3,229.4,225.7,224.0,225.3,228.9,232.6,234.3,233.2,231.7,229.5,227.8,227.0,227.4,228.6,230.4,231.8,232.6,233.0,232.9,232.7,230.9,231.5,230.8,229.2,227.6,227.0,227.8,229.4,261.5,263.3,267.7,272.2,274.0,272.6,267.7,263.3,256.7,258.8,262.1,266.4,271.3,275.5,278.7,275.4,270.9,266.3,262.2,258.9,266.0,268.0,269.9,270.7,269.9,268.0,266.0,265.2,332.5,334.2,338.8,343.5,345.6,343.8,339.2,334.3,328.6,331.0,334.6,339.5,344.7,349.2,352.7,349.3,345.0,340.3,335.6,331.5,337.2,339.2,341.2,342.0,341.1,339.0,337.0,336.3,-2.1,-6.4,-8.4,-6.8,-2.6,2.1,3.8,2.2,-0.0,-2.2,-3.8,-4.7,-4.2,-2.6,-0.3,1.2,1.8,2.2,2.1,1.5,-0.2,0.5,-0.4,-2.3,-4.1,-4.8,-4.0,-2.1,-4.4,-8.8,-10.7,-9.2,-5.0,-0.7,1.3,0.1,-1.7,-4.3,-6.3,-7.2,-6.7,-5.4,-3.2,-1.6,-0.7,-0.2,-0.3,-0.5,-2.6,-1.9,-2.8,-4.7,-6.5,-7.2,-6.3,-4.4,656.9,657.7,658.5,658.8,658.4,657.9,656.8,656.5,660.2,658.0,656.2,655.7,656.9,658.7,660.7,658.6,656.4,655.5,656.0,657.8,658.0,658.1,658.4,658.8,659.0,658.8,658.5,658.1,701.9,703.1,704.8,705.9,705.8,704.6,702.9,701.9,702.2,701.5,701.4,702.4,704.9,708.3,711.5,708.0,704.7,702.2,701.2,701.4,703.7,704.2,704.9,705.5,705.5,705.0,704.3,703.8,370.3,31.6,826.7,-0.001,0.094,-0.072
799,0,1656521733.665,0.98,1,-0.087202,0.077087,-0.993204,-0.240933,0.076204,-0.967546,-0.166,0.078,561.3,562.7,566.5,570.4,572.2,571.1,567.1,563.2,555.7,558.4,562.1,566.3,570.4,573.5,575.7,573.5,570.1,566.3,562.3,558.6,565.1,566.9,568.5,569.1,568.3,566.6,564.9,564.3,606.9,607.9,611.2,614.7,616.5,615.5,612.3,608.5,603.4,605.8,608.9,612.7,616.1,618.6,620.2,618.8,616.5,613.5,609.9,606.3,610.2,611.8,613.2,613.6,612.8,611.3,609.8,609.4,231.3,227.3,225.5,227.0,230.8,235.1,236.6,235.2,233.2,231.1,229.7,228.8,229.3,230.8,232.9,234.3,234.9,235.2,235.2,234.6,233.0,233.6,232.9,231.1,229.4,228.8,229.5,231.3,229.3,225.6,223.9,225.2,228.8,232.5,234.2,233.2,231.7,229.4,227.7,226.8,227.3,228.5,230.3,231.8,232.6,232.9,232.9,232.8,230.9,231.5,230.7,229.1,227.5,227.0,227.7,229.3,260.8,262.7,267.1,271.5,273.3,271.9,267.1,262.7,256.0,258.1,261.4,265.7,270.6,274.8,278.1,274.7,270.2,265.7,261.6,258.3,265.4,267.3,269.2,270.0,269.2,267.3,265.4,264.6,331.6,333.4,337.9,342.6,344.7,342.9,338.4,333.4,327.7,330.1,333.7,338.6,343.8,348.3,351.8,348.5,344.1,339.4,334.7,330.6,336.3,338.4,340.4,341.1,340.2,338.2,336.2,335.4,-2.0,-6.4,-8.4,-6.8,-2.5,2.2,3.8,2.2,0.0,-2.2,-3.8,-4.7,-4.2,-2.6,-0.3,1.2,1.9,2.3,2.2,1.5,-0.2,0.5,-0.3,-2.3,-4.1,-4.8,-3.9,-2.0,-4.4,-8.8,-10.8,-9.3,-5.1,-0.8,1.2,0.1,-1.7,-4.3,-6.3,-7.3,-6.8,-5.5,-3.3,-1.6,-0.7,-0.2,-0.3,-0.5,-2.6,-2.0,-2.8,-4.7,-6.6,-7.2,-6.4,-4.5,655.3,656.1,656.9,657.2,656.8,656.2,655.2,654.9,658.6,656.4,654.7,654.2,655.3,657.1,659.1,657.0,654.8,653.9,654.5,656.3,656.4,656.5,656.8,657.2,657.4,657.2,656.9,656.5,700.2,701.4,703.1,704.2,704.1,702.8,701.2,700.2,700.5,699.8,699.7,700.7,703.2,706.5,709.8,706.3,703.0,700.5,699.5,699.7,702.0,702.5,703.2,703.7,703.8,703.3,702.6,702.0,370.7,31.5,827.3,0.000,0.094,-0.074
800,0,1656521733.699,0.98,1,-0.086544,0.076345,-0.993318,-0.241296,0.075512,-0.967509,-0.166,0.077,561.3,562.7,566.4,570.4,572.2,571.1,567.1,563.1,555.7,558.4,562.0,566.2,570.3,573.5,575.7,573.4,570.1,566.3,562.3,558.6,565.1,566.8,568.5,569.0,568.2,566.5,564.9,564.3,606.9,607.9,611.2,614.7,616.6,615.6,612.3,608.5,603.4,605.8,608.9,612.7,616.1,618.6,620.2,618.8,616.5,613.5,609.9,606.3,610.2,611.8,613.2,613.6,612.8,611.3,609.8,609.4,231.4,227.4,225.6,227.0,230.9,235.2,236.7,235.3,233.3,231.2,229.7,228.9,229.4,230.9,233.0,234.4,234.9,235.3,235.2,234.7,233.1,233.7,232.9,231.2,229.5,228.8,229.6,231.4,229.4,225.7,224.0,225.3,228.9,232.6,234.3,233.3,231.8,229.5,227.8,226.9,227.4,228.6,230.5,231.9,232.7,233.0,233.0,232.8,231.0,231.6,230.8,229.2,227.6,227.1,227.8,229.4,260.6,262.4,266.8,271.3,273.1,271.6,266.8,262.4,255.8,257.9,261.2,265.5,270.4,274.6,277.8,274.5,270.0,265.4,261.3,258.0,265.1,267.1,269.0,269.8,269.0,267.1,265.1,264.3,331.4,333.2,337.7,342.5,344.5,342.8,338.2,333.2,327.6,329.9,333.5,338.4,343.6,348.1,351.6,348.3,344.0,339.2,334.6,330.5,336.1,338.2,340.2,341.0,340.0,338.0,336.0,335.2,-1.9,-6.3,-8.3,-6.7,-2.4,2.3,3.9,2.3,0.1,-2.1,-3.7,-4.6,-4.1,-2.5,-0.2,1.3,1.9,2.3,2.3,1.6,-0.1,0.6,-0.2,-2.2,-4.0,-4.7,-3.8,-1.9,-4.3,-8.7,-10.7,-9.1,-5.0,-0.6,1.3,0.2,-1.6,-4.2,-6.2,-7.2,-6.7,-5.4,-3.2,-1.5,-0.6,-0.1,-0.1,-0.4,-2.5,-1.9,-2.7,-4.6,-6.4,-7.1,-6.2,-4.3,654.8,655.7,656.5,656.7,656.3,655.8,654.7,654.4,658.1,655.9,654.2,653.7,654.8,656.7,658.6,656.5,654.4,653.4,654.0,655.8,655.9,656.0,656.4,656.7,656.9,656.8,656.4,656.1,699.8,701.0,702.7,703.8,703.7,702.5,700.8,699.8,700.1,699.4,699.3,700.3,702.8,706.2,709.4,706.0,702.6,700.1,699.1,699.3,701.6,702.1,702.8,703.4,703.4,702.9,702.2,701.7,370.6,31.6,827.5,0.000,0.095,-0.074
801,0,1656521733.732,0.98,1,-0.085532,0.080336,-0.993091,-0.239233,0.078854,-0.967755,-0.164,0.081,561.3,562.7,566.4,570.4,572.2,571.1,567.1,563.1,555.7,558.4,562.1,566.2,570.3,573.4,575.6,573.4,570.1,566.2,562.3,558.6,565.1,566.8,568.4,569.0,568.2,566.5,564.9,564.3,607.0,608.0,611.2,614.8,616.6,615.6,612.3,608.5,603.5,605.8,608.9,612.7,616.1,618.6,620.2,618.8,616.5,613.5,609.9,606.3,610.2,611.8,613.2,613.6,612.9,611.3,609.9,609.4,231.3,227.3,225.5,227.0,230.8,235.1,236.6,235.1,233.1,231.1,229.7,228.9,229.3,230.8,232.9,234.3,234.8,235.2,235.1,234.5,233.0,233.6,232.8,231.1,229.4,228.7,229.5,231.3,229.4,225.7,224.0,225.3,228.9,232.6,234.3,233.3,231.8,229.5,227.8,227.0,227.5,228.6,230.5,231.9,232.6,233.0,233.0,232.8,231.0,231.6,230.8,229.2,227.6,227.1,227.8,229.4,261.7,263.5,267.9,272.4,274.2,272.7,267.9,263.5,256.9,259.0,262.3,266.6,271.5,275.7,278.9,275.6,271.1,266.5,262.4,259.1,266.2,268.2,270.1,270.9,270.1,268.2,266.2,265.4,332.7,334.5,339.1,343.8,345.8,344.1,339.5,334.5,328.8,331.2,334.8,339.7,344.9,349.4,352.9,349.6,345.2,340.5,335.8,331.7,337.4,339.5,341.5,342.2,341.3,339.3,337.3,336.5,-2.1,-6.4,-8.4,-6.8,-2.6,2.2,3.8,2.2,-0.0,-2.2,-3.8,-4.7,-4.2,-2.6,-0.3,1.2,1.8,2.2,2.1,1.5,-0.2,0.5,-0.4,-2.3,-4.1,-4.8,-4.0,-2.1,-4.4,-8.7,-10.7,-9.2,-5.0,-0.6,1.3,0.1,-1.6,-4.3,-6.2,-7.2,-6.7,-5.3,-3.2,-1.5,-0.6,-0.2,-0.2,-0.4,-2.6,-1.9,-2.7,-4.6,-6.5,-7.1,-6.3,-4.4,657.5,658.4,659.2,659.5,659.1,658.5,657.4,657.1,660.8,658.6,656.9,656.4,657.5,659.4,661.3,659.2,657.1,656.1,656.7,658.4,658.6,658.7,659.1,659.5,659.6,659.5,659.1,658.8,702.4,703.6,705.3,706.4,706.3,705.1,703.5,702.4,702.7,702.0,701.9,702.9,705.5,708.8,712.0,708.6,705.2,702.8,701.7,702.0,704.2,704.7,705.5,706.0,706.0,705.5,704.8,704.3,370.0,31.5,826.0,0.002,0.094,-0.073
802,0,1656521733.766,0.98,1,-0.083880,0.081682,-0.993122,-0.237105,0.080908,-0.968109,-0.162,0.083,561.3,562.6,566.4,570.3,572.1,571.0,567.0,563.1,555.7,558.4,562.0,566.2,570.2,573.3,575.5,573.3,570.0,566.2,562.3,558.6,565.0,566.7,568.4,569.0,568.2,566.4,564.8,564.2,606.9,607.9,611.1,614.6,616.4,615.4,612.2,608.4,603.4,605.7,608.8,612.6,616.0,618.5,620.0,618.7,616.4,613.4,609.8,606.2,610.1,611.7,613.1,613.5,612.7,611.2,609.8,609.3,231.3,227.3,225.5,227.0,230.8,235.1,236.6,235.1,233.2,231.1,229.7,228.9,229.4,230.8,232.9,234.2,234.8,235.1,235.1,234.5,233.0,233.6,232.8,231.1,229.4,228.8,229.5,231.3,229.3,225.6,224.0,225.3,228.8,232.5,234.2,233.2,231.7,229.4,227.8,226.9,227.4,228.6,230.4,231.8,232.5,232.9,232.9,232.7,230.9,231.5,230.7,229.1,227.6,227.0,227.7,229.3,263.0,264.8,269.2,273.6,275.5,274.0,269.2,264.8,258.1,260.2,263.5,267.9,272.8,277.0,280.2,276.9,272.4,267.8,263.7,260.4,267.5,269.4,271.4,272.2,271.4,269.4,267.5,266.7,334.2,336.0,340.6,345.3,347.3,345.6,341.0,336.0,330.3,332.7,336.3,341.2,346.4,351.0,354.4,351.1,346.7,342.0,337.3,333.2,338.9,341.0,343.0,343.8,342.8,340.8,338.8,338.0,-2.1,-6.4,-8.4,-6.8,-2.6,2.1,3.8,2.2,-0.0,-2.2,-3.8,-4.7,-4.2,-2.6,-0.3,1.2,1.8,2.2,2.1,1.5,-0.2,0.5,-0.4,-2.3,-4.1,-4.8,-4.0,-2.1,-4.5,-8.8,-10.8,-9.3,-5.1,-0.8,1.2,0.0,-1.7,-4.4,-6.3,-7.3,-6.8,-5.4,-3.3,-1.6,-0.7,-0.3,-0.3,-0.5,-2.7,-2.0,-2.9,-4.8,-6.6,-7.3,-6.4,-4.5,660.8,661.6,662.4,662.7,662.4,661.8,660.7,660.4,664.0,661.9,660.1,659.7,660.8,662.7,664.7,662.5,660.4,659.4,659.9,661.7,661.9,662.0,662.4,662.7,662.9,662.8,662.4,662.0,705.8,707.0,708.7,709.8,709.7,708.5,706.9,705.9,706.1,705.5,705.3,706.3,708.9,712.2,715.5,712.0,708.6,706.2,705.1,705.4,707.7,708.1,708.9,709.4,709.4,709.0,708.2,707.7,369.1,31.4,824.4,0.003,0.090,-0.072
803,0,1656521733.799,0.98,1,-0.087870,0.079348,-0.992967,-0.239939,0.078365,-0.967620,-0.166,0.080,561.3,562.7,566.4,570.3,572.2,571.1,567.1,563.1,555.7,558.4,562.0,566.2,570.3,573.4,575.6,573.4,570.1,566.2,562.3,558.6,565.1,566.8,568.4,569.0,568.2,566.5,564.9,564.3,606.9,607.9,611.1,614.7,616.5,615.5,612.2,608.4,603.4,605.7,608.8,612.6,616.1,618.5,620.1,618.7,616.4,613.4,609.8,606.2,610.1,611.7,613.1,613.6,612.8,611.2,609.8,609.3,231.2,227.2,225.4,226.9,230.7,235.0,236.5,235.1,233.1,231.1,229.6,228.8,229.3,230.7,232.8,234.2,234.7,235.1,235.0,234.5,232.9,233.5,232.8,231.0,229.3,228.7,229.5,231.2,229.3,225.6,224.0,225.3,228.9,232.6,234.2,233.2,231.7,229.4,227.8,226.9,227.4,228.6,230.4,231.8,232.6,232.9,232.9,232.7,230.9,231.5,230.8,229.1,227.6,227.0,227.7,229.4,261.8,263.6,268.0,272.4,274.3,272.8,268.0,263.6,257.0,259.1,262.3,266.7,271.6,275.8,279.0,275.7,271.2,266.6,262.5,259.2,266.3,268.3,270.2,271.0,270.2,268.3,266.3,265.5,332.6,334.4,339.0,343.7,345.7,344.0,339.4,334.4,328.7,331.1,334.7,339.6,344.8,349.4,352.8,349.5,345.1,340.4,335.7,331.6,337.3,339.4,341.4,342.2,341.3,339.2,337.2,336.4,-2.1,-6.5,-8.5,-6.9,-2.6,2.1,3.7,2.1,-0.1,-2.3,-3.9,-4.8,-4.3,-2.7,-0.4,1.1,1.7,2.1,2.0,1.4,-0.3,0.4,-0.4,-2.4,-4.2,-4.9,-4.0,-2.1,-4.4,-8.8,-10.8,-9.2,-5.1,-0.7,1.3,0.1,-1.7,-4.3,-6.3,-7.3,-6.7,-5.4,-3.3,-1.6,-0.7,-0.3,-0.3,-0.5,-2.6,-1.9,-2.8,-4.7,-6.5,-7.2,-6.4,-4.4,657.8,658.7,659.4,659.7,659.3,658.8,657.7,657.4,661.1,658.9,657.2,656.7,657.8,659.6,661.6,659.5,657.4,656.4,657.0,658.8,658.9,659.0,659.4,659.7,659.9,659.8,659.4,659.1,702.5,703.7,705.3,706.4,706.4,705.1,703.5,702.5,702.8,702.1,702.0,703.0,705.5,708.8,712.1,708.6,705.3,702.8,701.7,702.0,704.3,704.8,705.5,706.0,706.1,705.6,704.9,704.3,369.3,31.5,824.6,-0.000,0.095,-0.073
804,0,1656521733.832,0.98,1,-0.089906,0.079583,-0.992766,-0.242204,0.077867,-0.967096,-0.168,0.080,561.2,562.6,566.3,570.3,572.1,571.0,567.0,563.0,555.6,558.3,561.9,566.1,570.2,573.3,575.6,573.3,570.0,566.1,562.2,558.5,565.0,566.7,568.3,568.9,568.1,566.4,564.8,564.2,606.9,607.9,611.2,614.7,616.5,615.5,612.3,608.4,603.4,605.7,608.9,612.7,616.1,618.6,620.2,618.8,616.5,613.5,609.9,606.2,610.2,611.8,613.2,613.6,612.8,611.3,609.8,609.4,231.3,227.3,225.5,227.0,230.8,235.1,236.6,235.2,233.2,231.2,229.7,228.9,229.3,230.8,232.9,234.3,234.8,235.2,235.1,234.6,233.0,233.6,232.8,231.1,229.4,228.8,229.6,231.3,229.3,225.6,223.9,225.3,228.8,232.5,234.2,233.2,231.7,229.4,227.7,226.9,227.4,228.5,230.4,231.8,232.6,232.9,232.9,232.7,230.9,231.5,230.7,229.1,227.6,227.0,227.7,229.4,261.5,263.3,267.7,272.1,274.0,272.5,267.7,263.3,256.7,258.8,262.0,266.4,271.3,275.5,278.7,275.4,270.8,266.3,262.2,258.9,266.0,268.0,269.9,270.7,269.9,268.0,266.0,265.2,331.9,333.7,338.2,342.9,345.0,343.2,338.6,333.7,328.0,330.4,334.0,338.9,344.1,348.6,352.1,348.8,344.4,339.7,335.0,330.9,336.6,338.6,340.6,341.4,340.5,338.5,336.5,335.7,-2.0,-6.4,-8.4,-6.8,-2.6,2.2,3.8,2.2,0.0,-2.2,-3.8,-4.7,-4.2,-2.6,-0.3,1.2,1.8,2.2,2.2,1.5,-0.2,0.5,-0.3,-2.3,-4.1,-4.8,-3.9,-2.0,-4.4,-8.8,-10.8,-9.2,-5.1,-0.7,1.2,0.1,-1.7,-4.3,-6.3,-7.3,-6.8,-5.4,-3.3,-1.6,-0.7,-0.3,-0.3,-0.5,-2.6,-2.0,-2.8,-4.7,-6.5,-7.2,-6.3,-4.4,657.4,658.2,658.9,659.2,658.8,658.2,657.2,657.0,660.7,658.5,656.7,656.2,657.3,659.1,661.0,658.9,656.8,655.9,656.5,658.3,658.4,658.5,658.8,659.2,659.4,659.3,658.9,658.6,700.8,702.0,703.7,704.8,704.7,703.4,701.8,700.8,701.1,700.4,700.3,701.3,703.8,707.1,710.4,706.9,703.6,701.1,700.1,700.3,702.6,703.1,703.8,704.4,704.4,703.9,703.2,702.7,370.2,31.6,826.5,0.002,0.095,-0.074
805,0,1656521733.865,0.98,1,-0.088893,0.076472,-0.993101,-0.241638,0.074289,-0.967519,-0.167,0.077,561.4,562.7,566.5,570.4,572.2,571.1,567.1,563.2,555.8,558.5,562.1,566.3,570.3,573.5,575.7,573.4,570.1,566.3,562.3,558.6,565.1,566.8,568.5,569.1,568.3,566.6,564.9,564.3,607.0,608.0,611.2,614.8,616.6,615.6,612.3,608.5,603.5,605.8,609.0,612.8,616.2,618.6,620.2,618.9,616.6,613.5,609.9,606.3,610.2,611.8,613.2,613.7,612.9,611.3,609.9,609.5,231.2,227.2,225.5,226.9,230.8,235.1,236.6,235.1,233.1,231.1,229.6,228.8,229.3,230.8,232.9,234.2,234.8,235.1,235.0,234.5,232.9,233.6,232.8,231.1,229.4,228.7,229.5,231.2,229.4,225.7,224.0,225.4,228.9,232.6,234.3,233.3,231.8,229.5,227.8,227.0,227.5,228.6,230.5,231.9,232.6,233.0,233.0,232.8,231.0,231.6,230.8,229.2,227.7,227.1,227.8,229.4,261.8,263.7,268.1,272.5,274.3,272.8,268.0,263.6,257.0,259.1,262.4,266.7,271.6,275.8,279.0,275.7,271.2,266.6,262.5,259.2,266.4,268.3,270.2,271.0,270.2,268.3,266.4,265.6,332.4,334.2,338.8,343.5,345.5,343.7,339.1,334.2,328.5,330.9,334.5,339.4,344.6,349.1,352.6,349.3,344.9,340.2,335.5,331.4,337.1,339.1,341.2,341.9,341.0,339.0,337.0,336.2,-2.1,-6.5,-8.4,-6.8,-2.6,2.1,3.7,2.1,-0.1,-2.3,-3.9,-4.7,-4.2,-2.6,-0.3,1.2,1.8,2.1,2.1,1.4,-0.2,0.5,-0.4,-2.3,-4.2,-4.9,-4.0,-2.1,-4.4,-8.7,-10.7,-9.1,-5.0,-0.6,1.3,0.2,-1.6,-4.2,-6.2,-7.2,-6.7,-5.3,-3.1,-1.5,-0.6,-0.2,-0.2,-0.4,-2.5,-1.9,-2.7,-4.6,-6.4,-7.1,-6.3,-4.4,657.7,658.6,659.4,659.6,659.2,658.6,657.6,657.3,661.0,658.9,657.1,656.6,657.7,659.5,661.4,659.3,657.2,656.3,656.9,658.7,658.8,658.9,659.2,659.6,659.8,659.7,659.3,659.0,701.7,703.0,704.6,705.7,705.6,704.4,702.7,701.7,702.0,701.4,701.2,702.2,704.8,708.1,711.3,707.9,704.5,702.0,701.0,701.2,703.5,704.0,704.7,705.3,705.3,704.9,704.1,703.6,370.2,31.6,826.3,-0.002,0.097,-0.073
806,0,1656521733.899,0.98,1,-0.085869,0.075454,-0.993445,-0.240619,0.074388,-0.967765,-0.165,0.076,561.3,562.7,566.5,570.5,572.3,571.2,567.2,563.2,555.7,558.4,562.1,566.3,570.4,573.6,575.8,573.6,570.2,566.3,562.3,558.6,565.2,566.9,568.6,569.2,568.4,566.6,565.0,564.4,607.1,608.1,611.4,615.0,616.8,615.8,612.5,608.7,603.6,605.9,609.1,612.9,616.4,618.9,620.4,619.1,616.8,613.7,610.1,606.4,610.4,612.0,613.4,613.9,613.0,611.5,610.0,609.6,231.4,227.4,225.5,227.0,230.9,235.3,236.8,235.3,233.3,231.2,229.8,228.9,229.4,230.9,233.0,234.4,235.0,235.3,235.3,234.7,233.1,233.8,233.0,231.2,229.5,228.8,229.6,231.4,229.5,225.8,224.0,225.4,229.0,232.7,234.4,233.4,231.9,229.6,227.9,227.0,227.5,228.7,230.5,232.0,232.7,233.1,233.1,232.9,231.1,231.7,230.9,229.3,227.7,227.1,227.9,229.5,258.9,260.8,265.2,269.6,271.4,270.0,265.2,260.8,254.1,256.2,259.5,263.9,268.7,272.9,276.2,272.8,268.3,263.7,259.7,256.4,263.5,265.4,267.3,268.1,267.3,265.4,263.5,262.7,329.2,331.0,335.5,340.3,342.3,340.6,336.0,331.0,325.3,327.7,331.3,336.2,341.4,345.9,349.4,346.1,341.8,337.0,332.3,328.2,333.9,336.0,338.0,338.7,337.8,335.8,333.8,333.0,-1.9,-6.3,-8.2,-6.6,-2.4,2.3,3.9,2.3,0.1,-2.1,-3.7,-4.6,-4.0,-2.4,-0.1,1.4,2.0,2.3,2.3,1.6,-0.0,0.7,-0.2,-2.1,-4.0,-4.7,-3.8,-1.9,-4.2,-8.6,-10.6,-9.0,-4.9,-0.5,1.5,0.3,-1.5,-4.1,-6.1,-7.1,-6.6,-5.2,-3.1,-1.4,-0.5,-0.1,-0.1,-0.3,-2.4,-1.7,-2.6,-4.5,-6.3,-7.0,-6.1,-4.2,650.5,651.3,652.1,652.4,652.0,651.4,650.4,650.1,653.8,651.6,649.9,649.4,650.5,652.3,654.3,652.2,650.0,649.1,649.6,651.4,651.6,651.7,652.0,652.4,652.6,652.5,652.1,651.7,694.7,695.9,697.6,698.7,698.6,697.4,695.7,694.7,695.0,694.3,694.2,695.2,697.7,701.1,704.3,700.9,697.5,695.0,693.9,694.2,696.5,697.0,697.7,698.3,698.3,697.8,697.1,696.5,369.4,31.6,824.3,-0.002,0.094,-0.071
807,0,1656521733.932,0.98,1,-0.087193,0.078321,-0.993108,-0.240469,0.076586,-0.967631,-0.166,0.079,561.6,562.9,566.7,570.6,572.4,571.3,567.3,563.4,556.0,558.7,562.3,566.5,570.5,573.7,575.9,573.6,570.3,566.5,562.5,558.9,565.3,567.0,568.7,569.3,568.5,566.8,565.1,564.5,607.2,608.2,611.5,615.0,616.8,615.8,612.5,608.7,603.7,606.0,609.2,613.0,616.4,618.9,620.4,619.0,616.7,613.7,610.1,606.5,610.4,612.0,613.4,613.9,613.1,611.5,610.1,609.7,231.2,227.2,225.4,226.9,230.7,235.0,236.5,235.1,233.1,231.0,229.6,228.8,229.3,230.7,232.8,234.2,234.7,235.1,235.0,234.4,232.9,233.5,232.7,231.0,229.3,228.7,229.4,231.2,229.4,225.7,224.0,225.3,228.9,232.6,234.3,233.3,231.7,229.5,227.8,227.0,227.5,228.6,230.5,231.9,232.6,233.0,232.9,232.7,231.0,231.5,230.8,229.2,227.6,227.0,227.8,229.4,262.0,263.8,268.2,272.6,274.5,273.0,268.2,263.8,257.1,259.3,262.5,266.9,271.8,276.0,279.2,275.9,271.3,266.8,262.7,259.4,266.5,268.4,270.4,271.2,270.4,268.4,266.5,265.7,333.1,334.9,339.5,344.2,346.2,344.4,339.8,334.8,329.2,331.6,335.2,340.1,345.3,349.8,353.3,349.9,345.6,340.8,336.2,332.1,337.8,339.8,341.8,342.6,341.7,339.7,337.7,336.9,-2.2,-6.5,-8.5,-6.9,-2.7,2.0,3.7,2.1,-0.1,-2.3,-3.9,-4.8,-4.3,-2.7,-0.4,1.1,1.7,2.1,2.0,1.4,-0.3,0.4,-0.5,-2.4,-4.2,-4.9,-4.1,-2.1,-4.4,-8.7,-10.7,-9.2,-5.0,-0.6,1.3,0.1,-1.7,-4.3,-6.3,-7.2,-6.7,-5.3,-3.2,-1.5,-0.6,-0.2,-0.2,-0.5,-2.6,-1.9,-2.8,-4.7,-6.5,-7.2,-6.3,-4.4,657.6,658.4,659.2,659.5,659.1,658.5,657.4,657.2,660.8,658.7,656.9,656.4,657.5,659.4,661.3,659.2,657.1,656.1,656.7,658.5,658.6,658.7,659.1,659.5,659.6,659.5,659.2,658.8,702.6,703.9,705.5,706.6,706.5,705.3,703.6,702.6,702.9,702.3,702.1,703.1,705.6,709.0,712.2,708.7,705.4,703.0,701.9,702.2,704.4,704.9,705.6,706.2,706.2,705.8,705.0,704.5,370.0,31.6,825.3,-0.002,0.095,-0.073
808,0,1656521733.965,0.98,1,-0.090278,0.076770,-0.992953,-0.240798,0.075104,-0.967665,-0.167,0.077,561.5,562.9,566.6,570.6,572.4,571.3,567.3,563.3,555.9,558.6,562.2,566.4,570.5,573.7,575.9,573.6,570.3,566.5,562.5,558.8,565.3,567.0,568.7,569.3,568.5,566.7,565.1,564.5,607.1,608.1,611.3,614.9,616.7,615.7,612.5,608.6,603.6,605.9,609.1,612.9,616.3,618.8,620.4,619.0,616.7,613.7,610.1,606.4,610.4,611.9,613.4,613.8,613.0,611.4,610.0,609.6,231.3,227.3,225.5,227.0,230.8,235.1,236.6,235.2,233.2,231.2,229.7,228.9,229.3,230.8,232.9,234.3,234.8,235.2,235.1,234.6,233.0,233.6,232.9,231.1,229.4,228.8,229.6,231.3,229.3,225.6,223.9,225.2,228.8,232.5,234.2,233.2,231.7,229.4,227.7,226.9,227.4,228.5,230.4,231.8,232.6,232.9,232.9,232.7,230.9,231.5,230.7,229.1,227.6,227.0,227.7,229.4,261.3,263.2,267.6,272.0,273.8,272.4,267.6,263.2,256.6,258.7,261.9,266.2,271.1,275.3,278.6,275.2,270.7,266.1,262.1,258.8,265.9,267.8,269.7,270.5,269.7,267.8,265.9,265.1,331.4,333.2,337.7,342.4,344.5,342.8,338.2,333.2,327.5,329.9,333.5,338.4,343.6,348.1,351.6,348.3,343.9,339.2,334.5,330.4,336.1,338.2,340.2,340.9,340.0,338.0,336.0,335.2,-2.0,-6.4,-8.4,-6.8,-2.5,2.2,3.8,2.2,0.0,-2.2,-3.8,-4.6,-4.2,-2.6,-0.3,1.2,1.8,2.2,2.2,1.5,-0.2,0.5,-0.3,-2.2,-4.1,-4.8,-3.9,-2.0,-4.4,-8.8,-10.8,-9.2,-5.1,-0.7,1.3,0.1,-1.7,-4.3,-6.3,-7.3,-6.7,-5.4,-3.3,-1.6,-0.7,-0.3,-0.3,-0.5,-2.6,-1.9,-2.8,-4.7,-6.5,-7.2,-6.3,-4.4,656.1,656.9,657.7,657.9,657.5,657.0,656.0,655.7,659.5,657.3,655.5,654.9,656.0,657.8,659.8,657.7,655.6,654.7,655.3,657.1,657.2,657.3,657.6,657.9,658.1,658.0,657.7,657.3,699.3,700.6,702.2,703.4,703.3,702.0,700.3,699.3,699.6,699.0,698.8,699.9,702.4,705.7,709.0,705.5,702.1,699.7,698.6,698.8,701.2,701.6,702.4,702.9,703.0,702.5,701.7,701.2,369.9,31.6,824.8,-0.004,0.098,-0.077
809,0,1656521733.999,0.98,1,-0.085608,0.077274,-0.993328,-0.240530,0.076293,-0.967639,-0.165,0.078,561.6,563.0,566.7,570.7,572.5,571.4,567.4,563.4,556.0,558.7,562.3,566.5,570.6,573.8,576.0,573.7,570.4,566.5,562.6,558.9,565.4,567.1,568.7,569.3,568.5,566.8,565.2,564.6,607.2,608.2,611.5,615.0,616.9,615.8,612.6,608.7,603.7,606.1,609.2,613.0,616.4,618.9,620.5,619.1,616.8,613.8,610.2,606.6,610.5,612.1,613.5,613.9,613.1,611.6,610.1,609.7,231.3,227.3,225.5,227.0,230.9,235.2,236.7,235.2,233.2,231.2,229.7,228.9,229.4,230.8,233.0,234.3,234.9,235.3,235.2,234.6,233.0,233.7,232.9,231.1,229.4,228.8,229.6,231.3,229.4,225.7,224.0,225.3,228.9,232.6,234.3,233.3,231.8,229.5,227.8,227.0,227.4,228.6,230.5,231.9,232.7,233.0,233.0,232.8,231.0,231.6,230.8,229.2,227.6,227.1,227.8,229.4,261.1,262.9,267.3,271.7,273.5,272.1,267.3,262.9,256.2,258.3,261.6,266.0,270.8,275.0,278.3,274.9,270.4,265.9,261.8,258.5,265.6,267.5,269.5,270.3,269.5,267.5,265.6,264.8,332.2,334.0,338.6,343.3,345.3,343.6,339.0,334.0,328.4,330.7,334.3,339.2,344.4,349.0,352.4,349.1,344.8,340.0,335.4,331.3,336.9,339.0,341.0,341.8,340.8,338.8,336.8,336.0,-2.0,-6.4,-8.3,-6.7,-2.5,2.2,3.8,2.2,0.1,-2.2,-3.7,-4.6,-4.1,-2.5,-0.2,1.3,1.9,2.3,2.2,1.6,-0.1,0.6,-0.3,-2.2,-4.1,-4.8,-3.9,-2.0,-4.3,-8.7,-10.7,-9.1,-5.0,-0.6,1.3,0.2,-1.6,-4.2,-6.2,-7.2,-6.7,-5.3,-3.2,-1.5,-0.6,-0.1,-0.2,-0.4,-2.5,-1.9,-2.7,-4.6,-6.4,-7.1,-6.2,-4.3,655.1,656.0,656.7,657.0,656.7,656.1,655.1,654.8,658.4,656.3,654.5,654.0,655.1,657.0,658.9,656.8,654.7,653.8,654.3,656.1,656.2,656.3,656.7,657.0,657.2,657.1,656.7,656.4,700.7,702.0,703.6,704.7,704.6,703.4,701.8,700.8,701.1,700.4,700.2,701.2,703.8,707.1,710.3,706.9,703.5,701.1,700.0,700.3,702.6,703.0,703.8,704.3,704.3,703.9,703.1,702.6,370.7,31.6,826.6,-0.003,0.093,-0.073
810,0,1656521734.032,0.98,1,-0.085595,0.075787,-0.993443,-0.240596,0.074692,-0.967747,-0.165,0.077,561.7,563.1,566.9,570.8,572.6,571.5,567.5,563.6,556.2,558.8,562.5,566.7,570.7,573.9,576.1,573.8,570.5,566.7,562.7,559.0,565.5,567.2,568.9,569.5,568.7,566.9,565.3,564.7,607.2,608.2,611.5,615.0,616.8,615.8,612.6,608.8,603.8,606.1,609.2,613.0,616.4,618.9,620.4,619.1,616.8,613.8,610.2,606.6,610.5,612.1,613.5,613.9,613.1,611.6,610.1,609.7,231.2,227.2,225.4,226.9,230.8,235.1,236.5,235.1,233.1,231.0,229.6,228.8,229.2,230.7,232.9,234.2,234.8,235.1,235.0,234.5,232.9,233.6,232.8,231.0,229.3,228.7,229.5,231.2,229.3,225.6,224.0,225.3,228.8,232.5,234.2,233.2,231.7,229.4,227.7,226.9,227.3,228.5,230.4,231.8,232.6,232.9,232.9,232.7,230.9,231.5,230.7,229.1,227.6,227.0,227.7,229.3,262.2,264.0,268.4,272.8,274.7,273.2,268.4,264.0,257.3,259.5,262.7,267.1,272.0,276.2,279.4,276.0,271.5,267.0,262.9,259.6,266.7,268.6,270.6,271.4,270.6,268.6,266.7,265.9,333.5,335.2,339.8,344.5,346.6,344.8,340.2,335.3,329.6,332.0,335.5,340.4,345.7,350.2,353.6,350.3,346.0,341.3,336.6,332.5,338.2,340.2,342.2,343.0,342.1,340.0,338.0,337.3,-2.1,-6.5,-8.5,-6.9,-2.6,2.1,3.7,2.1,-0.1,-2.3,-3.9,-4.8,-4.3,-2.7,-0.3,1.2,1.7,2.1,2.1,1.4,-0.3,0.4,-0.4,-2.3,-4.2,-4.9,-4.0,-2.1,-4.5,-8.8,-10.8,-9.3,-5.1,-0.8,1.2,0.0,-1.7,-4.4,-6.4,-7.3,-6.8,-5.5,-3.3,-1.6,-0.7,-0.3,-0.3,-0.5,-2.7,-2.0,-2.8,-4.7,-6.6,-7.2,-6.4,-4.5,657.6,658.4,659.2,659.5,659.1,658.5,657.4,657.2,660.8,658.7,656.9,656.4,657.6,659.4,661.3,659.2,657.1,656.1,656.7,658.5,658.6,658.7,659.1,659.5,659.6,659.5,659.2,658.8,703.3,704.6,706.2,707.3,707.2,706.0,704.3,703.3,703.6,703.0,702.8,703.8,706.4,709.7,712.9,709.4,706.1,703.6,702.6,702.9,705.1,705.6,706.3,706.9,706.9,706.5,705.7,705.2,371.5,31.7,828.4,-0.001,0.092,-0.073
811,0,1656521734.066,0.98,1,-0.085566,0.078162,-0.993262,-0.237526,0.076414,-0.968371,-0.163,0.079,561.7,563.1,566.9,570.8,572.6,571.5,567.5,563.6,556.1,558.9,562.5,566.7,570.7,573.9,576.1,573.8,570.5,566.7,562.7,559.0,565.5,567.2,568.9,569.5,568.7,567.0,565.3,564.7,607.4,608.4,611.6,615.2,617.0,616.0,612.7,608.9,603.9,606.2,609.3,613.1,616.6,619.0,620.6,619.2,616.9,613.9,610.3,606.7,610.6,612.2,613.6,614.0,613.2,611.7,610.3,609.8,231.2,227.2,225.4,226.9,230.8,235.1,236.6,235.1,233.1,231.1,229.6,228.8,229.3,230.7,232.9,234.2,234.8,235.1,235.0,234.5,232.9,233.6,232.8,231.0,229.3,228.7,229.5,231.2,229.4,225.7,224.0,225.4,228.9,232.6,234.3,233.3,231.8,229.5,227.8,227.0,227.5,228.7,230.5,231.9,232.7,233.0,233.0,232.8,231.0,231.6,230.9,229.2,227.7,227.1,227.8,229.4,262.1,263.9,268.3,272.8,274.6,273.1,268.3,263.9,257.3,259.4,262.6,267.0,271.9,276.1,279.3,275.9,271.4,266.9,262.8,259.5,266.6,268.6,270.5,271.3,270.5,268.6,266.6,265.8,332.7,334.5,339.1,343.8,345.8,344.0,339.5,334.5,328.8,331.2,334.8,339.7,344.9,349.4,352.9,349.6,345.2,340.5,335.8,331.7,337.4,339.5,341.5,342.2,341.3,339.3,337.3,336.5,-2.1,-6.5,-8.4,-6.8,-2.6,2.1,3.7,2.1,-0.1,-2.3,-3.9,-4.8,-4.2,-2.6,-0.3,1.2,1.8,2.1,2.1,1.4,-0.3,0.4,-0.4,-2.3,-4.2,-4.9,-4.0,-2.1,-4.3,-8.7,-10.7,-9.1,-4.9,-0.6,1.4,0.2,-1.6,-4.2,-6.2,-7.2,-6.6,-5.3,-3.1,-1.5,-0.6,-0.2,-0.2,-0.4,-2.5,-1.8,-2.7,-4.6,-6.4,-7.1,-6.2,-4.3,657.3,658.2,659.0,659.2,658.8,658.3,657.2,656.9,660.6,658.4,656.7,656.2,657.3,659.1,661.1,659.0,656.9,655.9,656.5,658.3,658.4,658.5,658.9,659.2,659.4,659.3,658.9,658.6,701.4,702.7,704.3,705.5,705.4,704.1,702.4,701.4,701.7,701.0,700.9,702.0,704.5,707.8,711.1,707.6,704.2,701.8,700.7,700.9,703.3,703.7,704.5,705.0,705.1,704.6,703.8,703.3,370.3,31.6,825.6,-0.001,0.090,-0.071
812,0,1656521734.099,0.98,1,-0.087316,0.077731,-0.993143,-0.240308,0.076816,-0.967653,-0.166,0.079,561.7,563.1,566.8,570.8,572.6,571.5,567.5,563.5,556.1,558.8,562.5,566.7,570.7,573.9,576.1,573.8,570.5,566.7,562.7,559.0,565.5,567.2,568.9,569.5,568.7,566.9,565.3,564.7,607.3,608.4,611.6,615.2,617.0,615.9,612.7,608.9,603.9,606.2,609.3,613.1,616.5,619.0,620.6,619.2,616.9,613.9,610.3,606.7,610.6,612.2,613.6,614.0,613.2,611.7,610.3,609.8,231.3,227.3,225.5,227.0,230.8,235.1,236.6,235.2,233.2,231.1,229.7,228.9,229.3,230.8,232.9,234.3,234.8,235.2,235.1,234.5,233.0,233.6,232.8,231.1,229.4,228.8,229.5,231.3,229.4,225.7,224.0,225.4,228.9,232.6,234.3,233.3,231.8,229.5,227.8,227.0,227.5,228.6,230.5,231.9,232.7,233.0,233.0,232.8,231.0,231.6,230.8,229.2,227.7,227.1,227.8,229.4,262.0,263.8,268.2,272.6,274.4,273.0,268.2,263.8,257.2,259.3,262.5,266.9,271.7,275.9,279.2,275.8,271.3,266.8,262.7,259.4,266.5,268.4,270.4,271.2,270.4,268.4,266.5,265.7,333.2,335.0,339.6,344.3,346.4,344.6,340.0,335.0,329.4,331.7,335.3,340.2,345.4,350.0,353.4,350.1,345.8,341.0,336.4,332.3,337.9,340.0,342.0,342.8,341.9,339.8,337.8,337.0,-2.0,-6.4,-8.4,-6.8,-2.5,2.2,3.8,2.2,0.0,-2.2,-3.8,-4.7,-4.2,-2.6,-0.3,1.2,1.8,2.2,2.1,1.5,-0.2,0.5,-0.3,-2.3,-4.1,-4.8,-3.9,-2.0,-4.4,-8.7,-10.7,-9.1,-5.0,-0.6,1.3,0.2,-1.6,-4.2,-6.2,-7.2,-6.7,-5.3,-3.2,-1.5,-0.6,-0.2,-0.2,-0.4,-2.5,-1.9,-2.7,-4.6,-6.5,-7.1,-6.3,-4.4,657.1,657.9,658.7,658.9,658.6,658.0,657.0,656.7,660.4,658.2,656.4,655.9,657.0,658.9,660.8,658.7,656.6,655.7,656.2,658.0,658.1,658.3,658.6,659.0,659.1,659.0,658.7,658.3,702.6,703.8,705.4,706.6,706.5,705.2,703.6,702.6,702.9,702.2,702.1,703.1,705.6,708.9,712.2,708.7,705.3,702.9,701.8,702.1,704.4,704.9,705.6,706.1,706.2,705.7,705.0,704.4,371.0,31.6,826.9,-0.001,0.092,-0.072
813,0,1656521734.132,0.98,1,-0.086360,0.077076,-0.993278,-0.238472,0.076110,-0.968162,-0.164,0.078,561.7,563.0,566.8,570.7,572.6,571.4,567.4,563.5,556.1,558.8,562.4,566.6,570.7,573.8,576.0,573.8,570.5,566.6,562.7,559.0,565.5,567.2,568.8,569.4,568.6,566.9,565.3,564.7,607.3,608.3,611.5,615.1,616.9,615.9,612.6,608.8,603.8,606.1,609.3,613.1,616.5,618.9,620.5,619.1,616.8,613.8,610.2,606.6,610.5,612.1,613.5,613.9,613.2,611.6,610.2,609.7,231.2,227.2,225.4,226.9,230.7,235.0,236.5,235.0,233.1,231.0,229.6,228.8,229.2,230.7,232.8,234.2,234.7,235.1,235.0,234.4,232.9,233.5,232.7,231.0,229.3,228.7,229.4,231.2,229.3,225.6,223.9,225.3,228.8,232.5,234.2,233.2,231.7,229.4,227.7,226.9,227.4,228.5,230.4,231.8,232.5,232.9,232.9,232.7,230.9,231.5,230.7,229.1,227.6,227.0,227.7,229.3,262.1,263.9,268.4,272.8,274.6,273.1,268.3,263.9,257.3,259.4,262.7,267.0,271.9,276.1,279.3,276.0,271.5,266.9,262.8,259.5,266.6,268.6,270.5,271.3,270.5,268.6,266.6,265.8,332.9,334.7,339.3,344.0,346.1,344.3,339.7,334.7,329.0,331.4,335.0,339.9,345.1,349.7,353.1,349.8,345.5,340.7,336.0,331.9,337.6,339.7,341.7,342.5,341.6,339.5,337.5,336.7,-2.2,-6.5,-8.5,-6.9,-2.7,2.0,3.7,2.1,-0.1,-2.3,-3.9,-4.8,-4.3,-2.7,-0.4,1.1,1.7,2.1,2.0,1.4,-0.3,0.4,-0.5,-2.4,-4.2,-4.9,-4.1,-2.2,-4.5,-8.8,-10.8,-9.3,-5.1,-0.7,1.2,0.0,-1.7,-4.4,-6.3,-7.3,-6.8,-5.4,-3.3,-1.6,-0.7,-0.3,-0.3,-0.5,-2.7,-2.0,-2.8,-4.7,-6.6,-7.2,-6.4,-4.5,657.6,658.4,659.2,659.5,659.1,658.5,657.4,657.2,660.8,658.7,656.9,656.4,657.5,659.4,661.3,659.2,657.1,656.1,656.7,658.5,658.6,658.7,659.1,659.5,659.6,659.5,659.2,658.8,702.1,703.3,705.0,706.1,706.0,704.8,703.1,702.1,702.4,701.7,701.6,702.6,705.2,708.5,711.7,708.3,704.9,702.4,701.4,701.6,703.9,704.4,705.1,705.7,705.7,705.2,704.5,704.0,370.1,31.5,825.1,-0.002,0.092,-0.072
814,0,1656521734.166,0.98,1,-0.086675,0.076536,-0.993292,-0.238220,0.075410,-0.968279,-0.164,0.077,561.8,563.2,566.9,570.9,572.7,571.6,567.6,563.6,556.2,558.9,562.5,566.7,570.8,574.0,576.2,573.9,570.6,566.7,562.8,559.1,565.6,567.3,568.9,569.5,568.7,567.0,565.4,564.8,607.4,608.4,611.6,615.2,617.0,616.0,612.8,608.9,603.9,606.2,609.4,613.2,616.6,619.1,620.6,619.3,617.0,614.0,610.4,606.7,610.7,612.2,613.6,614.1,613.3,611.7,610.3,609.9,231.1,227.1,225.3,226.8,230.7,235.0,236.5,235.0,233.0,231.0,229.5,228.7,229.2,230.7,232.8,234.2,234.7,235.1,235.0,234.4,232.9,233.5,232.7,231.0,229.3,228.6,229.4,231.2,229.4,225.6,224.0,225.3,228.9,232.6,234.3,233.3,231.7,229.5,227.7,226.9,227.4,228.6,230.5,231.9,232.6,233.0,233.0,232.8,231.0,231.5,230.8,229.2,227.6,227.0,227.8,229.4,261.0,262.8,267.2,271.6,273.4,272.0,267.2,262.8,256.2,258.3,261.5,265.9,270.8,275.0,278.2,274.8,270.3,265.8,261.7,258.4,265.5,267.4,269.4,270.2,269.4,267.4,265.5,264.7,330.8,332.6,337.2,341.9,344.0,342.2,337.6,332.6,326.9,329.3,332.9,337.8,343.0,347.6,351.0,347.7,343.4,338.6,333.9,329.8,335.5,337.6,339.6,340.4,339.5,337.4,335.4,334.6,-2.2,-6.6,-8.5,-6.9,-2.7,2.0,3.6,2.0,-0.1,-2.4,-4.0,-4.8,-4.3,-2.7,-0.4,1.1,1.7,2.1,2.0,1.4,-0.3,0.4,-0.5,-2.4,-4.2,-4.9,-4.1,-2.2,-4.4,-8.7,-10.7,-9.2,-5.0,-0.6,1.3,0.1,-1.6,-4.3,-6.3,-7.2,-6.7,-5.3,-3.2,-1.5,-0.6,-0.2,-0.2,-0.4,-2.6,-1.9,-2.7,-4.6,-6.5,-7.1,-6.3,-4.4,654.4,655.3,656.1,656.3,655.9,655.4,654.3,654.0,657.7,655.5,653.8,653.3,654.4,656.2,658.2,656.1,654.0,653.0,653.6,655.4,655.5,655.6,656.0,656.3,656.5,656.4,656.0,655.7,697.4,698.7,700.3,701.5,701.4,700.1,698.4,697.4,697.7,697.0,696.9,698.0,700.5,703.9,707.1,703.6,700.2,697.8,696.7,696.9,699.3,699.7,700.5,701.0,701.1,700.6,699.8,699.3,370.1,31.4,824.9,-0.001,0.091,-0.070
815,0,1656521734.199,0.98,1,-0.087985,0.077554,-0.993098,-0.239954,0.076311,-0.967780,-0.166,0.078,561.7,563.1,566.8,570.8,572.6,571.5,567.4,563.5,556.1,558.8,562.4,566.6,570.7,573.9,576.1,573.8,570.5,566.6,562.7,559.0,565.5,567.2,568.8,569.4,568.6,566.9,565.3,564.7,607.3,608.3,611.5,615.1,616.9,615.9,612.6,608.8,603.8,606.1,609.2,613.1,616.5,619.0,620.5,619.2,616.9,613.8,610.2,606.6,610.5,612.1,613.5,614.0,613.2,611.6,610.2,609.7,231.2,227.2,225.4,226.8,230.7,235.0,236.5,235.0,233.0,231.0,229.5,228.7,229.2,230.7,232.8,234.2,234.8,235.1,235.0,234.4,232.9,233.5,232.7,231.0,229.3,228.6,229.4,231.2,229.4,225.6,224.0,225.3,228.9,232.6,234.3,233.3,231.7,229.5,227.7,226.9,227.4,228.6,230.4,231.9,232.6,233.0,233.0,232.8,230.9,231.5,230.8,229.2,227.6,227.0,227.8,229.4,260.9,262.7,267.1,271.5,273.4,271.9,267.1,262.7,256.1,258.2,261.5,265.8,270.7,274.9,278.1,274.8,270.3,265.7,261.6,258.3,265.4,267.4,269.3,270.1,269.3,267.4,265.4,264.6,331.2,333.0,337.6,342.3,344.3,342.5,338.0,333.0,327.3,329.7,333.3,338.2,343.4,347.9,351.4,348.1,343.7,339.0,334.3,330.2,335.9,338.0,340.0,340.7,339.8,337.8,335.8,335.0,-2.2,-6.5,-8.5,-6.9,-2.7,2.0,3.7,2.1,-0.1,-2.4,-3.9,-4.8,-4.3,-2.7,-0.4,1.1,1.7,2.1,2.0,1.4,-0.3,0.4,-0.5,-2.4,-4.2,-4.9,-4.1,-2.2,-4.4,-8.7,-10.7,-9.2,-5.0,-0.7,1.3,0.1,-1.6,-4.3,-6.3,-7.3,-6.7,-5.4,-3.2,-1.5,-0.6,-0.2,-0.2,-0.4,-2.6,-1.9,-2.8,-4.7,-6.5,-7.2,-6.3,-4.4,654.5,655.4,656.1,656.4,656.0,655.4,654.4,654.1,657.8,655.7,653.9,653.4,654.5,656.3,658.3,656.2,654.1,653.1,653.7,655.5,655.6,655.7,656.0,656.4,656.6,656.5,656.1,655.8,698.5,699.7,701.4,702.5,702.4,701.2,699.5,698.5,698.8,698.1,698.0,699.0,701.6,704.9,708.1,704.7,701.3,698.9,697.8,698.0,700.3,700.8,701.5,702.1,702.1,701.6,700.9,700.4,370.0,31.4,825.1,0.001,0.093,-0.071
816,0,1656521734.232,0.98,1,-0.086505,0.078154,-0.993181,-0.239911,0.076006,-0.967815,-0.165,0.078,561.7,563.1,566.8,570.8,572.6,571.4,567.4,563.5,556.1,558.8,562.4,566.6,570.7,573.8,576.0,573.8,570.4,566.6,562.6,558.9,565.4,567.2,568.8,569.4,568.6,566.9,565.3,564.6,607.3,608.4,611.6,615.2,617.0,616.0,612.7,608.9,603.9,606.2,609.3,613.2,616.6,619.0,620.6,619.2,616.9,613.9,610.3,606.7,610.6,612.2,613.6,614.1,613.3,611.7,610.3,609.8,231.0,227.0,225.3,226.8,230.6,234.9,236.4,234.9,232.9,230.9,229.4,228.6,229.1,230.6,232.7,234.1,234.6,235.0,234.9,234.3,232.8,233.4,232.6,230.9,229.2,228.5,229.3,231.1,229.3,225.6,224.0,225.3,228.9,232.6,234.3,233.2,231.7,229.4,227.8,226.9,227.4,228.6,230.5,231.9,232.6,232.9,232.9,232.7,230.9,231.5,230.8,229.2,227.6,227.0,227.7,229.4,261.5,263.3,267.8,272.2,274.0,272.5,267.7,263.3,256.7,258.8,262.1,266.4,271.3,275.5,278.7,275.4,270.8,266.3,262.2,258.9,266.0,268.0,269.9,270.7,269.9,268.0,266.1,265.2,332.1,333.8,338.4,343.1,345.2,343.4,338.8,333.8,328.1,330.5,334.1,339.1,344.3,348.8,352.2,348.9,344.6,339.8,335.1,331.0,336.7,338.8,340.8,341.6,340.7,338.6,336.6,335.8,-2.3,-6.7,-8.6,-7.0,-2.8,1.9,3.5,1.9,-0.3,-2.5,-4.0,-4.9,-4.4,-2.8,-0.5,1.0,1.6,2.0,1.9,1.2,-0.4,0.3,-0.6,-2.5,-4.3,-5.0,-4.2,-2.3,-4.4,-8.8,-10.7,-9.2,-5.0,-0.7,1.3,0.1,-1.7,-4.3,-6.3,-7.2,-6.7,-5.3,-3.2,-1.5,-0.7,-0.3,-0.3,-0.5,-2.6,-1.9,-2.8,-4.7,-6.5,-7.2,-6.3,-4.4,656.1,656.9,657.7,658.0,657.6,657.0,655.9,655.7,659.3,657.2,655.4,654.9,656.0,657.9,659.8,657.7,655.6,654.6,655.2,657.0,657.1,657.2,657.6,658.0,658.1,658.0,657.7,657.3,700.0,701.3,703.0,704.1,704.0,702.7,701.1,700.1,700.3,699.7,699.6,700.6,703.1,706.4,709.7,706.2,702.8,700.4,699.3,699.6,701.9,702.4,703.1,703.6,703.7,703.2,702.5,701.9,369.9,31.5,824.9,-0.001,0.094,-0.070
817,0,1656521734.266,0.98,1,-0.084512,0.078423,-0.993332,-0.236819,0.076869,-0.968508,-0.162,0.079,561.6,563.0,566.8,570.7,572.5,571.4,567.4,563.5,556.0,558.7,562.4,566.6,570.6,573.8,576.0,573.7,570.4,566.6,562.6,558.9,565.4,567.1,568.8,569.4,568.6,566.8,565.2,564.6,607.3,608.3,611.5,615.1,616.9,615.9,612.6,608.8,603.8,606.1,609.3,613.1,616.5,618.9,620.5,619.1,616.8,613.8,610.2,606.6,610.5,612.1,613.5,613.9,613.2,611.6,610.2,609.7,231.2,227.2,225.4,226.9,230.7,235.0,236.5,235.0,233.0,231.0,229.6,228.8,229.2,230.7,232.8,234.2,234.7,235.1,235.0,234.4,232.9,233.5,232.7,231.0,229.3,228.7,229.4,231.2,229.4,225.7,224.0,225.3,228.9,232.6,234.3,233.2,231.7,229.5,227.8,227.0,227.4,228.6,230.5,231.9,232.6,233.0,232.9,232.7,230.9,231.5,230.8,229.2,227.6,227.0,227.8,229.4,261.8,263.7,268.1,272.5,274.3,272.9,268.1,263.7,257.0,259.1,262.4,266.8,271.6,275.8,279.1,275.7,271.2,266.6,262.6,259.2,266.4,268.3,270.2,271.0,270.3,268.3,266.4,265.6,332.6,334.4,339.0,343.7,345.8,344.0,339.4,334.4,328.7,331.1,334.7,339.7,344.9,349.4,352.8,349.5,345.2,340.4,335.8,331.6,337.3,339.4,341.4,342.2,341.3,339.2,337.2,336.4,-2.2,-6.5,-8.5,-6.9,-2.7,2.1,3.7,2.1,-0.1,-2.3,-3.9,-4.8,-4.3,-2.7,-0.4,1.1,1.7,2.1,2.0,1.4,-0.3,0.4,-0.5,-2.4,-4.2,-4.9,-4.1,-2.2,-4.4,-8.8,-10.7,-9.2,-5.0,-0.7,1.3,0.1,-1.7,-4.3,-6.3,-7.2,-6.7,-5.3,-3.2,-1.5,-0.6,-0.2,-0.3,-0.5,-2.6,-1.9,-2.8,-4.7,-6.5,-7.2,-6.3,-4.4,657.0,657.8,658.6,658.9,658.5,658.0,656.9,656.6,660.3,658.1,656.4,655.9,657.0,658.8,660.8,658.7,656.6,655.6,656.1,657.9,658.1,658.2,658.6,658.9,659.1,659.0,658.6,658.2,701.5,702.8,704.4,705.6,705.5,704.2,702.6,701.5,701.8,701.1,701.0,702.1,704.6,708.0,711.2,707.7,704.4,701.9,700.8,701.0,703.4,703.9,704.6,705.1,705.2,704.7,703.9,703.4,369.4,31.5,823.9,-0.001,0.090,-0.071
818,0,1656521734.299,0.98,1,-0.085691,0.080479,-0.993066,-0.238110,0.079825,-0.967952,-0.164,0.082,561.7,563.0,566.8,570.7,572.5,571.4,567.4,563.5,556.1,558.8,562.4,566.6,570.6,573.8,576.0,573.7,570.4,566.6,562.6,558.9,565.4,567.1,568.8,569.4,568.6,566.8,565.2,564.6,607.2,608.3,611.5,615.0,616.8,615.8,612.6,608.8,603.8,606.1,609.2,613.0,616.4,618.9,620.4,619.1,616.8,613.8,610.2,606.6,610.5,612.1,613.5,613.9,613.1,611.6,610.2,609.7,231.1,227.1,225.3,226.8,230.6,234.9,236.4,235.0,233.0,231.0,229.5,228.7,229.2,230.6,232.7,234.1,234.6,235.0,234.9,234.3,232.8,233.4,232.7,230.9,229.2,228.6,229.4,231.1,229.3,225.5,223.9,225.2,228.8,232.5,234.1,233.1,231.6,229.4,227.7,226.9,227.3,228.5,230.3,231.7,232.5,232.8,232.8,232.6,230.8,231.4,230.7,229.0,227.5,226.9,227.6,229.3,262.6,264.4,268.9,273.3,275.1,273.7,268.9,264.4,257.8,259.9,263.2,267.5,272.4,276.6,279.9,276.5,272.0,267.4,263.3,260.0,267.2,269.1,271.0,271.8,271.0,269.1,267.2,266.4,333.5,335.3,339.9,344.6,346.7,344.9,340.3,335.3,329.6,332.0,335.6,340.5,345.8,350.3,353.7,350.4,346.1,341.3,336.7,332.5,338.2,340.3,342.3,343.1,342.2,340.1,338.1,337.3,-2.3,-6.6,-8.6,-7.0,-2.8,1.9,3.6,2.0,-0.2,-2.4,-4.0,-4.9,-4.4,-2.8,-0.5,1.0,1.6,2.0,1.9,1.3,-0.4,0.3,-0.6,-2.5,-4.3,-5.0,-4.2,-2.3,-4.6,-8.9,-10.9,-9.4,-5.2,-0.8,1.1,-0.0,-1.8,-4.4,-6.4,-7.4,-6.8,-5.5,-3.4,-1.7,-0.8,-0.4,-0.4,-0.6,-2.7,-2.1,-2.9,-4.8,-6.7,-7.3,-6.5,-4.6,658.9,659.7,660.5,660.8,660.4,659.9,658.8,658.5,662.2,660.0,658.3,657.8,658.9,660.8,662.7,660.6,658.5,657.5,658.1,659.8,660.0,660.1,660.5,660.8,661.0,660.9,660.5,660.2,703.4,704.7,706.3,707.4,707.4,706.1,704.5,703.5,703.7,703.1,702.9,704.0,706.5,709.8,713.1,709.6,706.3,703.8,702.7,703.0,705.3,705.8,706.5,707.0,707.1,706.6,705.8,705.3,370.0,31.4,825.4,0.000,0.092,-0.071
819,0,1656521734.332,0.98,1,-0.091333,0.078952,-0.992686,-0.242374,0.077070,-0.967117,-0.169,0.079,561.6,563.0,566.7,570.7,572.5,571.4,567.4,563.4,556.0,558.7,562.3,566.5,570.6,573.8,576.0,573.7,570.4,566.5,562.6,558.9,565.4,567.1,568.7,569.4,568.6,566.8,565.2,564.6,607.1,608.1,611.4,615.0,616.8,615.8,612.5,608.7,603.6,606.0,609.1,612.9,616.4,618.8,620.4,619.1,616.7,613.7,610.1,606.5,610.4,612.0,613.4,613.8,613.1,611.5,610.1,609.6,231.2,227.2,225.4,226.9,230.8,235.1,236.6,235.1,233.1,231.1,229.6,228.8,229.3,230.8,232.9,234.3,234.8,235.2,235.1,234.5,233.0,233.6,232.8,231.1,229.4,228.7,229.5,231.3,229.4,225.7,224.0,225.3,228.9,232.6,234.3,233.3,231.8,229.5,227.8,227.0,227.4,228.6,230.5,231.9,232.7,233.0,233.0,232.8,231.0,231.6,230.8,229.2,227.6,227.1,227.8,229.4,261.2,263.1,267.5,271.9,273.7,272.2,267.4,263.0,256.5,258.5,261.8,266.1,271.0,275.2,278.4,275.1,270.6,266.0,261.9,258.7,265.8,267.7,269.6,270.4,269.6,267.7,265.8,265.0,331.1,332.8,337.4,342.1,344.2,342.4,337.8,332.9,327.2,329.6,333.1,338.0,343.3,347.8,351.2,347.9,343.6,338.9,334.2,330.1,335.8,337.8,339.8,340.6,339.7,337.6,335.6,334.9,-2.1,-6.5,-8.4,-6.8,-2.6,2.1,3.7,2.1,-0.1,-2.3,-3.9,-4.7,-4.2,-2.6,-0.3,1.2,1.8,2.2,2.1,1.5,-0.2,0.5,-0.4,-2.3,-4.1,-4.8,-4.0,-2.1,-4.3,-8.7,-10.7,-9.1,-5.0,-0.6,1.4,0.2,-1.6,-4.2,-6.2,-7.2,-6.7,-5.3,-3.2,-1.5,-0.6,-0.2,-0.2,-0.4,-2.5,-1.8,-2.7,-4.6,-6.4,-7.1,-6.2,-4.3,655.6,656.4,657.2,657.4,657.0,656.5,655.5,655.2,658.9,656.7,655.0,654.4,655.5,657.3,659.3,657.2,655.1,654.2,654.7,656.6,656.6,656.8,657.1,657.4,657.6,657.5,657.2,656.8,698.5,699.7,701.4,702.5,702.4,701.2,699.5,698.5,698.8,698.1,698.0,699.0,701.6,704.9,708.1,704.7,701.3,698.9,697.8,698.0,700.3,700.8,701.5,702.1,702.1,701.6,700.9,700.4,370.8,31.5,827.0,0.003,0.099,-0.076
820,0,1656521734.366,0.98,1,-0.089780,0.082600,-0.992531,-0.241140,0.080964,-0.967107,-0.167,0.083,561.5,562.9,566.6,570.6,572.4,571.3,567.3,563.3,555.9,558.6,562.3,566.4,570.5,573.6,575.9,573.6,570.3,566.4,562.5,558.8,565.3,567.0,568.6,569.2,568.5,566.7,565.1,564.5,607.2,608.2,611.4,615.0,616.8,615.8,612.5,608.7,603.7,606.0,609.1,612.9,616.4,618.8,620.4,619.0,616.7,613.7,610.1,606.5,610.4,612.0,613.4,613.9,613.1,611.5,610.1,609.6,231.2,227.2,225.4,226.9,230.8,235.1,236.6,235.1,233.1,231.1,229.6,228.8,229.3,230.7,232.8,234.2,234.8,235.1,235.1,234.5,232.9,233.6,232.8,231.0,229.3,228.7,229.5,231.2,229.4,225.6,224.0,225.3,228.8,232.6,234.2,233.2,231.7,229.5,227.8,226.9,227.4,228.6,230.4,231.8,232.6,233.0,232.9,232.7,230.9,231.5,230.8,229.1,227.6,227.0,227.7,229.4,262.2,264.1,268.5,272.9,274.7,273.3,268.5,264.1,257.5,259.5,262.8,267.1,272.0,276.2,279.5,276.1,271.6,267.0,263.0,259.7,266.8,268.7,270.6,271.4,270.6,268.7,266.8,266.0,332.7,334.5,339.1,343.8,345.8,344.1,339.5,334.5,328.8,331.2,334.8,339.7,344.9,349.4,352.9,349.6,345.2,340.5,335.8,331.7,337.4,339.5,341.5,342.2,341.3,339.3,337.3,336.5,-2.1,-6.5,-8.5,-6.9,-2.6,2.1,3.7,2.1,-0.1,-2.3,-3.9,-4.8,-4.2,-2.7,-0.3,1.2,1.8,2.2,2.1,1.4,-0.3,0.4,-0.4,-2.3,-4.2,-4.9,-4.0,-2.1,-4.4,-8.8,-10.8,-9.2,-5.1,-0.7,1.3,0.1,-1.7,-4.3,-6.3,-7.3,-6.7,-5.4,-3.3,-1.6,-0.7,-0.2,-0.3,-0.5,-2.6,-1.9,-2.8,-4.7,-6.5,-7.2,-6.3,-4.4,658.3,659.2,659.9,660.2,659.8,659.3,658.2,658.0,661.7,659.5,657.7,657.2,658.3,660.1,662.1,660.0,657.9,656.9,657.5,659.3,659.4,659.5,659.9,660.2,660.4,660.3,659.9,659.6,701.9,703.1,704.8,705.9,705.8,704.6,703.0,702.0,702.2,701.6,701.4,702.4,704.9,708.3,711.5,708.1,704.7,702.3,701.2,701.5,703.8,704.2,705.0,705.5,705.5,705.0,704.3,703.8,370.4,31.4,826.2,0.005,0.097,-0.075
821,0,1656521734.399,0.98,1,-0.093748,0.079765,-0.992396,-0.245538,0.076967,-0.966327,-0.172,0.080,561.5,562.9,566.7,570.6,572.4,571.3,567.3,563.3,555.9,558.6,562.3,566.5,570.6,573.7,575.9,573.6,570.3,566.4,562.5,558.8,565.3,567.0,568.7,569.3,568.5,566.8,565.1,564.5,607.2,608.2,611.4,615.0,616.8,615.8,612.5,608.7,603.7,606.0,609.1,613.0,616.4,618.9,620.5,619.1,616.8,613.7,610.1,606.5,610.4,612.0,613.4,613.9,613.1,611.5,610.1,609.7,231.2,227.2,225.4,226.9,230.8,235.1,236.6,235.1,233.1,231.0,229.6,228.8,229.3,230.8,232.9,234.3,234.9,235.2,235.1,234.5,232.9,233.6,232.8,231.1,229.4,228.7,229.5,231.2,229.5,225.8,224.1,225.4,229.0,232.7,234.4,233.4,231.9,229.6,227.9,227.0,227.5,228.7,230.6,232.0,232.8,233.2,233.1,232.9,231.1,231.7,230.9,229.3,227.7,227.1,227.9,229.5,261.1,263.0,267.4,271.8,273.6,272.1,267.3,262.9,256.4,258.5,261.7,266.0,270.9,275.1,278.3,275.0,270.4,265.9,261.8,258.6,265.7,267.6,269.5,270.3,269.5,267.6,265.7,264.9,331.1,332.9,337.4,342.1,344.2,342.4,337.8,332.8,327.2,329.6,333.1,338.0,343.3,347.8,351.2,347.9,343.6,338.8,334.2,330.1,335.8,337.8,339.8,340.6,339.7,337.6,335.6,334.9,-2.1,-6.5,-8.4,-6.8,-2.6,2.1,3.7,2.1,-0.1,-2.3,-3.9,-4.8,-4.2,-2.6,-0.2,1.3,1.8,2.2,2.1,1.5,-0.2,0.5,-0.4,-2.3,-4.1,-4.8,-4.0,-2.1,-4.3,-8.6,-10.6,-9.0,-4.8,-0.5,1.5,0.3,-1.5,-4.2,-6.2,-7.1,-6.6,-5.2,-3.0,-1.3,-0.4,-0.0,-0.0,-0.3,-2.4,-1.8,-2.6,-4.5,-6.3,-7.0,-6.2,-4.3,655.6,656.4,657.1,657.4,657.0,656.4,655.4,655.2,658.9,656.7,654.9,654.4,655.5,657.3,659.2,657.1,655.0,654.1,654.7,656.5,656.6,656.7,657.0,657.4,657.6,657.5,657.1,656.8,698.5,699.7,701.3,702.4,702.3,701.1,699.5,698.5,698.8,698.1,698.0,698.9,701.5,704.8,708.0,704.6,701.2,698.8,697.7,698.0,700.3,700.8,701.5,702.0,702.1,701.6,700.9,700.3,371.4,31.5,828.5,0.006,0.103,-0.075
822,0,1656521734.432,0.98,1,-0.088705,0.079605,-0.992872,-0.240281,0.077973,-0.967567,-0.166,0.080,561.5,562.9,566.7,570.6,572.5,571.3,567.3,563.4,555.9,558.6,562.3,566.5,570.6,573.7,575.9,573.7,570.3,566.5,562.5,558.8,565.3,567.0,568.7,569.3,568.5,566.8,565.1,564.5,607.3,608.3,611.6,615.1,616.9,615.9,612.7,608.8,603.8,606.1,609.3,613.1,616.5,619.0,620.5,619.2,616.9,613.8,610.3,606.6,610.6,612.1,613.6,614.0,613.2,611.6,610.2,609.8,231.2,227.2,225.4,226.9,230.8,235.1,236.6,235.1,233.1,231.0,229.6,228.8,229.3,230.7,232.9,234.2,234.8,235.1,235.0,234.5,232.9,233.6,232.8,231.0,229.3,228.7,229.5,231.2,229.4,225.7,224.0,225.3,228.9,232.6,234.3,233.3,231.8,229.5,227.8,227.0,227.4,228.6,230.5,231.9,232.7,233.0,233.0,232.8,231.0,231.6,230.8,229.2,227.6,227.0,227.8,229.4,260.9,262.7,267.1,271.5,273.3,271.9,267.1,262.7,256.1,258.2,261.4,265.8,270.7,274.9,278.1,274.7,270.2,265.7,261.6,258.3,265.4,267.3,269.3,270.1,269.3,267.3,265.4,264.6,331.0,332.7,337.3,342.0,344.1,342.3,337.7,332.7,327.0,329.4,333.0,337.9,343.2,347.7,351.1,347.8,343.5,338.7,334.1,329.9,335.6,337.7,339.7,340.5,339.6,337.5,335.5,334.7,-2.1,-6.5,-8.5,-6.8,-2.6,2.1,3.7,2.1,-0.1,-2.3,-3.9,-4.8,-4.2,-2.6,-0.3,1.2,1.8,2.1,2.0,1.4,-0.3,0.4,-0.4,-2.3,-4.2,-4.9,-4.0,-2.1,-4.4,-8.7,-10.7,-9.1,-5.0,-0.6,1.4,0.2,-1.6,-4.2,-6.2,-7.2,-6.6,-5.3,-3.1,-1.5,-0.6,-0.2,-0.2,-0.4,-2.5,-1.9,-2.7,-4.6,-6.4,-7.1,-6.3,-4.4,654.8,655.7,656.4,656.7,656.3,655.7,654.7,654.4,658.1,655.9,654.2,653.7,654.8,656.6,658.6,656.5,654.3,653.4,654.0,655.8,655.9,656.0,656.3,656.7,656.9,656.8,656.4,656.1,697.9,699.1,700.8,701.9,701.8,700.6,698.9,697.9,698.2,697.5,697.4,698.4,701.0,704.3,707.6,704.1,700.7,698.3,697.2,697.4,699.7,700.2,701.0,701.5,701.5,701.0,700.3,699.8,369.8,31.4,824.8,0.003,0.097,-0.073
823,0,1656521734.466,0.98,1,-0.086349,0.082269,-0.992862,-0.240251,0.080602,-0.967359,-0.165,0.083,561.5,562.9,566.6,570.6,572.4,571.2,567.2,563.3,555.9,558.6,562.2,566.4,570.5,573.6,575.8,573.6,570.2,566.4,562.4,558.8,565.2,567.0,568.6,569.2,568.4,566.7,565.1,564.5,607.2,608.2,611.5,615.0,616.8,615.8,612.6,608.7,603.7,606.0,609.2,613.0,616.4,618.9,620.4,619.1,616.8,613.7,610.2,606.5,610.5,612.0,613.4,613.9,613.1,611.5,610.1,609.7,231.3,227.3,225.5,227.0,230.8,235.2,236.6,235.1,233.1,231.1,229.7,228.9,229.4,230.8,232.9,234.3,234.8,235.2,235.1,234.5,233.0,233.6,232.9,231.1,229.4,228.8,229.5,231.3,229.4,225.7,224.0,225.3,228.9,232.6,234.3,233.3,231.7,229.5,227.8,227.0,227.5,228.6,230.4,231.8,232.6,233.0,233.0,232.8,231.0,231.5,230.8,229.2,227.6,227.0,227.8,229.4,261.7,263.6,268.0,272.4,274.2,272.8,267.9,263.5,256.9,259.0,262.3,266.6,271.5,275.7,279.0,275.6,271.1,266.5,262.4,259.1,266.3,268.2,270.1,270.9,270.1,268.2,266.3,265.5,332.9,334.6,339.2,343.9,346.0,344.2,339.6,334.7,329.0,331.4,335.0,339.9,345.1,349.6,353.1,349.8,345.4,340.7,336.0,331.9,337.6,339.6,341.6,342.4,341.5,339.4,337.4,336.7,-2.1,-6.4,-8.4,-6.8,-2.5,2.2,3.8,2.2,-0.1,-2.2,-3.8,-4.7,-4.1,-2.6,-0.3,1.2,1.8,2.2,2.1,1.5,-0.2,0.5,-0.3,-2.3,-4.1,-4.8,-4.0,-2.0,-4.4,-8.7,-10.7,-9.2,-5.0,-0.7,1.3,0.1,-1.6,-4.3,-6.2,-7.2,-6.7,-5.4,-3.2,-1.6,-0.6,-0.2,-0.2,-0.5,-2.6,-1.9,-2.8,-4.7,-6.5,-7.2,-6.3,-4.4,657.1,658.0,658.8,659.0,658.7,658.1,657.0,656.8,660.4,658.2,656.5,656.0,657.1,659.0,660.9,658.8,656.7,655.7,656.3,658.1,658.2,658.3,658.7,659.0,659.2,659.1,658.7,658.4,702.2,703.4,705.0,706.1,706.1,704.9,703.2,702.2,702.5,701.8,701.7,702.7,705.2,708.5,711.8,708.3,705.0,702.5,701.5,701.7,704.0,704.5,705.2,705.7,705.8,705.3,704.6,704.0,370.3,31.5,826.1,0.003,0.096,-0.075
824,0,1656521734.499,0.98,1,-0.086432,0.080975,-0.992962,-0.239947,0.079652,-0.967513,-0.165,0.082,561.5,562.8,566.6,570.5,572.4,571.2,567.2,563.3,555.9,558.6,562.2,566.4,570.5,573.6,575.8,573.6,570.2,566.4,562.4,558.8,565.2,567.0,568.6,569.2,568.4,566.7,565.0,564.4,607.1,608.1,611.3,614.9,616.7,615.7,612.5,608.6,603.6,605.9,609.1,612.9,616.3,618.8,620.3,619.0,616.7,613.6,610.0,606.4,610.4,611.9,613.3,613.8,613.0,611.4,610.0,609.6,231.2,227.2,225.4,226.9,230.8,235.1,236.6,235.1,233.1,231.1,229.6,228.8,229.3,230.8,232.9,234.2,234.8,235.1,235.1,234.5,232.9,233.6,232.8,231.1,229.4,228.7,229.5,231.3,229.3,225.6,223.9,225.3,228.8,232.5,234.2,233.2,231.7,229.4,227.7,226.9,227.4,228.5,230.4,231.8,232.6,232.9,232.9,232.7,230.9,231.5,230.7,229.1,227.6,227.0,227.7,229.3,261.5,263.4,267.8,272.2,274.0,272.6,267.8,263.4,256.7,258.8,262.1,266.4,271.3,275.5,278.8,275.4,270.9,266.3,262.3,259.0,266.1,268.0,269.9,270.7,269.9,268.0,266.1,265.3,332.4,334.2,338.7,343.4,345.5,343.7,339.2,334.2,328.5,330.9,334.5,339.4,344.6,349.1,352.6,349.3,344.9,340.2,335.5,331.4,337.1,339.1,341.2,341.9,341.0,339.0,337.0,336.2,-2.1,-6.5,-8.4,-6.8,-2.6,2.1,3.7,2.1,-0.1,-2.3,-3.8,-4.7,-4.2,-2.6,-0.3,1.2,1.8,2.2,2.1,1.4,-0.2,0.5,-0.4,-2.3,-4.2,-4.9,-4.0,-2.1,-4.4,-8.8,-10.8,-9.2,-5.1,-0.7,1.3,0.1,-1.7,-4.3,-6.3,-7.3,-6.8,-5.4,-3.3,-1.6,-0.7,-0.3,-0.3,-0.5,-2.6,-2.0,-2.8,-4.7,-6.6,-7.2,-6.4,-4.5,656.7,657.5,658.3,658.6,658.2,657.6,656.6,656.3,660.0,657.8,656.0,655.6,656.7,658.5,660.5,658.4,656.2,655.3,655.8,657.6,657.8,657.9,658.2,658.6,658.8,658.6,658.3,657.9,701.4,702.6,704.3,705.4,705.3,704.1,702.5,701.5,701.7,701.1,700.9,701.9,704.4,707.8,711.0,707.6,704.2,701.8,700.7,701.0,703.2,703.7,704.5,705.0,705.0,704.5,703.8,703.3,369.9,31.5,825.3,0.003,0.094,-0.074
825,0,1656521734.532,0.98,1,-0.090710,0.080676,-0.992604,-0.243298,0.079100,-0.966721,-0.169,0.081,561.6,562.9,566.7,570.6,572.4,571.3,567.3,563.4,556.0,558.7,562.3,566.5,570.6,573.7,575.9,573.7,570.3,566.5,562.5,558.9,565.3,567.1,568.7,569.3,568.5,566.8,565.1,564.5,607.1,608.2,611.4,615.0,616.8,615.8,612.5,608.7,603.7,606.0,609.1,612.9,616.4,618.9,620.4,619.1,616.7,613.7,610.1,606.5,610.4,612.0,613.4,613.9,613.1,611.5,610.1,609.6,231.3,227.3,225.5,226.9,230.8,235.1,236.6,235.2,233.2,231.1,229.7,228.8,229.3,230.8,232.9,234.3,234.8,235.2,235.1,234.5,233.0,233.6,232.8,231.1,229.4,228.7,229.5,231.3,229.4,225.7,224.0,225.3,228.9,232.6,234.3,233.3,231.8,229.5,227.8,227.0,227.4,228.6,230.5,231.9,232.7,233.0,233.0,232.8,231.0,231.6,230.8,229.2,227.6,227.0,227.8,229.4,261.7,263.5,267.9,272.3,274.1,272.7,267.9,263.5,256.9,259.0,262.2,266.6,271.5,275.7,278.9,275.5,271.0,266.5,262.4,259.1,266.2,268.2,270.1,270.9,270.1,268.1,266.2,265.4,331.8,333.6,338.2,342.9,344.9,343.1,338.6,333.6,327.9,330.3,333.9,338.8,344.0,348.5,352.0,348.7,344.3,339.6,334.9,330.8,336.5,338.6,340.6,341.3,340.4,338.4,336.4,335.6,-2.0,-6.4,-8.4,-6.8,-2.6,2.1,3.8,2.2,-0.0,-2.2,-3.8,-4.7,-4.2,-2.6,-0.3,1.2,1.8,2.2,2.1,1.5,-0.2,0.5,-0.4,-2.3,-4.1,-4.8,-4.0,-2.0,-4.4,-8.7,-10.7,-9.2,-5.0,-0.6,1.3,0.1,-1.6,-4.3,-6.2,-7.2,-6.7,-5.3,-3.2,-1.5,-0.6,-0.2,-0.2,-0.4,-2.6,-1.9,-2.7,-4.6,-6.5,-7.1,-6.3,-4.4,656.8,657.6,658.4,658.7,658.3,657.7,656.7,656.4,660.1,657.9,656.2,655.6,656.7,658.6,660.5,658.4,656.3,655.4,656.0,657.8,657.9,658.0,658.3,658.7,658.8,658.7,658.4,658.0,700.0,701.3,702.9,704.0,703.9,702.7,701.1,700.1,700.4,699.7,699.6,700.5,703.1,706.4,709.6,706.2,702.8,700.4,699.3,699.6,701.9,702.4,703.1,703.6,703.6,703.2,702.4,701.9,371.3,31.6,828.4,0.003,0.098,-0.072
826,0,1656521734.566,0.98,1,-0.088456,0.079891,-0.992871,-0.241569,0.078387,-0.967212,-0.167,0.081,561.4,562.8,566.5,570.5,572.3,571.2,567.2,563.2,555.8,558.5,562.1,566.3,570.4,573.5,575.8,573.5,570.2,566.3,562.4,558.7,565.2,566.9,568.5,569.1,568.3,566.6,565.0,564.4,607.0,608.1,611.3,614.9,616.7,615.7,612.4,608.6,603.6,605.9,609.0,612.8,616.3,618.7,620.3,618.9,616.6,613.6,610.0,606.4,610.3,611.9,613.3,613.8,613.0,611.4,610.0,609.5,231.2,227.2,225.4,226.9,230.7,235.0,236.5,235.1,233.1,231.0,229.6,228.8,229.3,230.7,232.8,234.2,234.7,235.1,235.0,234.4,232.9,233.5,232.7,231.0,229.3,228.7,229.4,231.2,229.3,225.6,223.9,225.2,228.8,232.5,234.2,233.2,231.6,229.4,227.7,226.9,227.3,228.5,230.3,231.8,232.5,232.9,232.9,232.7,230.9,231.4,230.7,229.1,227.5,226.9,227.7,229.3,261.9,263.7,268.1,272.6,274.4,272.9,268.1,263.7,257.1,259.2,262.5,266.8,271.7,275.9,279.1,275.8,271.3,266.7,262.6,259.3,266.4,268.4,270.3,271.1,270.3,268.4,266.4,265.6,332.4,334.2,338.7,343.4,345.5,343.7,339.1,334.2,328.5,330.9,334.5,339.4,344.6,349.1,352.6,349.3,344.9,340.2,335.5,331.4,337.1,339.1,341.1,341.9,341.0,339.0,337.0,336.2,-2.2,-6.5,-8.5,-6.9,-2.7,2.0,3.7,2.1,-0.1,-2.3,-3.9,-4.8,-4.3,-2.7,-0.4,1.1,1.7,2.1,2.0,1.4,-0.3,0.4,-0.5,-2.4,-4.2,-4.9,-4.1,-2.1,-4.5,-8.8,-10.8,-9.3,-5.1,-0.8,1.2,0.0,-1.8,-4.4,-6.4,-7.3,-6.8,-5.5,-3.3,-1.7,-0.8,-0.3,-0.3,-0.6,-2.7,-2.0,-2.9,-4.8,-6.6,-7.3,-6.4,-4.5,657.8,658.6,659.4,659.7,659.3,658.7,657.7,657.4,661.1,658.9,657.1,656.6,657.7,659.6,661.5,659.4,657.3,656.4,656.9,658.7,658.9,659.0,659.3,659.7,659.9,659.7,659.4,659.0,701.5,702.7,704.4,705.5,705.4,704.1,702.5,701.5,701.8,701.1,701.0,702.0,704.5,707.8,711.1,707.6,704.3,701.8,700.8,701.0,703.3,703.8,704.5,705.0,705.1,704.6,703.9,703.3,370.3,31.5,826.4,0.001,0.096,-0.073
827,0,1656521734.599,0.98,1,-0.088040,0.077400,-0.993105,-0.241713,0.075755,-0.967386,-0.167,0.078,561.6,563.0,566.7,570.6,572.4,571.3,567.3,563.4,556.0,558.7,562.3,566.5,570.6,573.7,575.9,573.6,570.3,566.5,562.6,558.9,565.4,567.1,568.7,569.3,568.5,566.8,565.2,564.6,607.2,608.2,611.4,615.0,616.8,615.7,612.5,608.7,603.7,606.0,609.1,612.9,616.3,618.8,620.4,619.0,616.7,613.7,610.1,606.5,610.4,612.0,613.4,613.8,613.1,611.5,610.1,609.6,231.0,227.0,225.3,226.7,230.6,234.9,236.4,234.9,232.9,230.9,229.4,228.6,229.1,230.6,232.7,234.0,234.6,234.9,234.8,234.3,232.7,233.4,232.6,230.8,229.2,228.5,229.3,231.0,229.3,225.6,223.9,225.2,228.8,232.5,234.2,233.1,231.6,229.4,227.7,226.9,227.4,228.5,230.4,231.8,232.5,232.9,232.8,232.6,230.8,231.4,230.7,229.1,227.5,226.9,227.7,229.3,262.9,264.7,269.1,273.6,275.4,273.9,269.1,264.7,258.1,260.2,263.4,267.8,272.7,276.9,280.1,276.7,272.2,267.7,263.6,260.3,267.4,269.4,271.3,272.1,271.3,269.4,267.4,266.6,333.9,335.7,340.2,344.9,347.0,345.2,340.6,335.6,330.0,332.4,335.9,340.9,346.1,350.6,354.0,350.7,346.4,341.6,337.0,332.9,338.5,340.6,342.6,343.4,342.5,340.4,338.4,337.7,-2.3,-6.7,-8.7,-7.1,-2.8,1.9,3.5,1.9,-0.3,-2.5,-4.1,-5.0,-4.4,-2.9,-0.5,0.9,1.5,1.9,1.8,1.2,-0.5,0.2,-0.6,-2.5,-4.4,-5.1,-4.2,-2.3,-4.5,-8.9,-10.9,-9.3,-5.1,-0.8,1.2,-0.0,-1.8,-4.4,-6.4,-7.4,-6.8,-5.5,-3.3,-1.6,-0.8,-0.4,-0.4,-0.6,-2.7,-2.0,-2.9,-4.8,-6.6,-7.3,-6.4,-4.5,659.7,660.6,661.3,661.6,661.2,660.6,659.6,659.3,663.0,660.8,659.1,658.6,659.7,661.5,663.5,661.4,659.2,658.3,658.9,660.7,660.8,660.9,661.2,661.6,661.8,661.7,661.3,661.0,704.3,705.6,707.2,708.3,708.2,706.9,705.3,704.3,704.6,704.0,703.8,704.8,707.3,710.6,713.9,710.4,707.1,704.6,703.6,703.9,706.1,706.6,707.3,707.9,707.9,707.4,706.7,706.2,371.3,31.5,828.4,-0.002,0.095,-0.071
828,0,1656521734.633,0.98,1,-0.087728,0.079533,-0.992964,-0.239461,0.077615,-0.967799,-0.165,0.080,561.5,562.8,566.6,570.5,572.3,571.2,567.2,563.3,555.9,558.6,562.2,566.4,570.5,573.6,575.8,573.6,570.2,566.4,562.4,558.8,565.2,567.0,568.6,569.2,568.4,566.7,565.0,564.4,607.1,608.2,611.4,615.0,616.8,615.7,612.5,608.6,603.7,606.0,609.2,613.0,616.4,618.8,620.4,619.0,616.7,613.7,610.1,606.5,610.4,612.0,613.4,613.8,613.1,611.5,610.1,609.6,231.0,227.0,225.2,226.7,230.6,234.9,236.4,234.9,232.9,230.9,229.5,228.7,229.1,230.6,232.6,234.0,234.6,234.9,234.8,234.3,232.7,233.4,232.6,230.8,229.2,228.5,229.3,231.0,229.3,225.6,223.9,225.2,228.8,232.5,234.2,233.1,231.6,229.4,227.7,226.9,227.4,228.6,230.4,231.8,232.5,232.9,232.8,232.6,230.8,231.4,230.7,229.1,227.5,226.9,227.7,229.3,262.1,263.9,268.3,272.8,274.6,273.1,268.3,263.9,257.3,259.4,262.6,267.0,271.9,276.1,279.3,276.0,271.5,266.9,262.8,259.5,266.6,268.6,270.5,271.3,270.5,268.6,266.6,265.8,333.4,335.2,339.8,344.5,346.5,344.7,340.1,335.2,329.5,331.9,335.5,340.4,345.6,350.2,353.6,350.3,345.9,341.2,336.5,332.4,338.1,340.1,342.2,342.9,342.0,340.0,338.0,337.2,-2.3,-6.7,-8.7,-7.1,-2.8,1.9,3.5,1.9,-0.3,-2.5,-4.0,-4.9,-4.4,-2.8,-0.6,0.9,1.5,1.9,1.8,1.2,-0.5,0.2,-0.6,-2.5,-4.4,-5.1,-4.2,-2.3,-4.6,-8.9,-10.9,-9.3,-5.1,-0.8,1.2,-0.0,-1.9,-4.4,-6.4,-7.3,-6.8,-5.4,-3.3,-1.6,-0.8,-0.4,-0.4,-0.6,-2.7,-2.0,-2.9,-4.8,-6.6,-7.3,-6.4,-4.5,658.1,658.9,659.7,660.0,659.6,659.1,658.0,657.7,661.4,659.2,657.5,657.0,658.1,659.9,661.9,659.8,657.7,656.7,657.3,659.1,659.2,659.3,659.6,660.0,660.2,660.1,659.7,659.4,703.4,704.6,706.3,707.4,707.3,706.1,704.4,703.4,703.7,703.0,702.9,703.9,706.4,709.7,713.0,709.5,706.2,703.7,702.7,702.9,705.2,705.7,706.4,707.0,707.0,706.5,705.8,705.2,369.8,31.4,824.8,-0.002,0.096,-0.074
829,0,1656521734.666,0.98,1,-0.087044,0.080345,-0.992959,-0.239480,0.078859,-0.967693,-0.165,0.081,561.6,563.0,566.7,570.7,572.5,571.4,567.4,563.4,556.1,558.8,562.4,566.5,570.6,573.7,575.9,573.7,570.4,566.6,562.6,558.9,565.4,567.1,568.7,569.3,568.6,566.8,565.2,564.6,607.2,608.2,611.4,615.0,616.7,615.7,612.5,608.7,603.7,606.0,609.1,612.9,616.3,618.8,620.3,619.0,616.7,613.7,610.1,606.5,610.4,612.0,613.4,613.8,613.0,611.5,610.1,609.6,231.2,227.2,225.4,226.9,230.7,235.0,236.5,235.0,233.0,231.0,229.6,228.8,229.2,230.7,232.8,234.2,234.7,235.1,235.0,234.4,232.9,233.5,232.7,231.0,229.3,228.7,229.4,231.2,229.3,225.6,223.9,225.2,228.8,232.5,234.2,233.2,231.6,229.4,227.7,226.9,227.3,228.5,230.3,231.7,232.5,232.9,232.9,232.7,230.9,231.4,230.7,229.1,227.5,226.9,227.7,229.3,262.7,264.6,269.0,273.4,275.2,273.8,269.0,264.6,257.9,260.0,263.3,267.6,272.5,276.7,280.0,276.6,272.1,267.6,263.5,260.2,267.3,269.2,271.1,271.9,271.1,269.2,267.3,266.5,333.6,335.4,339.9,344.6,346.7,344.9,340.3,335.4,329.7,332.1,335.7,340.6,345.8,350.3,353.8,350.5,346.1,341.4,336.7,332.6,338.3,340.3,342.3,343.1,342.2,340.2,338.1,337.4,-2.2,-6.5,-8.5,-6.9,-2.7,2.0,3.7,2.1,-0.1,-2.3,-3.9,-4.8,-4.3,-2.7,-0.4,1.1,1.7,2.1,2.0,1.4,-0.3,0.4,-0.5,-2.4,-4.2,-4.9,-4.1,-2.2,-4.5,-8.9,-10.9,-9.3,-5.1,-0.8,1.2,-0.0,-1.8,-4.4,-6.4,-7.3,-6.8,-5.5,-3.4,-1.7,-0.8,-0.3,-0.3,-0.6,-2.7,-2.0,-2.9,-4.8,-6.6,-7.3,-6.4,-4.5,659.3,660.1,660.9,661.1,660.8,660.2,659.2,658.9,662.6,660.4,658.6,658.1,659.2,661.1,663.0,660.9,658.8,657.9,658.4,660.2,660.3,660.5,660.8,661.2,661.3,661.2,660.9,660.5,703.8,705.0,706.6,707.7,707.7,706.5,704.8,703.8,704.1,703.4,703.3,704.3,706.8,710.1,713.4,709.9,706.6,704.1,703.1,703.3,705.6,706.1,706.8,707.3,707.4,706.9,706.2,705.6,371.0,31.4,827.3,0.001,0.094,-0.075
830,0,1656521734.699,0.98,1,-0.086840,0.081012,-0.992923,-0.241362,0.079519,-0.967172,-0.166,0.082,561.7,563.1,566.9,570.8,572.6,571.5,567.5,563.5,556.1,558.8,562.5,566.7,570.7,573.9,576.1,573.8,570.5,566.7,562.7,559.0,565.5,567.2,568.9,569.5,568.7,566.9,565.3,564.7,607.2,608.2,611.5,615.0,616.9,615.8,612.6,608.7,603.7,606.1,609.2,613.0,616.4,618.9,620.5,619.1,616.8,613.8,610.2,606.6,610.5,612.1,613.5,613.9,613.1,611.6,610.2,609.7,231.2,227.2,225.4,226.9,230.8,235.1,236.6,235.1,233.0,231.0,229.6,228.7,229.2,230.7,232.9,234.2,234.8,235.1,235.0,234.4,232.9,233.5,232.8,231.0,229.3,228.7,229.4,231.2,229.4,225.6,223.9,225.3,228.8,232.5,234.2,233.2,231.7,229.4,227.7,226.9,227.3,228.5,230.4,231.8,232.6,233.0,233.0,232.8,230.9,231.5,230.7,229.1,227.6,227.0,227.7,229.4,261.2,263.1,267.5,271.9,273.7,272.3,267.4,263.0,256.4,258.5,261.8,266.1,271.0,275.2,278.5,275.1,270.6,266.0,261.9,258.6,265.8,267.7,269.6,270.4,269.6,267.7,265.8,265.0,332.2,333.9,338.5,343.2,345.3,343.5,338.9,334.0,328.3,330.6,334.2,339.1,344.3,348.9,352.3,349.0,344.7,340.0,335.3,331.2,336.8,338.9,340.9,341.7,340.8,338.7,336.7,335.9,-2.1,-6.5,-8.5,-6.9,-2.6,2.1,3.7,2.1,-0.1,-2.3,-3.9,-4.8,-4.3,-2.7,-0.3,1.2,1.8,2.2,2.0,1.4,-0.3,0.4,-0.4,-2.3,-4.2,-4.9,-4.0,-2.1,-4.4,-8.8,-10.8,-9.2,-5.1,-0.7,1.3,0.1,-1.7,-4.3,-6.3,-7.3,-6.8,-5.5,-3.3,-1.6,-0.7,-0.2,-0.2,-0.5,-2.6,-2.0,-2.8,-4.7,-6.5,-7.2,-6.3,-4.4,655.3,656.1,656.9,657.2,656.8,656.2,655.2,654.9,658.6,656.4,654.6,654.1,655.3,657.1,659.1,657.0,654.8,653.9,654.4,656.2,656.4,656.5,656.8,657.2,657.4,657.2,656.9,656.5,700.6,701.8,703.4,704.5,704.5,703.3,701.6,700.6,700.9,700.2,700.1,701.1,703.6,706.9,710.2,706.7,703.4,700.9,699.9,700.1,702.4,702.9,703.6,704.1,704.2,703.7,703.0,702.4,371.5,31.3,828.5,0.006,0.095,-0.074
831,0,1656521734.733,0.98,1,-0.092962,0.081677,-0.992314,-0.244092,0.080296,-0.966422,-0.170,0.083,561.6,562.9,566.7,570.6,572.5,571.3,567.3,563.4,556.0,558.7,562.3,566.5,570.6,573.7,576.0,573.7,570.3,566.5,562.5,558.9,565.3,567.1,568.7,569.3,568.5,566.8,565.2,564.5,607.2,608.2,611.5,615.0,616.8,615.8,612.5,608.7,603.7,606.0,609.2,613.0,616.4,618.9,620.4,619.1,616.8,613.7,610.1,606.5,610.5,612.0,613.4,613.9,613.1,611.5,610.1,609.7,231.2,227.2,225.4,226.9,230.8,235.1,236.6,235.1,233.1,231.1,229.6,228.8,229.3,230.7,232.9,234.3,234.8,235.2,235.1,234.5,232.9,233.6,232.8,231.0,229.4,228.7,229.5,231.2,229.4,225.7,224.0,225.3,228.9,232.6,234.3,233.3,231.7,229.5,227.8,226.9,227.4,228.6,230.4,231.9,232.6,233.0,233.0,232.8,230.9,231.5,230.8,229.2,227.6,227.0,227.8,229.4,261.3,263.2,267.5,272.0,273.8,272.3,267.6,263.2,256.6,258.7,261.9,266.2,271.1,275.3,278.5,275.2,270.7,266.1,262.1,258.8,265.9,267.8,269.7,270.5,269.7,267.8,265.9,265.1,332.6,334.3,338.9,343.6,345.7,343.9,339.3,334.3,328.7,331.0,334.6,339.5,344.7,349.3,352.7,349.4,345.1,340.3,335.7,331.6,337.2,339.3,341.3,342.1,341.2,339.1,337.1,336.3,-2.1,-6.5,-8.4,-6.8,-2.6,2.1,3.7,2.1,-0.1,-2.3,-3.9,-4.8,-4.2,-2.6,-0.3,1.2,1.8,2.2,2.1,1.5,-0.2,0.5,-0.4,-2.3,-4.2,-4.9,-4.0,-2.1,-4.4,-8.7,-10.7,-9.2,-5.0,-0.7,1.3,0.1,-1.7,-4.3,-6.3,-7.3,-6.7,-5.4,-3.2,-1.5,-0.6,-0.2,-0.2,-0.4,-2.6,-1.9,-2.8,-4.7,-6.5,-7.2,-6.3,-4.4,656.0,656.8,657.5,657.7,657.3,656.8,655.8,655.6,659.3,657.1,655.3,654.8,655.8,657.6,659.6,657.5,655.4,654.5,655.1,657.0,657.0,657.1,657.4,657.8,657.9,657.8,657.5,657.2,701.5,702.7,704.3,705.4,705.4,704.2,702.5,701.6,701.8,701.2,701.0,702.0,704.5,707.8,711.1,707.6,704.3,701.9,700.8,701.1,703.3,703.8,704.5,705.1,705.1,704.6,703.9,703.4,372.0,31.3,829.5,0.007,0.100,-0.075
832,0,1656521734.766,0.98,1,-0.090650,0.079932,-0.992670,-0.241598,0.077875,-0.967247,-0.168,0.080,561.7,563.1,566.9,570.8,572.6,571.5,567.5,563.5,556.1,558.8,562.5,566.6,570.7,573.9,576.1,573.8,570.5,566.6,562.7,559.0,565.5,567.2,568.9,569.5,568.7,566.9,565.3,564.7,607.3,608.3,611.6,615.2,617.0,615.9,612.7,608.8,603.8,606.2,609.3,613.1,616.5,619.0,620.6,619.2,616.9,613.9,610.3,606.6,610.6,612.2,613.6,614.0,613.2,611.7,610.3,609.8,231.0,227.0,225.2,226.7,230.5,234.8,236.3,234.8,232.8,230.8,229.3,228.5,229.0,230.5,232.6,234.0,234.5,234.9,234.8,234.2,232.7,233.3,232.5,230.8,229.1,228.4,229.2,231.0,229.2,225.5,223.8,225.1,228.7,232.4,234.1,233.1,231.5,229.3,227.6,226.8,227.2,228.4,230.3,231.7,232.4,232.8,232.8,232.6,230.8,231.3,230.6,229.0,227.4,226.8,227.6,229.2,261.9,263.7,268.2,272.6,274.4,272.9,268.1,263.7,257.1,259.2,262.5,266.8,271.7,275.9,279.1,275.7,271.2,266.7,262.6,259.3,266.4,268.4,270.3,271.1,270.3,268.4,266.5,265.6,332.3,334.1,338.6,343.3,345.4,343.6,339.0,334.1,328.4,330.8,334.4,339.3,344.5,349.0,352.5,349.2,344.8,340.1,335.4,331.3,337.0,339.0,341.0,341.8,340.9,338.9,336.9,336.1,-2.4,-6.8,-8.7,-7.1,-2.9,1.8,3.4,1.8,-0.4,-2.6,-4.2,-5.0,-4.5,-2.9,-0.6,0.9,1.5,1.9,1.8,1.1,-0.5,0.2,-0.7,-2.6,-4.5,-5.2,-4.3,-2.4,-4.6,-9.0,-10.9,-9.4,-5.2,-0.9,1.1,-0.1,-1.9,-4.5,-6.5,-7.4,-6.9,-5.6,-3.4,-1.7,-0.9,-0.4,-0.5,-0.7,-2.8,-2.1,-3.0,-4.9,-6.7,-7.4,-6.5,-4.6,657.0,657.8,658.6,658.8,658.4,657.8,656.8,656.6,660.3,658.1,656.3,655.8,656.9,658.7,660.6,658.5,656.4,655.5,656.1,657.9,658.0,658.1,658.5,658.8,659.0,658.9,658.5,658.2,700.6,701.8,703.5,704.6,704.5,703.3,701.6,700.6,700.9,700.2,700.1,701.1,703.6,707.0,710.2,706.8,703.4,701.0,699.9,700.1,702.4,702.9,703.6,704.2,704.2,703.7,703.0,702.5,370.5,31.2,825.9,0.002,0.099,-0.075
833,0,1656521734.799,0.98,1,-0.092726,0.079181,-0.992538,-0.241520,0.077057,-0.967332,-0.169,0.080,561.8,563.2,566.9,570.9,572.7,571.5,567.5,563.6,556.3,559.0,562.6,566.7,570.8,573.9,576.1,573.9,570.5,566.7,562.8,559.1,565.6,567.3,568.9,569.5,568.7,567.0,565.4,564.8,607.4,608.4,611.6,615.2,617.0,616.0,612.7,608.9,603.9,606.2,609.4,613.2,616.6,619.0,620.6,619.2,616.9,613.9,610.3,606.7,610.6,612.2,613.6,614.1,613.3,611.7,610.3,609.8,230.9,226.9,225.1,226.6,230.4,234.7,236.2,234.7,232.7,230.7,229.3,228.5,228.9,230.4,232.5,233.9,234.4,234.8,234.7,234.1,232.6,233.2,232.4,230.7,229.0,228.4,229.1,230.9,229.1,225.4,223.8,225.1,228.7,232.4,234.1,233.0,231.5,229.2,227.6,226.8,227.3,228.4,230.3,231.7,232.4,232.8,232.7,232.5,230.7,231.3,230.6,229.0,227.4,226.8,227.5,229.2,263.5,265.3,269.7,274.1,275.9,274.5,269.7,265.3,258.7,260.8,264.0,268.4,273.3,277.4,280.7,277.3,272.8,268.3,264.2,260.9,268.0,269.9,271.9,272.7,271.9,269.9,268.0,267.2,333.2,335.0,339.5,344.3,346.3,344.5,339.9,334.9,329.3,331.7,335.3,340.2,345.4,349.9,353.3,350.0,345.7,340.9,336.3,332.2,337.8,339.9,341.9,342.7,341.8,339.8,337.7,337.0,-2.5,-6.9,-8.8,-7.2,-3.0,1.7,3.3,1.7,-0.5,-2.7,-4.3,-5.1,-4.6,-3.0,-0.7,0.8,1.4,1.8,1.7,1.0,-0.7,0.0,-0.8,-2.7,-4.6,-5.3,-4.4,-2.5,-4.7,-9.0,-11.0,-9.4,-5.2,-0.9,1.0,-0.2,-2.0,-4.6,-6.5,-7.5,-6.9,-5.6,-3.4,-1.7,-0.9,-0.5,-0.5,-0.8,-2.8,-2.2,-3.0,-4.9,-6.7,-7.4,-6.6,-4.7,660.6,661.4,662.2,662.4,662.0,661.5,660.4,660.2,663.9,661.7,659.9,659.4,660.5,662.3,664.3,662.2,660.1,659.2,659.7,661.5,661.6,661.7,662.1,662.4,662.6,662.5,662.2,661.8,702.4,703.6,705.3,706.4,706.3,705.0,703.4,702.4,702.6,702.0,701.9,702.9,705.4,708.7,712.0,708.5,705.2,702.7,701.6,701.9,704.2,704.7,705.4,705.9,706.0,705.5,704.8,704.2,370.7,31.2,826.1,0.001,0.100,-0.073
834,0,1656521734.833,0.98,1,-0.091861,0.076527,-0.992827,-0.242802,0.073538,-0.967285,-0.169,0.076,561.7,563.1,566.9,570.8,572.6,571.5,567.5,563.6,556.2,558.9,562.5,566.7,570.7,573.9,576.1,573.8,570.5,566.7,562.7,559.0,565.5,567.2,568.9,569.5,568.7,567.0,565.3,564.7,607.4,608.4,611.7,615.2,617.0,616.0,612.8,608.9,603.9,606.2,609.4,613.2,616.6,619.1,620.6,619.3,617.0,613.9,610.3,606.7,610.7,612.2,613.6,614.1,613.3,611.8,610.3,609.9,231.0,227.0,225.3,226.7,230.6,234.9,236.4,234.9,232.9,230.9,229.4,228.6,229.1,230.6,232.7,234.0,234.6,235.0,234.9,234.3,232.7,233.4,232.6,230.9,229.2,228.5,229.3,231.0,229.3,225.6,223.9,225.3,228.8,232.5,234.2,233.2,231.6,229.4,227.7,226.9,227.4,228.6,230.4,231.8,232.6,232.9,232.9,232.7,230.9,231.5,230.7,229.1,227.6,227.0,227.7,229.3,262.3,264.1,268.5,273.0,274.8,273.3,268.5,264.1,257.5,259.6,262.9,267.2,272.1,276.3,279.5,276.1,271.6,267.1,263.0,259.7,266.8,268.8,270.7,271.5,270.7,268.8,266.9,266.1,332.8,334.6,339.2,343.9,345.9,344.1,339.5,334.6,328.9,331.3,334.9,339.8,345.0,349.6,353.0,349.7,345.3,340.6,335.9,331.8,337.5,339.5,341.6,342.3,341.5,339.4,337.4,336.6,-2.3,-6.7,-8.6,-7.0,-2.8,1.9,3.5,1.9,-0.3,-2.5,-4.1,-5.0,-4.4,-2.8,-0.5,1.0,1.6,2.0,1.9,1.2,-0.5,0.2,-0.6,-2.5,-4.4,-5.1,-4.2,-2.3,-4.5,-8.8,-10.8,-9.2,-5.1,-0.7,1.2,0.0,-1.8,-4.4,-6.4,-7.3,-6.8,-5.4,-3.2,-1.6,-0.7,-0.3,-0.3,-0.6,-2.7,-2.0,-2.8,-4.7,-6.6,-7.2,-6.4,-4.5,657.9,658.7,659.4,659.7,659.3,658.7,657.7,657.5,661.2,659.0,657.2,656.7,657.8,659.6,661.5,659.4,657.4,656.4,657.0,658.8,658.9,659.0,659.4,659.7,659.9,659.8,659.5,659.1,701.5,702.8,704.4,705.5,705.4,704.2,702.5,701.6,701.8,701.2,701.0,702.0,704.6,707.9,711.1,707.7,704.3,701.9,700.8,701.1,703.4,703.8,704.6,705.1,705.1,704.7,703.9,703.4,371.7,31.4,828.4,-0.003,0.101,-0.074
835,0,1656521734.866,0.98,1,-0.091881,0.079449,-0.992595,-0.240842,0.076588,-0.967538,-0.168,0.079,561.7,563.1,566.9,570.8,572.6,571.5,567.5,563.6,556.2,558.9,562.5,566.7,570.7,573.9,576.1,573.8,570.5,566.7,562.7,559.0,565.5,567.2,568.9,569.5,568.7,567.0,565.3,564.7,607.4,608.4,611.7,615.3,617.1,616.0,612.8,608.9,603.9,606.3,609.4,613.2,616.7,619.1,620.7,619.3,617.0,614.0,610.4,606.7,610.7,612.2,613.7,614.1,613.3,611.8,610.4,609.9,231.0,227.0,225.2,226.7,230.5,234.8,236.3,234.8,232.8,230.8,229.4,228.6,229.0,230.5,232.6,234.0,234.5,234.9,234.8,234.2,232.7,233.3,232.5,230.8,229.1,228.4,229.2,231.0,229.2,225.5,223.8,225.2,228.8,232.5,234.1,233.1,231.5,229.3,227.6,226.8,227.3,228.5,230.3,231.7,232.5,232.8,232.8,232.6,230.8,231.4,230.7,229.0,227.5,226.9,227.6,229.2,262.0,263.9,268.3,272.7,274.5,273.1,268.3,263.9,257.3,259.3,262.6,266.9,271.8,276.0,279.3,275.9,271.4,266.8,262.8,259.5,266.6,268.5,270.4,271.2,270.4,268.5,266.6,265.8,331.7,333.5,338.1,342.8,344.8,343.0,338.4,333.5,327.8,330.2,333.8,338.7,343.9,348.4,351.9,348.6,344.2,339.5,334.8,330.7,336.4,338.4,340.4,341.2,340.3,338.3,336.3,335.5,-2.4,-6.8,-8.7,-7.1,-2.9,1.8,3.4,1.8,-0.4,-2.6,-4.1,-5.0,-4.5,-2.9,-0.6,0.9,1.5,1.9,1.8,1.2,-0.5,0.2,-0.7,-2.6,-4.5,-5.2,-4.3,-2.4,-4.6,-8.9,-10.9,-9.3,-5.1,-0.8,1.1,-0.1,-1.9,-4.5,-6.4,-7.4,-6.8,-5.5,-3.3,-1.7,-0.8,-0.4,-0.4,-0.7,-2.7,-2.1,-2.9,-4.8,-6.7,-7.3,-6.5,-4.6,657.2,658.0,658.8,659.0,658.6,658.1,657.1,656.9,660.6,658.4,656.6,656.0,657.1,658.9,660.9,658.8,656.7,655.8,656.4,658.2,658.3,658.4,658.7,659.1,659.2,659.1,658.8,658.5,699.1,700.4,702.0,703.2,703.1,701.9,700.2,699.2,699.4,698.8,698.7,699.7,702.2,705.6,708.8,705.3,702.0,699.5,698.4,698.7,701.0,701.5,702.2,702.7,702.8,702.3,701.6,701.0,370.4,31.3,825.3,-0.001,0.100,-0.075
836,0,1656521734.900,0.98,1,-0.094233,0.080858,-0.992261,-0.244598,0.078182,-0.966467,-0.171,0.081,561.8,563.1,566.9,570.8,572.6,571.5,567.5,563.6,556.2,558.9,562.5,566.7,570.7,573.9,576.1,573.8,570.5